TRIAL_TYPE	trial_variant	TRIAL_NUMBER	TRIAL_ITERATION_VAL	frame_tilt	rod_tilt	response	step_size	reversal	reversal_num	RT	probe_del	alpha_entrain_refreshes	rod_tilt_val
real	NL	1	1	15	  -20.00	0	    8.00	0	0	588258.00	-3	0	NULL
real	ML	2	1	-15	  -20.00	0	    8.00	0	0	596031.00	-3	0	NULL
real	KL	3	1	-15	  -20.00	0	    8.00	0	0	602424.00	15	0	NULL
real	RL	4	1	15	  -20.00	0	    8.00	0	0	 1066.63	-15	5	NULL
real	AL	5	1	-15	  -20.00	0	    8.00	0	0	  885.65	-15	7	NULL
real	BL	6	1	15	  -20.00	0	    8.00	0	0	  808.19	-15	7	NULL
real	HL	7	1	15	  -20.00	0	    8.00	0	0	  975.76	-3	5	NULL
real	ER	8	1	-15	   20.00	1	   -8.00	0	0	  883.99	-3	7	NULL
real	GR	9	1	15	   20.00	1	   -8.00	0	0	  769.54	-3	7	NULL
real	PL	10	1	15	  -20.00	0	    8.00	0	0	634248.00	15	5	NULL
real	DL	11	1	15	  -20.00	0	    8.00	0	0	638276.00	15	7	NULL
real	JR	12	1	15	   20.00	1	   -8.00	0	0	643567.00	-15	0	NULL
real	NR	13	1	15	   20.00	1	   -8.00	0	0	653825.00	-3	0	NULL
real	EL	14	1	-15	  -20.00	0	    8.00	0	0	  639.84	-3	7	NULL
real	DR	15	1	15	   20.00	1	   -8.00	0	0	661622.00	15	7	NULL
real	PR	16	1	15	   20.00	1	   -8.00	0	0	665405.00	15	5	NULL
real	OL	17	1	-15	  -20.00	0	    8.00	0	0	673982.00	15	5	NULL
real	KR	18	1	-15	   20.00	1	   -8.00	0	0	680117.00	15	0	NULL
real	CR	19	1	-15	   20.00	1	   -8.00	0	0	684179.00	15	7	NULL
real	GL	20	1	15	  -20.00	0	    8.00	0	0	  566.83	-3	7	NULL
real	CL	21	1	-15	  -20.00	0	    8.00	0	0	692088.00	15	7	NULL
real	HR	22	1	15	   20.00	1	   -8.00	0	0	  678.47	-3	5	NULL
real	JL	23	1	15	  -20.00	0	    8.00	0	0	700018.00	-15	0	NULL
real	BR	24	1	15	   20.00	1	   -8.00	0	0	  813.63	-15	7	NULL
real	LR	25	1	15	   20.00	1	   -8.00	0	0	707985.00	15	0	NULL
real	OR	26	1	-15	   20.00	1	   -8.00	0	0	711923.00	15	5	NULL
real	LL	27	1	15	  -20.00	0	    8.00	0	0	719906.00	15	0	NULL
real	FL	28	1	-15	  -20.00	0	    8.00	0	0	  896.96	-3	5	NULL
real	QR	29	1	-15	   20.00	1	   -8.00	0	0	  526.80	-15	5	NULL
real	IL	30	1	-15	  -20.00	0	    8.00	0	0	732874.00	-15	0	NULL
real	AR	31	1	-15	   20.00	1	   -8.00	0	0	  464.31	-15	7	NULL
real	IR	32	1	-15	   20.00	1	   -8.00	0	0	739822.00	-15	0	NULL
real	RR	33	1	15	   20.00	1	   -8.00	0	0	  517.78	-15	5	NULL
real	QL	34	1	-15	  -20.00	0	    8.00	0	0	  674.01	-15	5	NULL
real	FR	35	1	-15	   20.00	1	   -8.00	0	0	  461.47	-3	5	NULL
real	MR	36	1	-15	   20.00	1	   -8.00	0	0	758907.00	-3	0	NULL
real	CR	37	2	-15	   12.00	1	   -8.00	0	0	763325.00	15	7	NULL
real	QR	38	2	-15	   12.00	1	   -8.00	0	0	  712.99	-15	5	NULL
real	CL	39	2	-15	  -12.00	0	    8.00	0	0	771631.00	15	7	NULL
real	AL	40	2	-15	  -12.00	0	    8.00	0	0	  814.64	-15	7	NULL
real	JR	41	2	15	   12.00	1	   -8.00	0	0	779757.00	-15	0	NULL
real	RL	42	2	15	  -12.00	0	    8.00	0	0	  382.56	-15	5	NULL
real	NL	43	2	15	  -12.00	0	    8.00	0	0	786945.00	-3	0	NULL
real	IL	44	2	-15	  -12.00	0	    8.00	0	0	790391.00	-15	0	NULL
real	KR	45	2	-15	   12.00	1	   -8.00	0	0	794522.00	15	0	NULL
real	DR	46	2	15	   12.00	1	   -8.00	0	0	801932.00	15	7	NULL
real	QL	47	2	-15	  -12.00	0	    8.00	0	0	  455.29	-15	5	NULL
real	BL	48	2	15	  -12.00	0	    8.00	0	0	  755.71	-15	7	NULL
real	MR	49	2	-15	   12.00	1	   -8.00	0	0	812943.00	-3	0	NULL
real	LL	50	2	15	  -12.00	0	    8.00	0	0	816690.00	15	0	NULL
real	GL	51	2	15	  -12.00	0	    8.00	0	0	  375.38	-3	7	NULL
real	EL	52	2	-15	  -12.00	0	    8.00	0	0	  422.96	-3	7	NULL
real	DL	53	2	15	  -12.00	0	    8.00	0	0	827507.00	15	7	NULL
real	HL	54	2	15	  -12.00	0	    8.00	0	0	  619.57	-3	5	NULL
real	IR	55	2	-15	   12.00	1	   -8.00	0	0	835421.00	-15	0	NULL
real	LR	56	2	15	   12.00	1	   -8.00	0	0	843102.00	15	0	NULL
real	OL	57	2	-15	  -12.00	0	    8.00	0	0	846956.00	15	5	NULL
real	KL	58	2	-15	  -12.00	0	    8.00	0	0	860910.00	15	0	NULL
real	FL	59	2	-15	  -12.00	0	    8.00	0	0	  702.02	-3	5	NULL
real	PL	60	2	15	  -12.00	0	    8.00	0	0	869471.00	15	5	NULL
real	HR	61	2	15	   12.00	1	   -8.00	0	0	  552.73	-3	5	NULL
real	ER	62	2	-15	   12.00	1	   -8.00	0	0	  539.37	-3	7	NULL
real	ML	63	2	-15	  -12.00	0	    8.00	0	0	889777.00	-3	0	NULL
real	JL	64	2	15	  -12.00	0	    8.00	0	0	904616.00	-15	0	NULL
real	GR	65	2	15	   12.00	1	   -8.00	0	0	  604.54	-3	7	NULL
real	RR	66	2	15	   12.00	1	   -8.00	0	0	  829.19	-15	5	NULL
real	PR	67	2	15	   12.00	1	   -8.00	0	0	954379.00	15	5	NULL
real	BR	68	2	15	   12.00	1	   -8.00	0	0	  498.57	-15	7	NULL
real	NR	69	2	15	   12.00	1	   -8.00	0	0	961821.00	-3	0	NULL
real	AR	70	2	-15	   12.00	1	   -8.00	0	0	  457.73	-15	7	NULL
real	OR	71	2	-15	   12.00	1	   -8.00	0	0	969116.00	15	5	NULL
real	FR	72	2	-15	   12.00	1	   -8.00	0	0	  422.99	-3	5	NULL
real	FR	73	3	-15	    4.00	1	   -8.00	0	0	  412.32	-3	5	NULL
real	GL	74	3	15	   -4.00	0	    8.00	0	0	  489.49	-3	7	NULL
real	CR	75	3	-15	    4.00	1	   -8.00	0	0	985228.00	15	7	NULL
real	JL	76	3	15	   -4.00	0	    8.00	0	0	989568.00	-15	0	NULL
real	QL	77	3	-15	   -4.00	0	    8.00	0	0	  431.31	-15	5	NULL
real	KL	78	3	-15	   -4.00	0	    8.00	0	0	998667.00	15	0	NULL
real	PR	79	3	15	    4.00	1	   -8.00	0	0	1002761.00	15	5	NULL
real	HR	80	3	15	    4.00	0	    4.00	1	1	 1118.45	-3	5	NULL
real	OR	81	3	-15	    4.00	1	   -8.00	0	0	1012928.00	15	5	NULL
real	RR	82	3	15	    4.00	1	   -8.00	0	0	  865.71	-15	5	NULL
real	AL	83	3	-15	   -4.00	0	    8.00	0	0	  708.84	-15	7	NULL
real	IR	84	3	-15	    4.00	1	   -8.00	0	0	1031545.00	-15	0	NULL
real	KR	85	3	-15	    4.00	1	   -8.00	0	0	1042544.00	15	0	NULL
real	PL	86	3	15	   -4.00	0	    8.00	0	0	1046806.00	15	5	NULL
real	LL	87	3	15	   -4.00	0	    8.00	0	0	1051505.00	15	0	NULL
real	BR	88	3	15	    4.00	1	   -8.00	0	0	  661.18	-15	7	NULL
real	MR	89	3	-15	    4.00	1	   -8.00	0	0	1064793.00	-3	0	NULL
real	NL	90	3	15	   -4.00	0	    8.00	0	0	1069103.00	-3	0	NULL
real	CL	91	3	-15	   -4.00	0	    8.00	0	0	1074030.00	15	7	NULL
real	ER	92	3	-15	    4.00	1	   -8.00	0	0	  506.94	-3	7	NULL
real	LR	93	3	15	    4.00	1	   -8.00	0	0	1086044.00	15	0	NULL
real	ML	94	3	-15	   -4.00	0	    8.00	0	0	1103499.00	-3	0	NULL
real	DR	95	3	15	    4.00	1	   -8.00	0	0	1108135.00	15	7	NULL
real	BL	96	3	15	   -4.00	0	    8.00	0	0	  488.00	-15	7	NULL
real	IL	97	3	-15	   -4.00	0	    8.00	0	0	1115387.00	-15	0	NULL
real	NR	98	3	15	    4.00	1	   -8.00	0	0	1119317.00	-3	0	NULL
real	OL	99	3	-15	   -4.00	0	    8.00	0	0	1123289.00	15	5	NULL
real	QR	100	3	-15	    4.00	1	   -8.00	0	0	  458.32	-15	5	NULL
real	GR	101	3	15	    4.00	1	   -8.00	0	0	  601.34	-3	7	NULL
real	DL	102	3	15	   -4.00	0	    8.00	0	0	1142389.00	15	7	NULL
real	RL	103	3	15	   -4.00	0	    8.00	0	0	  984.86	-15	5	NULL
real	HL	104	3	15	   -4.00	0	    8.00	0	0	  602.63	-3	5	NULL
real	EL	105	3	-15	   -4.00	0	    8.00	0	0	 1532.01	-3	7	NULL
real	JR	106	3	15	    4.00	1	   -8.00	0	0	1164440.00	-15	0	NULL
real	FL	107	3	-15	   -4.00	0	    8.00	0	0	  818.30	-3	5	NULL
real	AR	108	3	-15	    4.00	1	   -8.00	0	0	  607.36	-15	7	NULL
real	BL	109	4	15	    4.00	1	   -4.00	1	1	  611.16	-15	7	NULL
real	CL	110	4	-15	    4.00	1	   -4.00	1	1	1183324.00	15	7	NULL
real	QL	111	4	-15	    4.00	1	   -4.00	1	1	  464.80	-15	5	NULL
real	JR	112	4	15	   -4.00	0	    4.00	1	1	1191668.00	-15	0	NULL
real	NR	113	4	15	   -4.00	0	    4.00	1	1	1196515.00	-3	0	NULL
real	AL	114	4	-15	    4.00	1	   -4.00	1	1	  601.56	-15	7	NULL
real	FR	115	4	-15	   -4.00	1	   -8.00	0	0	  965.27	-3	5	NULL
real	HL	116	4	15	    4.00	1	   -4.00	1	1	  810.31	-3	5	NULL
real	ER	117	4	-15	   -4.00	0	    4.00	1	1	  624.66	-3	7	NULL
real	GR	118	4	15	   -4.00	0	    4.00	1	1	  523.44	-3	7	NULL
real	DR	119	4	15	   -4.00	0	    4.00	1	1	1241669.00	15	7	NULL
real	AR	120	4	-15	   -4.00	0	    4.00	1	1	  754.64	-15	7	NULL
real	PR	121	4	15	   -4.00	0	    4.00	1	1	1250709.00	15	5	NULL
real	RL	122	4	15	    4.00	1	   -4.00	1	1	  454.59	-15	5	NULL
real	OR	123	4	-15	   -4.00	1	   -8.00	0	0	1259392.00	15	5	NULL
real	LL	124	4	15	    4.00	1	   -4.00	1	1	1263837.00	15	0	NULL
real	LR	125	4	15	   -4.00	0	    4.00	1	1	1268062.00	15	0	NULL
real	QR	126	4	-15	   -4.00	0	    4.00	1	1	  568.76	-15	5	NULL
real	OL	127	4	-15	    4.00	1	   -4.00	1	1	1275887.00	15	5	NULL
real	HR	128	4	15	    8.00	1	   -2.00	1	2	  441.76	-3	5	NULL
real	GL	129	4	15	    4.00	1	   -4.00	1	1	  490.20	-3	7	NULL
real	BR	130	4	15	   -4.00	0	    4.00	1	1	  572.02	-15	7	NULL
real	KR	131	4	-15	   -4.00	0	    4.00	1	1	1294159.00	15	0	NULL
real	CR	132	4	-15	   -4.00	0	    4.00	1	1	1299720.00	15	7	NULL
real	FL	133	4	-15	    4.00	1	   -4.00	1	1	  725.59	-3	5	NULL
real	JL	134	4	15	    4.00	1	   -4.00	1	1	1309170.00	-15	0	NULL
real	NL	135	4	15	    4.00	1	   -4.00	1	1	1313723.00	-3	0	NULL
real	EL	136	4	-15	    4.00	1	   -4.00	1	1	  646.85	-3	7	NULL
real	MR	137	4	-15	   -4.00	0	    4.00	1	1	1322059.00	-3	0	NULL
real	IR	138	4	-15	   -4.00	0	    4.00	1	1	1330168.00	-15	0	NULL
real	IL	139	4	-15	    4.00	1	   -4.00	1	1	1333557.00	-15	0	NULL
real	DL	140	4	15	    4.00	1	   -4.00	1	1	1337462.00	15	7	NULL
real	PL	141	4	15	    4.00	1	   -4.00	1	1	1341618.00	15	5	NULL
real	RR	142	4	15	   -4.00	0	    4.00	1	1	  599.86	-15	5	NULL
real	ML	143	4	-15	    4.00	1	   -4.00	1	1	1349294.00	-3	0	NULL
real	KL	144	4	-15	    4.00	1	   -4.00	1	1	1353482.00	15	0	NULL
real	BL	145	5	15	    0.00	0	    2.00	1	2	 1143.95	-15	7	NULL
real	FR	146	5	-15	  -12.00	0	    4.00	1	1	  482.39	-3	5	NULL
real	QL	147	5	-15	    0.00	1	   -4.00	0	1	  793.69	-15	5	NULL
real	KR	148	5	-15	    0.00	1	   -2.00	1	2	1371595.00	15	0	NULL
real	IL	149	5	-15	    0.00	1	   -4.00	0	1	1378988.00	-15	0	NULL
real	PL	150	5	15	    0.00	0	    2.00	1	2	1382788.00	15	5	NULL
real	OR	151	5	-15	  -12.00	0	    4.00	1	1	1387225.00	15	5	NULL
real	HR	152	5	15	    6.00	1	   -2.00	0	2	  452.25	-3	5	NULL
real	PR	153	5	15	    0.00	0	    4.00	0	1	1397557.00	15	5	NULL
real	KL	154	5	-15	    0.00	1	   -4.00	0	1	1401912.00	15	0	NULL
real	LR	155	5	15	    0.00	0	    4.00	0	1	1411223.00	15	0	NULL
real	IR	156	5	-15	    0.00	1	   -2.00	1	2	1415604.00	-15	0	NULL
real	MR	157	5	-15	    0.00	1	   -2.00	1	2	1420079.00	-3	0	NULL
real	AL	158	5	-15	    0.00	1	   -4.00	0	1	  687.74	-15	7	NULL
real	QR	159	5	-15	    0.00	1	   -2.00	1	2	 1433.26	-15	5	NULL
real	NL	160	5	15	    0.00	0	    2.00	1	2	1440830.00	-3	0	NULL
real	DL	161	5	15	    0.00	0	    2.00	1	2	1445983.00	15	7	NULL
real	LL	162	5	15	    0.00	0	    2.00	1	2	1450626.00	15	0	NULL
real	FL	163	5	-15	    0.00	1	   -4.00	0	1	  718.91	-3	5	NULL
real	JL	164	5	15	    0.00	0	    2.00	1	2	1459100.00	-15	0	NULL
real	CR	165	5	-15	    0.00	1	   -2.00	1	2	1463857.00	15	7	NULL
real	AR	166	5	-15	    0.00	1	   -2.00	1	2	  651.78	-15	7	NULL
real	HL	167	5	15	    0.00	0	    2.00	1	2	  474.03	-3	5	NULL
real	EL	168	5	-15	    0.00	1	   -4.00	0	1	  478.93	-3	7	NULL
real	JR	169	5	15	    0.00	1	   -2.00	1	2	1479872.00	-15	0	NULL
real	GR	170	5	15	    0.00	0	    4.00	0	1	  572.66	-3	7	NULL
real	DR	171	5	15	    0.00	0	    4.00	0	1	1487918.00	15	7	NULL
real	OL	172	5	-15	    0.00	1	   -4.00	0	1	1492044.00	15	5	NULL
real	BR	173	5	15	    0.00	1	   -2.00	1	2	  799.10	-15	7	NULL
real	NR	174	5	15	    0.00	0	    4.00	0	1	1503532.00	-3	0	NULL
real	CL	175	5	-15	    0.00	1	   -4.00	0	1	1507440.00	15	7	NULL
real	RR	176	5	15	    0.00	1	   -2.00	1	2	 1147.28	-15	5	NULL
real	ER	177	5	-15	    0.00	1	   -2.00	1	2	  607.25	-3	7	NULL
real	GL	178	5	15	    0.00	0	    2.00	1	2	  533.24	-3	7	NULL
real	ML	179	5	-15	    0.00	1	   -4.00	0	1	1525401.00	-3	0	NULL
real	RL	180	5	15	    0.00	1	   -4.00	0	1	  841.83	-15	5	NULL
real	DL	181	6	15	    2.00	1	   -1.00	1	3	1537425.00	15	7	NULL
real	BR	182	6	15	   -2.00	0	    1.00	1	3	  584.00	-15	7	NULL
real	FR	183	6	-15	   -8.00	0	    4.00	0	1	  833.90	-3	5	NULL
real	PL	184	6	15	    2.00	1	   -1.00	1	3	1551026.00	15	5	NULL
real	CL	185	6	-15	   -4.00	0	    2.00	1	2	1556035.00	15	7	NULL
real	QL	186	6	-15	   -4.00	0	    2.00	1	2	  693.64	-15	5	NULL
real	AR	187	6	-15	   -2.00	0	    1.00	1	3	  685.92	-15	7	NULL
real	BL	188	6	15	    2.00	1	   -1.00	1	3	  653.29	-15	7	NULL
real	KL	189	6	-15	   -4.00	0	    2.00	1	2	1571619.00	15	0	NULL
real	HR	190	6	15	    4.00	1	   -2.00	0	2	  532.97	-3	5	NULL
real	FL	191	6	-15	   -4.00	0	    2.00	1	2	  571.07	-3	5	NULL
real	DR	192	6	15	    4.00	1	   -2.00	1	2	1583058.00	15	7	NULL
real	NL	193	6	15	    2.00	0	    2.00	0	2	1588057.00	-3	0	NULL
real	LR	194	6	15	    4.00	1	   -2.00	1	2	1592807.00	15	0	NULL
real	JL	195	6	15	    2.00	1	   -1.00	1	3	1596736.00	-15	0	NULL
real	MR	196	6	-15	   -2.00	1	   -2.00	0	2	1603805.00	-3	0	NULL
real	IR	197	6	-15	   -2.00	0	    1.00	1	3	1619517.00	-15	0	NULL
real	HL	198	6	15	    2.00	1	   -1.00	1	3	  837.88	-3	5	NULL
real	QR	199	6	-15	   -2.00	0	    1.00	1	3	  735.71	-15	5	NULL
real	RR	200	6	15	   -2.00	0	    1.00	1	3	  795.84	-15	5	NULL
real	CR	201	6	-15	   -2.00	1	   -2.00	0	2	1638327.00	15	7	NULL
real	ML	202	6	-15	   -4.00	0	    2.00	1	2	1642871.00	-3	0	NULL
real	OL	203	6	-15	   -4.00	0	    2.00	1	2	1648556.00	15	5	NULL
real	RL	204	6	15	   -4.00	0	    2.00	1	2	  850.39	-15	5	NULL
real	IL	205	6	-15	   -4.00	0	    2.00	1	2	1657833.00	-15	0	NULL
real	GL	206	6	15	    2.00	1	   -1.00	1	3	  510.65	-3	7	NULL
real	LL	207	6	15	    2.00	1	   -1.00	1	3	1671037.00	15	0	NULL
real	NR	208	6	15	    4.00	1	   -2.00	1	2	1684347.00	-3	0	NULL
real	PR	209	6	15	    4.00	1	   -2.00	1	2	1688462.00	15	5	NULL
real	EL	210	6	-15	   -4.00	0	    2.00	1	2	  830.00	-3	7	NULL
real	ER	211	6	-15	   -2.00	1	   -2.00	0	2	  773.62	-3	7	NULL
real	OR	212	6	-15	   -8.00	0	    4.00	0	1	1703440.00	15	5	NULL
real	KR	213	6	-15	   -2.00	0	    1.00	1	3	1713812.00	15	0	NULL
real	AL	214	6	-15	   -4.00	0	    2.00	1	2	  637.23	-15	7	NULL
real	JR	215	6	15	   -2.00	1	   -2.00	0	2	1722794.00	-15	0	NULL
real	GR	216	6	15	    4.00	1	   -2.00	1	2	  607.94	-3	7	NULL
real	IR	217	7	-15	   -1.00	1	   -1.00	1	4	1743067.00	-15	0	NULL
real	LL	218	7	15	    1.00	1	   -1.00	0	3	1747724.00	15	0	NULL
real	KR	219	7	-15	   -1.00	1	   -1.00	1	4	1752334.00	15	0	NULL
real	FR	220	7	-15	   -4.00	0	    4.00	0	1	  536.77	-3	5	NULL
real	DR	221	7	15	    2.00	1	   -2.00	0	2	1761681.00	15	7	NULL
real	BL	222	7	15	    1.00	1	   -1.00	0	3	  578.98	-15	7	NULL
real	KL	223	7	-15	   -2.00	0	    2.00	0	2	1776122.00	15	0	NULL
real	DL	224	7	15	    1.00	0	    1.00	1	4	1780941.00	15	7	NULL
real	FL	225	7	-15	   -2.00	1	   -1.00	1	3	  671.10	-3	5	NULL
real	CR	226	7	-15	   -4.00	0	    1.00	1	3	1797902.00	15	7	NULL
real	HL	227	7	15	    1.00	1	   -1.00	0	3	  620.02	-3	5	NULL
real	NL	228	7	15	    4.00	1	   -1.00	1	3	1808665.00	-3	0	NULL
real	LR	229	7	15	    2.00	1	   -2.00	0	2	1818330.00	15	0	NULL
real	RR	230	7	15	   -1.00	1	   -1.00	1	4	  841.92	-15	5	NULL
real	PL	231	7	15	    1.00	1	   -1.00	0	3	1830461.00	15	5	NULL
real	MR	232	7	-15	   -4.00	1	   -2.00	0	2	1840387.00	-3	0	NULL
real	PR	233	7	15	    2.00	1	   -2.00	0	2	1845407.00	15	5	NULL
real	ML	234	7	-15	   -2.00	0	    2.00	0	2	1864241.00	-3	0	NULL
real	QR	235	7	-15	   -1.00	0	    1.00	0	3	  730.28	-15	5	NULL
real	AR	236	7	-15	   -1.00	1	   -1.00	1	4	  885.68	-15	7	NULL
real	GL	237	7	15	    1.00	0	    1.00	1	4	  743.74	-3	7	NULL
real	OR	238	7	-15	   -4.00	0	    4.00	0	1	2164804.00	15	5	NULL
real	CL	239	7	-15	   -2.00	1	   -1.00	1	3	2173294.00	15	7	NULL
real	OL	240	7	-15	   -2.00	0	    2.00	0	2	2177792.00	15	5	NULL
real	ER	241	7	-15	   -4.00	0	    1.00	1	3	  493.65	-3	7	NULL
real	HR	242	7	15	    2.00	1	   -2.00	0	2	  735.50	-3	5	NULL
real	JL	243	7	15	    1.00	1	   -1.00	0	3	2190527.00	-15	0	NULL
real	JR	244	7	15	   -4.00	0	    1.00	1	3	2194518.00	-15	0	NULL
real	IL	245	7	-15	   -2.00	0	    2.00	0	2	2198923.00	-15	0	NULL
real	AL	246	7	-15	   -2.00	0	    2.00	0	2	  679.48	-15	7	NULL
real	GR	247	7	15	    2.00	1	   -2.00	0	2	  494.98	-3	7	NULL
real	QL	248	7	-15	   -2.00	0	    2.00	0	2	  586.50	-15	5	NULL
real	BR	249	7	15	   -1.00	1	   -1.00	1	4	  747.94	-15	7	NULL
real	EL	250	7	-15	   -2.00	1	   -1.00	1	3	  442.11	-3	7	NULL
real	NR	251	7	15	    2.00	1	   -2.00	0	2	2230927.00	-3	0	NULL
real	RL	252	7	15	   -2.00	0	    2.00	0	2	  905.02	-15	5	NULL
real	KR	253	8	-15	   -2.00	1	   -1.00	0	4	2240918.00	15	0	NULL
real	IR	254	8	-15	   -2.00	0	    1.00	1	5	2245103.00	-15	0	NULL
real	PR	255	8	15	    0.00	1	   -2.00	0	2	2249200.00	15	5	NULL
real	AR	256	8	-15	   -2.00	0	    1.00	1	5	  822.42	-15	7	NULL
real	NR	257	8	15	    0.00	1	   -2.00	0	2	2257102.00	-3	0	NULL
real	DL	258	8	15	    2.00	1	   -1.00	1	5	2261034.00	15	7	NULL
real	CL	259	8	-15	   -3.00	0	    1.00	1	4	2265786.00	15	7	NULL
real	CR	260	8	-15	   -3.00	0	    1.00	0	3	2274068.00	15	7	NULL
real	MR	261	8	-15	   -6.00	0	    1.00	1	3	2280239.00	-3	0	NULL
real	BL	262	8	15	    0.00	1	   -1.00	0	3	  601.82	-15	7	NULL
real	ML	263	8	-15	    0.00	1	   -1.00	1	3	2290324.00	-3	0	NULL
real	RR	264	8	15	   -2.00	0	    1.00	1	5	  716.08	-15	5	NULL
real	HR	265	8	15	    0.00	1	   -2.00	0	2	 1088.74	-3	5	NULL
real	DR	266	8	15	    0.00	1	   -2.00	0	2	2305548.00	15	7	NULL
real	LL	267	8	15	    0.00	0	    1.00	1	4	2309839.00	15	0	NULL
real	OL	268	8	-15	    0.00	1	   -1.00	1	3	2315813.00	15	5	NULL
real	JR	269	8	15	   -3.00	0	    1.00	0	3	2320137.00	-15	0	NULL
real	JL	270	8	15	    0.00	1	   -1.00	0	3	2324754.00	-15	0	NULL
real	FR	271	8	-15	    0.00	1	   -2.00	1	2	  448.31	-3	5	NULL
real	HL	272	8	15	    0.00	0	    1.00	1	4	  922.43	-3	5	NULL
real	LR	273	8	15	    0.00	0	    1.00	1	3	2338516.00	15	0	NULL
real	OR	274	8	-15	    0.00	1	   -2.00	1	2	2343314.00	15	5	NULL
real	AL	275	8	-15	    0.00	1	   -1.00	1	3	  918.31	-15	7	NULL
real	ER	276	8	-15	   -3.00	0	    1.00	0	3	 1205.14	-3	7	NULL
real	IL	277	8	-15	    0.00	1	   -1.00	1	3	2357821.00	-15	0	NULL
real	KL	278	8	-15	    0.00	1	   -1.00	1	3	2362453.00	15	0	NULL
real	EL	279	8	-15	   -3.00	0	    1.00	1	4	  447.86	-3	7	NULL
real	GR	280	8	15	    0.00	0	    1.00	1	3	  536.20	-3	7	NULL
real	BR	281	8	15	   -2.00	0	    1.00	1	5	  523.10	-15	7	NULL
real	QL	282	8	-15	    0.00	1	   -1.00	1	3	  669.31	-15	5	NULL
real	QR	283	8	-15	    0.00	1	   -1.00	1	4	  594.94	-15	5	NULL
real	FL	284	8	-15	   -3.00	0	    1.00	1	4	  460.88	-3	5	NULL
real	GL	285	8	15	    2.00	1	   -1.00	1	5	  610.00	-3	7	NULL
real	NL	286	8	15	    3.00	1	   -1.00	0	3	2398813.00	-3	0	NULL
real	RL	287	8	15	    0.00	0	    2.00	0	2	  892.32	-15	5	NULL
real	PL	288	8	15	    0.00	0	    1.00	1	4	2407107.00	15	5	NULL
real	AR	289	9	-15	   -1.00	0	    1.00	0	5	  658.40	-15	7	NULL
real	LR	290	9	15	    1.00	1	   -1.00	1	4	2422675.00	15	0	NULL
real	CL	291	9	-15	   -2.00	1	   -1.00	1	5	2429835.00	15	7	NULL
real	KR	292	9	-15	   -3.00	0	    1.00	1	5	2434236.00	15	0	NULL
real	PL	293	9	15	    1.00	1	   -1.00	1	5	2443403.00	15	5	NULL
real	JR	294	9	15	   -2.00	0	    1.00	0	3	2448066.00	-15	0	NULL
real	EL	295	9	-15	   -2.00	1	   -1.00	1	5	  635.51	-3	7	NULL
real	RR	296	9	15	   -1.00	0	    1.00	0	5	  511.89	-15	5	NULL
real	HR	297	9	15	   -2.00	0	    1.00	1	3	  501.49	-3	5	NULL
real	BL	298	9	15	   -1.00	0	    1.00	1	4	  661.09	-15	7	NULL
real	ER	299	9	-15	   -2.00	1	   -1.00	1	4	  849.05	-3	7	NULL
real	BR	300	9	15	   -1.00	1	   -1.00	1	6	  735.71	-15	7	NULL
real	DL	301	9	15	    1.00	1	   -1.00	0	5	2482491.00	15	7	NULL
real	JL	302	9	15	   -1.00	1	   -1.00	0	3	2487189.00	-15	0	NULL
real	QL	303	9	-15	   -1.00	0	    1.00	1	4	  710.17	-15	5	NULL
real	NR	304	9	15	   -2.00	0	    1.00	1	3	2498425.00	-3	0	NULL
real	MR	305	9	-15	   -5.00	0	    1.00	0	3	2502361.00	-3	0	NULL
real	CR	306	9	-15	   -2.00	1	   -1.00	1	4	2506885.00	15	7	NULL
real	RL	307	9	15	    2.00	1	   -1.00	1	3	  531.16	-15	5	NULL
real	KL	308	9	-15	   -1.00	1	   -1.00	0	3	2517166.00	15	0	NULL
real	QR	309	9	-15	   -1.00	0	    1.00	1	5	  536.67	-15	5	NULL
real	GL	310	9	15	    1.00	0	    1.00	1	6	  945.04	-3	7	NULL
real	NL	311	9	15	    2.00	0	    1.00	1	4	2532568.00	-3	0	NULL
real	IR	312	9	-15	   -1.00	0	    1.00	0	5	2537445.00	-15	0	NULL
real	DR	313	9	15	   -2.00	0	    1.00	1	3	2547026.00	15	7	NULL
real	FL	314	9	-15	   -2.00	1	   -1.00	1	5	  551.24	-3	5	NULL
real	LL	315	9	15	    1.00	1	   -1.00	1	5	2556328.00	15	0	NULL
real	GR	316	9	15	    1.00	0	    1.00	0	3	  606.96	-3	7	NULL
real	PR	317	9	15	   -2.00	0	    1.00	1	3	2563859.00	15	5	NULL
real	OL	318	9	-15	   -1.00	1	   -1.00	0	3	2567835.00	15	5	NULL
real	FR	319	9	-15	   -2.00	1	   -2.00	0	2	  567.48	-3	5	NULL
real	AL	320	9	-15	   -1.00	0	    1.00	1	4	  631.37	-15	7	NULL
real	OR	321	9	-15	   -2.00	1	   -2.00	0	2	2580975.00	15	5	NULL
real	HL	322	9	15	    1.00	0	    1.00	0	4	  812.55	-3	5	NULL
real	ML	323	9	-15	   -1.00	1	   -1.00	0	3	2590856.00	-3	0	NULL
real	IL	324	9	-15	   -1.00	1	   -1.00	0	3	2595137.00	-15	0	NULL
real	LR	325	10	15	    0.00	1	   -1.00	0	4	2599522.00	15	0	NULL
real	RL	326	10	15	    1.00	1	   -1.00	0	3	  800.54	-15	5	NULL
real	JL	327	10	15	   -2.00	0	    1.00	1	4	2609225.00	-15	0	NULL
real	BR	328	10	15	   -2.00	0	    1.00	1	7	  652.96	-15	7	NULL
real	BL	329	10	15	    0.00	1	   -1.00	1	5	 1365.62	-15	7	NULL
real	FL	330	10	-15	   -3.00	0	    1.00	1	6	 1272.94	-3	5	NULL
real	IR	331	10	-15	    0.00	1	   -1.00	1	6	2628514.00	-15	0	NULL
real	QR	332	10	-15	    0.00	1	   -1.00	1	6	 1339.85	-15	5	NULL
real	IL	333	10	-15	   -2.00	0	    1.00	1	4	2637060.00	-15	0	NULL
real	DR	334	10	15	   -1.00	0	    1.00	0	3	2641994.00	15	7	NULL
real	KR	335	10	-15	   -2.00	1	   -1.00	1	6	2646680.00	15	0	NULL
real	NR	336	10	15	   -1.00	0	    1.00	0	3	2650971.00	-3	0	NULL
real	ER	337	10	-15	   -3.00	0	    1.00	1	5	 1057.69	-3	7	NULL
real	GL	338	10	15	    2.00	1	   -1.00	1	7	  726.39	-3	7	NULL
real	CL	339	10	-15	   -3.00	0	    1.00	1	6	2664062.00	15	7	NULL
real	PL	340	10	15	    0.00	0	    1.00	1	6	2672426.00	15	5	NULL
real	QL	341	10	-15	    0.00	1	   -1.00	1	5	  610.26	-15	5	NULL
real	GR	342	10	15	    2.00	1	   -1.00	1	4	  575.24	-3	7	NULL
real	CR	343	10	-15	   -3.00	0	    1.00	1	5	2687335.00	15	7	NULL
real	HL	344	10	15	    2.00	1	   -1.00	1	5	  666.38	-3	5	NULL
real	OR	345	10	-15	   -4.00	0	    1.00	1	3	2695424.00	15	5	NULL
real	HR	346	10	15	   -1.00	0	    1.00	0	3	  556.16	-3	5	NULL
real	JR	347	10	15	   -1.00	0	    1.00	0	3	2710789.00	-15	0	NULL
real	MR	348	10	-15	   -4.00	0	    1.00	0	3	2715848.00	-3	0	NULL
real	NL	349	10	15	    3.00	1	   -1.00	1	5	2720603.00	-3	0	NULL
real	ML	350	10	-15	   -2.00	1	   -1.00	0	3	2725077.00	-3	0	NULL
real	LL	351	10	15	    0.00	1	   -1.00	0	5	2731557.00	15	0	NULL
real	PR	352	10	15	   -1.00	0	    1.00	0	3	2735794.00	15	5	NULL
real	AL	353	10	-15	    0.00	0	    1.00	0	4	  740.93	-15	7	NULL
real	EL	354	10	-15	   -3.00	0	    1.00	1	6	  695.86	-3	7	NULL
real	AR	355	10	-15	    0.00	1	   -1.00	1	6	  912.75	-15	7	NULL
real	RR	356	10	15	    0.00	1	   -1.00	1	6	  640.74	-15	5	NULL
real	OL	357	10	-15	   -2.00	1	   -1.00	0	3	2754998.00	15	5	NULL
real	KL	358	10	-15	   -2.00	1	   -1.00	0	3	2759000.00	15	0	NULL
real	DL	359	10	15	    0.00	1	   -1.00	0	5	2763312.00	15	7	NULL
real	FR	360	10	-15	   -4.00	1	   -2.00	0	2	  682.23	-3	5	NULL
real	AR	361	11	-15	   -1.00	1	   -1.00	0	6	  714.21	-15	7	NULL
real	JR	362	11	15	    0.00	1	   -1.00	1	4	2775181.00	-15	0	NULL
real	FR	363	11	-15	   -6.00	0	    1.00	1	3	  611.31	-3	5	NULL
real	HR	364	11	15	    0.00	0	    1.00	0	3	  512.60	-3	5	NULL
real	HL	365	11	15	    1.00	1	   -1.00	0	5	  746.15	-3	5	NULL
real	KL	366	11	-15	   -3.00	0	    1.00	1	4	2810308.00	15	0	NULL
real	FL	367	11	-15	   -2.00	1	   -1.00	1	7	  620.25	-3	5	NULL
real	LR	368	11	15	   -1.00	0	    1.00	1	5	2818353.00	15	0	NULL
real	ML	369	11	-15	   -3.00	0	    1.00	1	4	2822705.00	-3	0	NULL
real	RL	370	11	15	    0.00	1	   -1.00	0	3	  560.07	-15	5	NULL
real	BL	371	11	15	   -1.00	0	    1.00	1	6	  711.34	-15	7	NULL
real	DL	372	11	15	   -1.00	1	   -1.00	0	5	2836908.00	15	7	NULL
real	PL	373	11	15	    1.00	1	   -1.00	1	7	2844895.00	15	5	NULL
real	KR	374	11	-15	   -3.00	0	    1.00	1	7	2849969.00	15	0	NULL
real	CR	375	11	-15	   -2.00	1	   -1.00	1	6	2854100.00	15	7	NULL
real	QL	376	11	-15	   -1.00	1	   -1.00	0	5	  622.60	-15	5	NULL
real	BR	377	11	15	   -1.00	0	    1.00	0	7	 1404.56	-15	7	NULL
real	OL	378	11	-15	   -3.00	1	   -1.00	0	3	2866313.00	15	5	NULL
real	QR	379	11	-15	   -1.00	1	   -1.00	0	6	  861.79	-15	5	NULL
real	DR	380	11	15	    0.00	0	    1.00	0	3	2875541.00	15	7	NULL
real	CL	381	11	-15	   -2.00	1	   -1.00	1	7	2879937.00	15	7	NULL
real	ER	382	11	-15	   -2.00	1	   -1.00	1	6	 1258.17	-3	7	NULL
real	EL	383	11	-15	   -2.00	1	   -1.00	1	7	  938.62	-3	7	NULL
real	RR	384	11	15	   -1.00	1	   -1.00	0	6	  868.61	-15	5	NULL
real	NR	385	11	15	    0.00	1	   -1.00	1	4	2908328.00	-3	0	NULL
real	NL	386	11	15	    2.00	0	    1.00	1	6	2914963.00	-3	0	NULL
real	GL	387	11	15	    1.00	1	   -1.00	0	7	 1756.26	-3	7	NULL
real	MR	388	11	-15	   -3.00	0	    1.00	0	3	2923746.00	-3	0	NULL
real	IL	389	11	-15	   -1.00	0	    1.00	0	4	2927339.00	-15	0	NULL
real	GR	390	11	15	    1.00	1	   -1.00	0	4	  629.01	-3	7	NULL
real	LL	391	11	15	   -1.00	0	    1.00	1	6	2935366.00	15	0	NULL
real	OR	392	11	-15	   -3.00	1	   -1.00	1	4	2939938.00	15	5	NULL
real	AL	393	11	-15	    1.00	1	   -1.00	1	5	  732.87	-15	7	NULL
real	IR	394	11	-15	   -1.00	0	    1.00	1	7	2949991.00	-15	0	NULL
real	JL	395	11	15	   -1.00	0	    1.00	0	4	2954037.00	-15	0	NULL
real	PR	396	11	15	    0.00	1	   -1.00	1	4	2961324.00	15	5	NULL
real	KL	397	12	-15	   -2.00	1	   -1.00	1	5	2966049.00	15	0	NULL
real	CL	398	12	-15	   -3.00	0	    1.00	1	8	2971613.00	15	7	NULL
real	DL	399	12	15	   -2.00	0	    1.00	1	6	2976379.00	15	7	NULL
real	LR	400	12	15	    0.00	0	    1.00	0	5	3051500.00	15	0	NULL
real	RL	401	12	15	   -1.00	1	   -1.00	0	3	 1197.99	-15	5	NULL
real	KR	402	12	-15	   -2.00	1	   -1.00	1	8	3059946.00	15	0	NULL
real	BL	403	12	15	    0.00	1	   -1.00	1	7	  458.21	-15	7	NULL
real	GR	404	12	15	    0.00	0	    1.00	1	5	  542.71	-3	7	NULL
real	QL	405	12	-15	   -2.00	0	    1.00	1	6	  637.48	-15	5	NULL
real	ER	406	12	-15	   -3.00	0	    1.00	1	7	  790.76	-3	7	NULL
real	NR	407	12	15	   -1.00	0	    1.00	1	5	3080428.00	-3	0	NULL
real	JL	408	12	15	    0.00	1	   -1.00	1	5	3084803.00	-15	0	NULL
real	DR	409	12	15	    1.00	1	   -1.00	1	4	3089299.00	15	7	NULL
real	GL	410	12	15	    0.00	0	    1.00	1	8	  805.01	-3	7	NULL
real	BR	411	12	15	    0.00	1	   -1.00	1	8	  527.10	-15	7	NULL
real	RR	412	12	15	   -2.00	0	    1.00	1	7	  622.06	-15	5	NULL
real	PR	413	12	15	   -1.00	0	    1.00	1	5	3106069.00	15	5	NULL
real	NL	414	12	15	    3.00	1	   -1.00	1	7	3114004.00	-3	0	NULL
real	MR	415	12	-15	   -2.00	1	   -1.00	1	4	3118440.00	-3	0	NULL
real	QR	416	12	-15	   -2.00	0	    1.00	1	7	  494.95	-15	5	NULL
real	FR	417	12	-15	   -5.00	0	    1.00	0	3	  550.42	-3	5	NULL
real	HR	418	12	15	    1.00	1	   -1.00	1	4	  638.85	-3	5	NULL
real	AL	419	12	-15	    0.00	1	   -1.00	0	5	  665.39	-15	7	NULL
real	IL	420	12	-15	    0.00	1	   -1.00	1	5	3145356.00	-15	0	NULL
real	EL	421	12	-15	   -3.00	0	    1.00	1	8	  632.52	-3	7	NULL
real	OR	422	12	-15	   -4.00	0	    1.00	1	5	3154629.00	15	5	NULL
real	IR	423	12	-15	    0.00	1	   -1.00	1	8	3159234.00	-15	0	NULL
real	OL	424	12	-15	   -4.00	0	    1.00	1	4	3164152.00	15	5	NULL
real	AR	425	12	-15	   -2.00	0	    1.00	1	7	  613.31	-15	7	NULL
real	CR	426	12	-15	   -3.00	1	   -1.00	0	6	3176722.00	15	7	NULL
real	HL	427	12	15	    0.00	0	    1.00	1	6	 1512.42	-3	5	NULL
real	JR	428	12	15	   -1.00	0	    1.00	1	5	3190934.00	-15	0	NULL
real	FL	429	12	-15	   -3.00	0	    1.00	1	8	 1785.96	-3	5	NULL
real	LL	430	12	15	    0.00	1	   -1.00	1	7	3201421.00	15	0	NULL
real	PL	431	12	15	    0.00	1	   -1.00	0	7	3206620.00	15	5	NULL
real	ML	432	12	-15	   -2.00	1	   -1.00	1	5	3210895.00	-3	0	NULL
real	GR	433	13	15	    1.00	1	   -1.00	1	6	  639.09	-3	7	NULL
real	NL	434	13	15	    2.00	1	   -1.00	0	7	3224780.00	-3	0	NULL
real	FR	435	13	-15	   -4.00	0	    1.00	0	3	  660.10	-3	5	NULL
real	AR	436	13	-15	   -1.00	0	    1.00	0	7	  797.74	-15	7	NULL
real	NR	437	13	15	    0.00	0	    1.00	0	5	3242731.00	-3	0	NULL
real	OR	438	13	-15	   -3.00	0	    1.00	0	5	3247915.00	15	5	NULL
real	PL	439	13	15	   -1.00	0	    1.00	1	8	3252529.00	15	5	NULL
real	IL	440	13	-15	   -1.00	0	    1.00	1	6	3264909.00	-15	0	NULL
real	CR	441	13	-15	   -4.00	0	    1.00	1	7	3270872.00	15	7	NULL
real	IR	442	13	-15	   -1.00	1	   -1.00	0	8	3276216.00	-15	0	NULL
real	GL	443	13	15	    1.00	1	   -1.00	1	9	  589.59	-3	7	NULL
real	HR	444	13	15	    0.00	0	    1.00	1	5	  763.71	-3	5	NULL
real	BR	445	13	15	   -1.00	0	    1.00	1	9	  964.02	-15	7	NULL
real	EL	446	13	-15	   -2.00	1	   -1.00	1	9	  724.14	-3	7	NULL
real	HL	447	13	15	    1.00	1	   -1.00	1	7	  663.79	-3	5	NULL
real	RR	448	13	15	   -1.00	0	    1.00	0	7	  771.19	-15	5	NULL
real	ML	449	13	-15	   -3.00	1	   -1.00	0	5	3321025.00	-3	0	NULL
real	MR	450	13	-15	   -3.00	1	   -1.00	0	4	3325425.00	-3	0	NULL
real	OL	451	13	-15	   -3.00	1	   -1.00	1	5	3329904.00	15	5	NULL
real	JR	452	13	15	    0.00	1	   -1.00	1	6	3339212.00	-15	0	NULL
real	KL	453	13	-15	   -3.00	0	    1.00	1	6	3355587.00	15	0	NULL
real	JL	454	13	15	   -1.00	0	    1.00	1	6	3369003.00	-15	0	NULL
real	KR	455	13	-15	   -3.00	0	    1.00	1	9	3373745.00	15	0	NULL
real	DL	456	13	15	   -1.00	1	   -1.00	1	7	3378859.00	15	7	NULL
real	DR	457	13	15	    0.00	1	   -1.00	0	4	3383520.00	15	7	NULL
real	LL	458	13	15	   -1.00	0	    1.00	1	8	3388219.00	15	0	NULL
real	QR	459	13	-15	   -1.00	0	    1.00	0	7	  781.55	-15	5	NULL
real	BL	460	13	15	   -1.00	1	   -1.00	0	7	  837.05	-15	7	NULL
real	QL	461	13	-15	   -1.00	0	    1.00	0	6	  777.81	-15	5	NULL
real	CL	462	13	-15	   -2.00	1	   -1.00	1	9	3408090.00	15	7	NULL
real	RL	463	13	15	   -2.00	0	    1.00	1	4	  642.75	-15	5	NULL
real	LR	464	13	15	    1.00	1	   -1.00	1	6	3425408.00	15	0	NULL
real	PR	465	13	15	    0.00	0	    1.00	0	5	3431798.00	15	5	NULL
real	FL	466	13	-15	   -2.00	1	   -1.00	1	9	  686.06	-3	5	NULL
real	ER	467	13	-15	   -2.00	1	   -1.00	1	8	  783.82	-3	7	NULL
real	AL	468	13	-15	   -1.00	1	   -1.00	0	5	  790.07	-15	7	NULL
real	BL	469	14	15	   -2.00	0	    1.00	1	8	 1489.98	-15	7	NULL
real	FR	470	14	-15	   -3.00	0	    1.00	0	3	  704.38	-3	5	NULL
real	JR	471	14	15	   -1.00	0	    1.00	1	7	3466071.00	-15	0	NULL
real	KL	472	14	-15	   -2.00	1	   -1.00	1	7	3470455.00	15	0	NULL
real	LR	473	14	15	    0.00	1	   -1.00	0	6	3475130.00	15	0	NULL
real	CR	474	14	-15	   -3.00	0	    1.00	0	7	3480206.00	15	7	NULL
real	HL	475	14	15	    0.00	0	    1.00	1	8	  658.49	-3	5	NULL
real	AL	476	14	-15	   -2.00	0	    1.00	1	6	  631.71	-15	7	NULL
real	AR	477	14	-15	    0.00	1	   -1.00	1	8	  512.81	-15	7	NULL
real	DL	478	14	15	   -2.00	0	    1.00	1	8	3499849.00	15	7	NULL
real	NL	479	14	15	    1.00	1	   -1.00	0	7	3505029.00	-3	0	NULL
real	JL	480	14	15	    0.00	1	   -1.00	1	7	3509344.00	-15	0	NULL
real	EL	481	14	-15	   -3.00	0	    1.00	1	10	  570.72	-3	7	NULL
real	LL	482	14	15	    0.00	1	   -1.00	1	9	3518323.00	15	0	NULL
real	CL	483	14	-15	   -3.00	1	   -1.00	0	9	3523269.00	15	7	NULL
real	IR	484	14	-15	   -2.00	0	    1.00	1	9	3530261.00	-15	0	NULL
real	PL	485	14	15	    0.00	0	    1.00	0	8	3535649.00	15	5	NULL
real	DR	486	14	15	   -1.00	0	    1.00	1	5	3540984.00	15	7	NULL
real	MR	487	14	-15	   -4.00	0	    1.00	1	5	3548892.00	-3	0	NULL
real	RL	488	14	15	   -1.00	1	   -1.00	1	5	  639.67	-15	5	NULL
real	BR	489	14	15	    0.00	1	   -1.00	1	10	  843.22	-15	7	NULL
real	HR	490	14	15	    1.00	1	   -1.00	1	6	 1183.26	-3	5	NULL
real	ER	491	14	-15	   -3.00	1	   -1.00	0	8	 1143.75	-3	7	NULL
real	ML	492	14	-15	   -4.00	0	    1.00	1	6	3574978.00	-3	0	NULL
real	KR	493	14	-15	   -2.00	1	   -1.00	1	10	3579759.00	15	0	NULL
real	PR	494	14	15	    1.00	1	   -1.00	1	6	3584367.00	15	5	NULL
real	FL	495	14	-15	   -3.00	0	    1.00	1	10	  659.79	-3	5	NULL
real	GR	496	14	15	    0.00	0	    1.00	1	7	  935.35	-3	7	NULL
real	QL	497	14	-15	    0.00	1	   -1.00	1	7	  562.77	-15	5	NULL
real	OR	498	14	-15	   -2.00	1	   -1.00	1	6	3611675.00	15	5	NULL
real	IL	499	14	-15	    0.00	1	   -1.00	1	7	3616753.00	-15	0	NULL
real	GL	500	14	15	    0.00	0	    1.00	1	10	  711.38	-3	7	NULL
real	OL	501	14	-15	   -4.00	0	    1.00	1	6	3626645.00	15	5	NULL
real	NR	502	14	15	    1.00	1	   -1.00	1	6	3632004.00	-3	0	NULL
real	QR	503	14	-15	    0.00	1	   -1.00	1	8	  832.00	-15	5	NULL
real	RR	504	14	15	    0.00	1	   -1.00	1	8	  745.82	-15	5	NULL
real	CL	505	15	-15	   -4.00	0	    1.00	1	10	3652183.00	15	7	NULL
real	LL	506	15	15	   -1.00	0	    1.00	1	10	3657003.00	15	0	NULL
real	HR	507	15	15	    0.00	1	   -1.00	0	6	 1489.36	-3	5	NULL
real	JL	508	15	15	   -1.00	0	    1.00	1	8	3666797.00	-15	0	NULL
real	RL	509	15	15	   -2.00	0	    1.00	1	6	  634.20	-15	5	NULL
real	ER	510	15	-15	   -4.00	0	    1.00	1	9	  584.75	-3	7	NULL
real	OL	511	15	-15	   -3.00	1	   -1.00	1	7	3684601.00	15	5	NULL
real	MR	512	15	-15	   -3.00	0	    1.00	0	5	3697762.00	-3	0	NULL
real	QL	513	15	-15	   -1.00	1	   -1.00	0	7	  720.09	-15	5	NULL
real	RR	514	15	15	   -1.00	0	    1.00	1	9	  978.42	-15	5	NULL
real	AL	515	15	-15	   -1.00	1	   -1.00	1	7	  574.85	-15	7	NULL
real	LR	516	15	15	   -1.00	0	    1.00	1	7	3715532.00	15	0	NULL
real	DR	517	15	15	    0.00	1	   -1.00	1	6	3719854.00	15	7	NULL
real	HL	518	15	15	    1.00	0	    1.00	0	8	  809.60	-3	5	NULL
real	ML	519	15	-15	   -3.00	0	    1.00	0	6	3731378.00	-3	0	NULL
real	GR	520	15	15	    1.00	1	   -1.00	1	8	  789.84	-3	7	NULL
real	BR	521	15	15	   -1.00	0	    1.00	1	11	  664.81	-15	7	NULL
real	FL	522	15	-15	   -2.00	1	   -1.00	1	11	  629.12	-3	5	NULL
real	KL	523	15	-15	   -3.00	1	   -1.00	0	7	3752564.00	15	0	NULL
real	JR	524	15	15	    0.00	1	   -1.00	1	8	3757442.00	-15	0	NULL
real	FR	525	15	-15	   -2.00	1	   -1.00	1	4	  792.96	-3	5	NULL
real	GL	526	15	15	    1.00	1	   -1.00	1	11	  666.48	-3	7	NULL
real	CR	527	15	-15	   -2.00	1	   -1.00	1	8	3771009.00	15	7	NULL
real	BL	528	15	15	   -1.00	0	    1.00	0	8	  840.21	-15	7	NULL
real	NR	529	15	15	    0.00	0	    1.00	1	7	3779737.00	-3	0	NULL
real	OR	530	15	-15	   -3.00	0	    1.00	1	7	3784486.00	15	5	NULL
real	PR	531	15	15	    0.00	1	   -1.00	0	6	3789080.00	15	5	NULL
real	KR	532	15	-15	   -3.00	0	    1.00	1	11	3793764.00	15	0	NULL
real	DL	533	15	15	   -1.00	0	    1.00	0	8	3798719.00	15	7	NULL
real	PL	534	15	15	    1.00	1	   -1.00	1	9	3803267.00	15	5	NULL
real	IL	535	15	-15	   -1.00	1	   -1.00	0	7	3807779.00	-15	0	NULL
real	NL	536	15	15	    0.00	0	    1.00	1	8	3811779.00	-3	0	NULL
real	EL	537	15	-15	   -2.00	0	    1.00	0	10	  828.42	-3	7	NULL
real	IR	538	15	-15	   -1.00	0	    1.00	0	9	3821373.00	-15	0	NULL
real	QR	539	15	-15	   -1.00	0	    1.00	1	9	  770.53	-15	5	NULL
real	AR	540	15	-15	   -1.00	0	    1.00	1	9	  686.42	-15	7	NULL
real	OR	541	16	-15	   -2.00	0	    1.00	0	7	3837053.00	15	5	NULL
real	MR	542	16	-15	   -2.00	1	   -1.00	1	6	3846267.00	-3	0	NULL
real	GR	543	16	15	    0.00	0	    1.00	1	9	  648.83	-3	7	NULL
real	JL	544	16	15	    0.00	0	    1.00	0	8	3854718.00	-15	0	NULL
real	DL	545	16	15	    0.00	0	    1.00	0	8	3859226.00	15	7	NULL
real	LR	546	16	15	    0.00	0	    1.00	0	7	3863681.00	15	0	NULL
real	PL	547	16	15	    0.00	0	    1.00	1	10	3868299.00	15	5	NULL
real	NR	548	16	15	    1.00	0	    1.00	0	7	3872590.00	-3	0	NULL
real	GL	549	16	15	    0.00	0	    1.00	1	12	  624.96	-3	7	NULL
real	EL	550	16	-15	   -1.00	1	   -1.00	1	11	  575.10	-3	7	NULL
real	KL	551	16	-15	   -4.00	0	    1.00	1	8	3885051.00	15	0	NULL
real	FR	552	16	-15	   -3.00	1	   -1.00	0	4	  640.85	-3	5	NULL
real	AR	553	16	-15	    0.00	1	   -1.00	1	10	  811.97	-15	7	NULL
real	ER	554	16	-15	   -3.00	0	    1.00	0	9	  522.31	-3	7	NULL
real	IL	555	16	-15	   -2.00	0	    1.00	1	8	3902226.00	-15	0	NULL
real	CL	556	16	-15	   -3.00	0	    1.00	0	10	3909897.00	15	7	NULL
real	BR	557	16	15	    0.00	1	   -1.00	1	12	  856.11	-15	7	NULL
real	OL	558	16	-15	   -4.00	0	    1.00	1	8	3918434.00	15	5	NULL
real	QL	559	16	-15	   -2.00	0	    1.00	1	8	  722.77	-15	5	NULL
real	NL	560	16	15	    1.00	1	   -1.00	1	9	3926417.00	-3	0	NULL
real	QR	561	16	-15	    0.00	1	   -1.00	1	10	  817.75	-15	5	NULL
real	JR	562	16	15	   -1.00	0	    1.00	1	9	3934811.00	-15	0	NULL
real	ML	563	16	-15	   -2.00	1	   -1.00	1	7	3939117.00	-3	0	NULL
real	LL	564	16	15	    0.00	0	    1.00	0	10	3944014.00	15	0	NULL
real	AL	565	16	-15	   -2.00	0	    1.00	1	8	 1169.34	-15	7	NULL
real	BL	566	16	15	    0.00	1	   -1.00	1	9	  805.47	-15	7	NULL
real	RR	567	16	15	    0.00	1	   -1.00	1	10	  533.64	-15	5	NULL
real	HL	568	16	15	    2.00	1	   -1.00	1	9	  593.77	-3	5	NULL
real	PR	569	16	15	   -1.00	0	    1.00	1	7	3967671.00	15	5	NULL
real	HR	570	16	15	   -1.00	0	    1.00	1	7	  634.12	-3	5	NULL
real	RL	571	16	15	   -1.00	0	    1.00	0	6	  713.36	-15	5	NULL
real	FL	572	16	-15	   -3.00	0	    1.00	1	12	 1072.86	-3	5	NULL
real	CR	573	16	-15	   -3.00	0	    1.00	1	9	3987556.00	15	7	NULL
real	KR	574	16	-15	   -2.00	1	   -1.00	1	12	3991534.00	15	0	NULL
real	DR	575	16	15	   -1.00	0	    1.00	1	7	3995678.00	15	7	NULL
real	IR	576	16	-15	    0.00	1	   -1.00	1	10	3999239.00	-15	0	NULL
real	PR	577	17	15	    0.00	0	    1.00	0	7	4003431.00	15	5	NULL
real	OR	578	17	-15	   -1.00	1	   -1.00	1	8	4008746.00	15	5	NULL
real	EL	579	17	-15	   -2.00	1	   -1.00	0	11	  532.69	-3	7	NULL
real	HR	580	17	15	    0.00	0	    1.00	0	7	  604.31	-3	5	NULL
real	GR	581	17	15	    1.00	1	   -1.00	1	10	  548.44	-3	7	NULL
real	PL	582	17	15	    1.00	1	   -1.00	1	11	4024019.00	15	5	NULL
real	CL	583	17	-15	   -2.00	1	   -1.00	1	11	4028031.00	15	7	NULL
real	NL	584	17	15	    0.00	0	    1.00	1	10	4031865.00	-3	0	NULL
real	JL	585	17	15	    1.00	1	   -1.00	1	9	4035527.00	-15	0	NULL
real	MR	586	17	-15	   -3.00	0	    1.00	1	7	4039167.00	-3	0	NULL
real	IR	587	17	-15	   -1.00	1	   -1.00	0	10	4042862.00	-15	0	NULL
real	DR	588	17	15	    0.00	0	    1.00	0	7	4047026.00	15	7	NULL
real	DL	589	17	15	    1.00	1	   -1.00	1	9	4051492.00	15	7	NULL
real	NR	590	17	15	    2.00	1	   -1.00	1	8	4055448.00	-3	0	NULL
real	AR	591	17	-15	   -1.00	0	    1.00	1	11	  953.26	-15	7	NULL
real	FR	592	17	-15	   -4.00	0	    1.00	1	5	  679.33	-3	5	NULL
real	CR	593	17	-15	   -2.00	1	   -1.00	1	10	4069638.00	15	7	NULL
real	ER	594	17	-15	   -2.00	1	   -1.00	1	10	  755.29	-3	7	NULL
real	ML	595	17	-15	   -3.00	0	    1.00	1	8	4078728.00	-3	0	NULL
real	QL	596	17	-15	   -1.00	1	   -1.00	1	9	  806.56	-15	5	NULL
real	KL	597	17	-15	   -3.00	0	    1.00	0	8	4086903.00	15	0	NULL
real	LL	598	17	15	    1.00	1	   -1.00	1	11	4091546.00	15	0	NULL
real	OL	599	17	-15	   -3.00	0	    1.00	0	8	4097797.00	15	5	NULL
real	AL	600	17	-15	   -1.00	0	    1.00	0	8	 1046.50	-15	7	NULL
real	HL	601	17	15	    1.00	1	   -1.00	0	9	  620.26	-3	5	NULL
real	QR	602	17	-15	   -1.00	0	    1.00	1	11	  897.75	-15	5	NULL
real	LR	603	17	15	    1.00	1	   -1.00	1	8	4114449.00	15	0	NULL
real	JR	604	17	15	    0.00	1	   -1.00	1	10	4123282.00	-15	0	NULL
real	RR	605	17	15	   -1.00	0	    1.00	1	11	  612.96	-15	5	NULL
real	RL	606	17	15	    0.00	1	   -1.00	1	7	 1526.15	-15	5	NULL
real	IL	607	17	-15	   -1.00	0	    1.00	0	8	4135308.00	-15	0	NULL
real	BL	608	17	15	   -1.00	0	    1.00	1	10	  707.21	-15	7	NULL
real	LL	609	18	15	    0.00	0	    1.00	1	12	4143176.00	15	0	NULL
real	AL	610	18	-15	    0.00	1	   -1.00	1	9	  777.59	-15	7	NULL
real	RR	611	18	15	    0.00	1	   -1.00	1	12	  820.27	-15	5	NULL
real	HR	612	18	15	    1.00	0	    1.00	0	7	  499.42	-3	5	NULL
real	DR	613	18	15	    1.00	0	    1.00	0	7	4167333.00	15	7	NULL
real	ER	614	18	-15	   -3.00	0	    1.00	1	11	  554.30	-3	7	NULL
real	AR	615	18	-15	    0.00	1	   -1.00	1	12	  521.55	-15	7	NULL
real	MR	616	18	-15	   -2.00	0	    1.00	0	7	4179480.00	-3	0	NULL
real	IL	617	18	-15	    0.00	1	   -1.00	1	9	4183234.00	-15	0	NULL
real	RL	618	18	15	   -1.00	0	    1.00	1	8	  592.77	-15	5	NULL
real	JL	619	18	15	    0.00	1	   -1.00	0	9	4190539.00	-15	0	NULL
real	NL	620	18	15	    1.00	0	    1.00	0	10	4194313.00	-3	0	NULL
real	LR	621	18	15	    0.00	0	    1.00	1	9	4198404.00	15	0	NULL
real	ML	622	18	-15	   -2.00	1	   -1.00	1	9	4202719.00	-3	0	NULL
real	PR	623	18	15	    1.00	1	   -1.00	1	8	4206988.00	15	5	NULL
real	EL	624	18	-15	   -3.00	0	    1.00	1	12	  570.84	-3	7	NULL
real	IR	625	18	-15	   -2.00	0	    1.00	1	11	4214320.00	-15	0	NULL
real	OL	626	18	-15	   -2.00	1	   -1.00	1	9	4218316.00	15	5	NULL
real	NR	627	18	15	    1.00	1	   -1.00	0	8	4222754.00	-3	0	NULL
real	BL	628	18	15	    0.00	1	   -1.00	1	11	  607.77	-15	7	NULL
real	GR	629	18	15	    0.00	0	    1.00	1	11	  545.34	-3	7	NULL
real	DL	630	18	15	    0.00	1	   -1.00	0	9	4234314.00	15	7	NULL
real	QR	631	18	-15	    0.00	1	   -1.00	1	12	  514.03	-15	5	NULL
real	HL	632	18	15	    0.00	0	    1.00	1	10	  529.73	-3	5	NULL
real	CL	633	18	-15	   -3.00	1	   -1.00	0	11	4245720.00	15	7	NULL
real	KL	634	18	-15	   -2.00	1	   -1.00	1	9	4251054.00	15	0	NULL
real	JR	635	18	15	   -1.00	0	    1.00	1	11	4254801.00	-15	0	NULL
real	OR	636	18	-15	   -2.00	1	   -1.00	0	8	4259004.00	15	5	NULL
real	PL	637	18	15	    0.00	0	    1.00	1	12	4262980.00	15	5	NULL
real	QL	638	18	-15	   -2.00	0	    1.00	1	10	 1166.29	-15	5	NULL
real	CR	639	18	-15	   -3.00	0	    1.00	1	11	4271942.00	15	7	NULL
real	FR	640	18	-15	   -3.00	0	    1.00	0	5	  972.20	-3	5	NULL
real	AL	641	19	-15	   -1.00	1	   -1.00	0	9	  550.95	-15	7	NULL
real	PR	642	19	15	    0.00	0	    1.00	1	9	4283773.00	15	5	NULL
real	CR	643	19	-15	   -2.00	1	   -1.00	1	12	4288063.00	15	7	NULL
real	ER	644	19	-15	   -2.00	1	   -1.00	1	12	  607.06	-3	7	NULL
real	NR	645	19	15	    0.00	0	    1.00	1	9	4295621.00	-3	0	NULL
real	KL	646	19	-15	   -3.00	1	   -1.00	0	9	4299519.00	15	0	NULL
real	IL	647	19	-15	   -1.00	0	    1.00	1	10	4308231.00	-15	0	NULL
real	JL	648	19	15	   -1.00	0	    1.00	1	10	4311921.00	-15	0	NULL
real	LR	649	19	15	    1.00	0	    1.00	0	9	4316234.00	15	0	NULL
real	CL	650	19	-15	   -4.00	0	    1.00	1	12	4320652.00	15	7	NULL
real	GR	651	19	15	    1.00	1	   -1.00	1	12	  772.09	-3	7	NULL
real	RL	652	19	15	    0.00	1	   -1.00	1	9	  670.09	-15	5	NULL
real	OR	653	19	-15	   -3.00	0	    1.00	1	9	4342661.00	15	5	NULL
real	BL	654	19	15	   -1.00	1	   -1.00	0	11	 1113.87	-15	7	NULL
real	HR	655	19	15	    2.00	1	   -1.00	1	8	  762.62	-3	5	NULL
real	DR	656	19	15	    2.00	1	   -1.00	1	8	4359279.00	15	7	NULL
real	QL	657	19	-15	   -1.00	0	    1.00	0	10	  616.11	-15	5	NULL
real	OL	658	19	-15	   -3.00	0	    1.00	1	10	4367045.00	15	5	NULL
real	ML	659	19	-15	   -3.00	1	   -1.00	0	9	4370921.00	-3	0	NULL
real	NL	660	19	15	    2.00	1	   -1.00	1	11	4382040.00	-3	0	NULL
real	IR	661	19	-15	   -1.00	1	   -1.00	1	12	4385879.00	-15	0	NULL
real	JR	662	19	15	    0.00	1	   -1.00	1	12	4390108.00	-15	0	NULL
real	HL	663	19	15	    1.00	1	   -1.00	1	11	  663.42	-3	5	NULL
real	MR	664	19	-15	   -1.00	1	   -1.00	1	8	4397850.00	-3	0	NULL
real	FR	665	19	-15	   -2.00	0	    1.00	0	5	  520.02	-3	5	NULL
real	DL	666	19	15	   -1.00	0	    1.00	1	10	4409053.00	15	7	NULL
real	IL	667	20	-15	    0.00	1	   -1.00	1	11	4412688.00	-15	0	NULL
real	KL	668	20	-15	   -4.00	0	    1.00	1	10	4416944.00	15	0	NULL
real	DL	669	20	15	    0.00	1	   -1.00	1	11	4421180.00	15	7	NULL
real	PR	670	20	15	    1.00	0	    1.00	0	9	4425099.00	15	5	NULL
real	OL	671	20	-15	   -2.00	1	   -1.00	1	11	4432289.00	15	5	NULL
real	NL	672	20	15	    1.00	1	   -1.00	0	11	4436535.00	-3	0	NULL
real	NR	673	20	15	    1.00	0	    1.00	0	9	4441395.00	-3	0	NULL
real	HL	674	20	15	    0.00	0	    1.00	1	12	  881.68	-3	5	NULL
real	BL	675	20	15	   -2.00	0	    1.00	1	12	  972.15	-15	7	NULL
real	MR	676	20	-15	   -2.00	1	   -1.00	0	8	4455227.00	-3	0	NULL
real	JL	677	20	15	    0.00	1	   -1.00	1	11	4459075.00	-15	0	NULL
real	QL	678	20	-15	    0.00	0	    1.00	0	10	  507.99	-15	5	NULL
real	HR	679	20	15	    1.00	1	   -1.00	0	8	  844.60	-3	5	NULL
real	OR	680	20	-15	   -2.00	1	   -1.00	1	10	4477851.00	15	5	NULL
real	ML	681	20	-15	   -4.00	0	    1.00	1	10	4481719.00	-3	0	NULL
real	FR	682	20	-15	   -1.00	1	   -1.00	1	6	  960.38	-3	5	NULL
real	DR	683	20	15	    1.00	1	   -1.00	0	8	4491575.00	15	7	NULL
real	LR	684	20	15	    2.00	1	   -1.00	1	10	4497235.00	15	0	NULL
real	AL	685	20	-15	   -2.00	0	    1.00	1	10	  493.64	-15	7	NULL
real	RL	686	20	15	   -1.00	1	   -1.00	0	9	  487.52	-15	5	NULL
real	AL	687	21	-15	   -1.00	1	   -1.00	1	11	  549.05	-15	7	NULL
real	LR	688	21	15	    1.00	1	   -1.00	0	10	4512417.00	15	0	NULL
real	QL	689	21	-15	    1.00	1	   -1.00	1	11	  629.79	-15	5	NULL
real	DL	690	21	15	   -1.00	0	    1.00	1	12	4521179.00	15	7	NULL
real	IL	691	21	-15	   -1.00	0	    1.00	1	12	4525699.00	-15	0	NULL
real	DR	692	21	15	    0.00	0	    1.00	1	9	4529976.00	15	7	NULL
real	RL	693	21	15	   -2.00	0	    1.00	1	10	 1268.35	-15	5	NULL
real	NR	694	21	15	    2.00	0	    1.00	0	9	4539405.00	-3	0	NULL
real	HR	695	21	15	    0.00	0	    1.00	1	9	  986.33	-3	5	NULL
real	ML	696	21	-15	   -3.00	0	    1.00	0	10	4547835.00	-3	0	NULL
real	OL	697	21	-15	   -3.00	1	   -1.00	0	11	4552343.00	15	5	NULL
real	FR	698	21	-15	   -2.00	1	   -1.00	0	6	  973.29	-3	5	NULL
real	PR	699	21	15	    2.00	1	   -1.00	1	10	4561064.00	15	5	NULL
real	JL	700	21	15	   -1.00	1	   -1.00	0	11	4564954.00	-15	0	NULL
real	KL	701	21	-15	   -3.00	0	    1.00	0	10	4570489.00	15	0	NULL
real	OR	702	21	-15	   -3.00	1	   -1.00	0	10	4578305.00	15	5	NULL
real	NL	703	21	15	    0.00	0	    1.00	1	12	4583295.00	-3	0	NULL
real	MR	704	21	-15	   -3.00	0	    1.00	1	9	4587381.00	-3	0	NULL
real	HR	705	22	15	    1.00	1	   -1.00	1	10	  704.85	-3	5	NULL
real	AL	706	22	-15	   -2.00	0	    1.00	1	12	  623.07	-15	7	NULL
real	PR	707	22	15	    1.00	1	   -1.00	0	10	4601986.00	15	5	NULL
real	OR	708	22	-15	   -4.00	0	    1.00	1	11	4606576.00	15	5	NULL
real	DR	709	22	15	    1.00	1	   -1.00	1	10	4611240.00	15	7	NULL
real	MR	710	22	-15	   -2.00	1	   -1.00	1	10	4615178.00	-3	0	NULL
real	QL	711	22	-15	    0.00	1	   -1.00	0	11	  682.63	-15	5	NULL
real	KL	712	22	-15	   -2.00	1	   -1.00	1	11	4623719.00	15	0	NULL
real	ML	713	22	-15	   -2.00	0	    1.00	0	10	4627842.00	-3	0	NULL
real	FR	714	22	-15	   -3.00	0	    1.00	1	7	  731.62	-3	5	NULL
real	NR	715	22	15	    3.00	1	   -1.00	1	10	4638315.00	-3	0	NULL
real	RL	716	22	15	   -1.00	0	    1.00	0	10	  632.69	-15	5	NULL
real	OL	717	22	-15	   -4.00	0	    1.00	1	12	4652126.00	15	5	NULL
real	LR	718	22	15	    0.00	0	    1.00	1	11	4656522.00	15	0	NULL
real	JL	719	22	15	   -2.00	0	    1.00	1	12	4660675.00	-15	0	NULL
real	KL	720	23	-15	   -3.00	1	   -1.00	0	11	4665165.00	15	0	NULL
real	FR	721	23	-15	   -2.00	1	   -1.00	1	8	  587.66	-3	5	NULL
real	NR	722	23	15	    2.00	1	   -1.00	0	10	4673021.00	-3	0	NULL
real	OR	723	23	-15	   -3.00	0	    1.00	0	11	4679534.00	15	5	NULL
real	MR	724	23	-15	   -3.00	0	    1.00	1	11	4685623.00	-3	0	NULL
real	HR	725	23	15	    0.00	0	    1.00	1	11	  772.68	-3	5	NULL
real	DR	726	23	15	    0.00	0	    1.00	1	11	4700671.00	15	7	NULL
real	ML	727	23	-15	   -1.00	1	   -1.00	1	11	4705486.00	-3	0	NULL
real	RL	728	23	15	    0.00	1	   -1.00	1	11	  686.21	-15	5	NULL
real	PR	729	23	15	    0.00	1	   -1.00	0	10	4713981.00	15	5	NULL
real	LR	730	23	15	    1.00	1	   -1.00	1	12	4719730.00	15	0	NULL
real	QL	731	23	-15	   -1.00	0	    1.00	1	12	  837.22	-15	5	NULL
real	NR	732	24	15	    1.00	0	    1.00	1	11	4729557.00	-3	0	NULL
real	DR	733	24	15	    1.00	1	   -1.00	1	12	4742626.00	15	7	NULL
real	PR	734	24	15	   -1.00	0	    1.00	1	11	4747153.00	15	5	NULL
real	HR	735	24	15	    1.00	0	    1.00	0	11	  733.82	-3	5	NULL
real	RL	736	24	15	   -1.00	0	    1.00	1	12	  620.17	-15	5	NULL
real	MR	737	24	-15	   -2.00	1	   -1.00	1	12	4761488.00	-3	0	NULL
real	FR	738	24	-15	   -3.00	1	   -1.00	0	8	 1752.64	-3	5	NULL
real	KL	739	24	-15	   -4.00	0	    1.00	1	12	4788401.00	15	0	NULL
real	ML	740	24	-15	   -2.00	1	   -1.00	0	11	4792851.00	-3	0	NULL
real	OR	741	24	-15	   -2.00	1	   -1.00	1	12	4796987.00	15	5	NULL
real	ML	742	25	-15	   -3.00	1	   -1.00	0	11	4801539.00	-3	0	NULL
real	FR	743	25	-15	   -4.00	0	    1.00	1	9	  913.58	-3	5	NULL
real	PR	744	25	15	    0.00	1	   -1.00	1	12	4811461.00	15	5	NULL
real	HR	745	25	15	    2.00	1	   -1.00	1	12	  501.77	-3	5	NULL
real	NR	746	25	15	    2.00	1	   -1.00	1	12	4820037.00	-3	0	NULL
real	FR	747	26	-15	   -3.00	0	    1.00	0	9	  616.76	-3	5	NULL
real	ML	748	26	-15	   -4.00	0	    1.00	1	12	4837925.00	-3	0	NULL
real	FR	749	27	-15	   -2.00	0	    1.00	0	9	  690.60	-3	5	NULL
real	FR	750	28	-15	   -1.00	1	   -1.00	1	10	 1495.08	-3	5	NULL
real	FR	751	29	-15	   -2.00	1	   -1.00	0	10	  606.28	-3	5	NULL
real	FR	752	30	-15	   -3.00	0	    1.00	1	11	  842.76	-3	5	NULL
real	FR	753	31	-15	   -2.00	1	   -1.00	1	12	  629.10	-3	5	NULL
