TRIAL_TYPE	trial_variant	TRIAL_NUMBER	TRIAL_ITERATION_VAL	frame_tilt	rod_tilt	response	step_size	reversal	reversal_num	RT	probe_del	alpha_entrain_refreshes	rod_tilt_val
real	BL	1	1	15	  -20.00	0	    8.00	0	0	 1192.03	-15	7	NULL
real	KL	2	1	-15	  -20.00	0	    8.00	0	0	495382.00	15	0	NULL
real	ML	3	1	-15	  -20.00	0	    8.00	0	0	503494.00	-3	0	NULL
real	PL	4	1	15	  -20.00	0	    8.00	0	0	513163.00	15	5	NULL
real	DL	5	1	15	  -20.00	0	    8.00	0	0	523154.00	15	7	NULL
real	JR	6	1	15	   20.00	1	   -8.00	0	0	528231.00	-15	0	NULL
real	NR	7	1	15	   20.00	1	   -8.00	0	0	533581.00	-3	0	NULL
real	JL	8	1	15	  -20.00	0	    8.00	0	0	544533.00	-15	0	NULL
real	BR	9	1	15	   20.00	1	   -8.00	0	0	  687.11	-15	7	NULL
real	OL	10	1	-15	  -20.00	0	    8.00	0	0	569228.00	15	5	NULL
real	AL	11	1	-15	  -20.00	0	    8.00	0	0	  539.45	-15	7	NULL
real	LL	12	1	15	  -20.00	0	    8.00	0	0	579562.00	15	0	NULL
real	HR	13	1	15	   20.00	1	   -8.00	0	0	  570.70	-3	5	NULL
real	PR	14	1	15	   20.00	1	   -8.00	0	0	589269.00	15	5	NULL
real	FR	15	1	-15	   20.00	1	   -8.00	0	0	  565.55	-3	5	NULL
real	RL	16	1	15	  -20.00	0	    8.00	0	0	  605.48	-15	5	NULL
real	DR	17	1	15	   20.00	1	   -8.00	0	0	614426.00	15	7	NULL
real	OR	18	1	-15	   20.00	1	   -8.00	0	0	620954.00	15	5	NULL
real	MR	19	1	-15	   20.00	1	   -8.00	0	0	625657.00	-3	0	NULL
real	IL	20	1	-15	  -20.00	0	    8.00	0	0	629951.00	-15	0	NULL
real	GR	21	1	15	   20.00	1	   -8.00	0	0	  499.47	-3	7	NULL
real	EL	22	1	-15	  -20.00	0	    8.00	0	0	  554.26	-3	7	NULL
real	ER	23	1	-15	   20.00	1	   -8.00	0	0	  544.24	-3	7	NULL
real	GL	24	1	15	  -20.00	0	    8.00	0	0	  485.28	-3	7	NULL
real	FL	25	1	-15	  -20.00	0	    8.00	0	0	  547.86	-3	5	NULL
real	IR	26	1	-15	   20.00	1	   -8.00	0	0	658637.00	-15	0	NULL
real	HL	27	1	15	  -20.00	0	    8.00	0	0	  491.62	-3	5	NULL
real	QL	28	1	-15	  -20.00	0	    8.00	0	0	  535.94	-15	5	NULL
real	AR	29	1	-15	   20.00	1	   -8.00	0	0	  470.28	-15	7	NULL
real	QR	30	1	-15	   20.00	1	   -8.00	0	0	  521.35	-15	5	NULL
real	CR	31	1	-15	   20.00	1	   -8.00	0	0	680719.00	15	7	NULL
real	KR	32	1	-15	   20.00	1	   -8.00	0	0	689135.00	15	0	NULL
real	NL	33	1	15	  -20.00	0	    8.00	0	0	697722.00	-3	0	NULL
real	LR	34	1	15	   20.00	1	   -8.00	0	0	707293.00	15	0	NULL
real	CL	35	1	-15	  -20.00	0	    8.00	0	0	712433.00	15	7	NULL
real	RR	36	1	15	   20.00	1	   -8.00	0	0	  503.69	-15	5	NULL
real	DR	37	2	15	   12.00	1	   -8.00	0	0	722010.00	15	7	NULL
real	IR	38	2	-15	   12.00	1	   -8.00	0	0	726925.00	-15	0	NULL
real	AR	39	2	-15	   12.00	1	   -8.00	0	0	  521.12	-15	7	NULL
real	NL	40	2	15	  -12.00	0	    8.00	0	0	738545.00	-3	0	NULL
real	MR	41	2	-15	   12.00	1	   -8.00	0	0	745001.00	-3	0	NULL
real	NR	42	2	15	   12.00	1	   -8.00	0	0	753603.00	-3	0	NULL
real	HR	43	2	15	   12.00	1	   -8.00	0	0	  486.08	-3	5	NULL
real	RR	44	2	15	   12.00	1	   -8.00	0	0	  495.85	-15	5	NULL
real	PR	45	2	15	   12.00	1	   -8.00	0	0	776658.00	15	5	NULL
real	RL	46	2	15	  -12.00	0	    8.00	0	0	  607.13	-15	5	NULL
real	EL	47	2	-15	  -12.00	0	    8.00	0	0	  506.63	-3	7	NULL
real	BL	48	2	15	  -12.00	0	    8.00	0	0	  659.33	-15	7	NULL
real	ER	49	2	-15	   12.00	1	   -8.00	0	0	  556.35	-3	7	NULL
real	GL	50	2	15	  -12.00	0	    8.00	0	0	  454.56	-3	7	NULL
real	HL	51	2	15	  -12.00	0	    8.00	0	0	  564.74	-3	5	NULL
real	GR	52	2	15	   12.00	1	   -8.00	0	0	  542.28	-3	7	NULL
real	KR	53	2	-15	   12.00	1	   -8.00	0	0	814046.00	15	0	NULL
real	PL	54	2	15	  -12.00	0	    8.00	0	0	819369.00	15	5	NULL
real	QR	55	2	-15	   12.00	1	   -8.00	0	0	  459.54	-15	5	NULL
real	JL	56	2	15	  -12.00	0	    8.00	0	0	827823.00	-15	0	NULL
real	JR	57	2	15	   12.00	1	   -8.00	0	0	834159.00	-15	0	NULL
real	FL	58	2	-15	  -12.00	0	    8.00	0	0	  483.91	-3	5	NULL
real	KL	59	2	-15	  -12.00	0	    8.00	0	0	843723.00	15	0	NULL
real	LL	60	2	15	  -12.00	0	    8.00	0	0	848410.00	15	0	NULL
real	DL	61	2	15	  -12.00	0	    8.00	0	0	857884.00	15	7	NULL
real	CR	62	2	-15	   12.00	1	   -8.00	0	0	862911.00	15	7	NULL
real	CL	63	2	-15	  -12.00	0	    8.00	0	0	867635.00	15	7	NULL
real	BR	64	2	15	   12.00	1	   -8.00	0	0	  480.52	-15	7	NULL
real	FR	65	2	-15	   12.00	1	   -8.00	0	0	  483.18	-3	5	NULL
real	OL	66	2	-15	  -12.00	0	    8.00	0	0	881321.00	15	5	NULL
real	IL	67	2	-15	  -12.00	0	    8.00	0	0	885541.00	-15	0	NULL
real	AL	68	2	-15	  -12.00	0	    8.00	0	0	  817.70	-15	7	NULL
real	LR	69	2	15	   12.00	1	   -8.00	0	0	895134.00	15	0	NULL
real	ML	70	2	-15	  -12.00	0	    8.00	0	0	902865.00	-3	0	NULL
real	QL	71	2	-15	  -12.00	0	    8.00	0	0	  662.22	-15	5	NULL
real	OR	72	2	-15	   12.00	1	   -8.00	0	0	911809.00	15	5	NULL
real	FR	73	3	-15	    4.00	1	   -8.00	0	0	  579.19	-3	5	NULL
real	IL	74	3	-15	   -4.00	0	    8.00	0	0	922929.00	-15	0	NULL
real	AR	75	3	-15	    4.00	1	   -8.00	0	0	  678.02	-15	7	NULL
real	IR	76	3	-15	    4.00	1	   -8.00	0	0	930960.00	-15	0	NULL
real	OR	77	3	-15	    4.00	1	   -8.00	0	0	935096.00	15	5	NULL
real	NR	78	3	15	    4.00	1	   -8.00	0	0	944116.00	-3	0	NULL
real	FL	79	3	-15	   -4.00	1	   -4.00	1	1	 1382.14	-3	5	NULL
real	GL	80	3	15	   -4.00	0	    8.00	0	0	  701.83	-3	7	NULL
real	EL	81	3	-15	   -4.00	0	    8.00	0	0	 1071.07	-3	7	NULL
real	PL	82	3	15	   -4.00	0	    8.00	0	0	964280.00	15	5	NULL
real	LL	83	3	15	   -4.00	0	    8.00	0	0	968947.00	15	0	NULL
real	LR	84	3	15	    4.00	1	   -8.00	0	0	973925.00	15	0	NULL
real	OL	85	3	-15	   -4.00	1	   -4.00	1	1	979792.00	15	5	NULL
real	JL	86	3	15	   -4.00	0	    8.00	0	0	983927.00	-15	0	NULL
real	KR	87	3	-15	    4.00	1	   -8.00	0	0	990266.00	15	0	NULL
real	ER	88	3	-15	    4.00	1	   -8.00	0	0	  528.49	-3	7	NULL
real	AL	89	3	-15	   -4.00	0	    8.00	0	0	  656.91	-15	7	NULL
real	BR	90	3	15	    4.00	1	   -8.00	0	0	  460.80	-15	7	NULL
real	BL	91	3	15	   -4.00	0	    8.00	0	0	  458.61	-15	7	NULL
real	MR	92	3	-15	    4.00	1	   -8.00	0	0	1010673.00	-3	0	NULL
real	QR	93	3	-15	    4.00	1	   -8.00	0	0	  465.17	-15	5	NULL
real	CL	94	3	-15	   -4.00	0	    8.00	0	0	1018640.00	15	7	NULL
real	HR	95	3	15	    4.00	1	   -8.00	0	0	  597.38	-3	5	NULL
real	JR	96	3	15	    4.00	1	   -8.00	0	0	1027736.00	-15	0	NULL
real	RR	97	3	15	    4.00	1	   -8.00	0	0	  482.09	-15	5	NULL
real	HL	98	3	15	   -4.00	0	    8.00	0	0	  555.14	-3	5	NULL
real	GR	99	3	15	    4.00	1	   -8.00	0	0	  552.90	-3	7	NULL
real	PR	100	3	15	    4.00	1	   -8.00	0	0	1054549.00	15	5	NULL
real	KL	101	3	-15	   -4.00	0	    8.00	0	0	1060995.00	15	0	NULL
real	RL	102	3	15	   -4.00	0	    8.00	0	0	  699.02	-15	5	NULL
real	ML	103	3	-15	   -4.00	0	    8.00	0	0	1070703.00	-3	0	NULL
real	CR	104	3	-15	    4.00	1	   -8.00	0	0	1075533.00	15	7	NULL
real	DL	105	3	15	   -4.00	0	    8.00	0	0	1080088.00	15	7	NULL
real	NL	106	3	15	   -4.00	0	    8.00	0	0	1091019.00	-3	0	NULL
real	DR	107	3	15	    4.00	1	   -8.00	0	0	1097165.00	15	7	NULL
real	QL	108	3	-15	   -4.00	0	    8.00	0	0	  433.84	-15	5	NULL
real	IR	109	4	-15	   -4.00	0	    4.00	1	1	1105747.00	-15	0	NULL
real	KL	110	4	-15	    4.00	1	   -4.00	1	1	1110643.00	15	0	NULL
real	MR	111	4	-15	   -4.00	0	    4.00	1	1	1115571.00	-3	0	NULL
real	HR	112	4	15	   -4.00	0	    4.00	1	1	  533.85	-3	5	NULL
real	RR	113	4	15	   -4.00	0	    4.00	1	1	  554.80	-15	5	NULL
real	QR	114	4	-15	   -4.00	0	    4.00	1	1	  721.48	-15	5	NULL
real	CR	115	4	-15	   -4.00	0	    4.00	1	1	1142773.00	15	7	NULL
real	BL	116	4	15	    4.00	1	   -4.00	1	1	  503.31	-15	7	NULL
real	RL	117	4	15	    4.00	1	   -4.00	1	1	  471.91	-15	5	NULL
real	ML	118	4	-15	    4.00	1	   -4.00	1	1	1160347.00	-3	0	NULL
real	BR	119	4	15	   -4.00	0	    4.00	1	1	  535.04	-15	7	NULL
real	PR	120	4	15	   -4.00	0	    4.00	1	1	1169466.00	15	5	NULL
real	ER	121	4	-15	   -4.00	0	    4.00	1	1	 1024.52	-3	7	NULL
real	JR	122	4	15	   -4.00	0	    4.00	1	1	1180543.00	-15	0	NULL
real	HL	123	4	15	    4.00	1	   -4.00	1	1	  632.69	-3	5	NULL
real	LL	124	4	15	    4.00	1	   -4.00	1	1	1191388.00	15	0	NULL
real	FL	125	4	-15	   -8.00	0	    2.00	1	2	  637.02	-3	5	NULL
real	DL	126	4	15	    4.00	1	   -4.00	1	1	1201157.00	15	7	NULL
real	GL	127	4	15	    4.00	1	   -4.00	1	1	 2298.75	-3	7	NULL
real	QL	128	4	-15	    4.00	1	   -4.00	1	1	  617.09	-15	5	NULL
real	PL	129	4	15	    4.00	1	   -4.00	1	1	1216091.00	15	5	NULL
real	DR	130	4	15	   -4.00	0	    4.00	1	1	1221128.00	15	7	NULL
real	NR	131	4	15	   -4.00	0	    4.00	1	1	1225746.00	-3	0	NULL
real	IL	132	4	-15	    4.00	1	   -4.00	1	1	1230612.00	-15	0	NULL
real	OL	133	4	-15	   -8.00	0	    2.00	1	2	1235027.00	15	5	NULL
real	AL	134	4	-15	    4.00	1	   -4.00	1	1	  489.75	-15	7	NULL
real	AR	135	4	-15	   -4.00	0	    4.00	1	1	  737.00	-15	7	NULL
real	FR	136	4	-15	   -4.00	0	    4.00	1	1	  833.62	-3	5	NULL
real	KR	137	4	-15	   -4.00	0	    4.00	1	1	1257401.00	15	0	NULL
real	CL	138	4	-15	    4.00	1	   -4.00	1	1	1262052.00	15	7	NULL
real	GR	139	4	15	   -4.00	0	    4.00	1	1	  532.73	-3	7	NULL
real	EL	140	4	-15	    4.00	1	   -4.00	1	1	  399.91	-3	7	NULL
real	NL	141	4	15	    4.00	1	   -4.00	1	1	1274957.00	-3	0	NULL
real	OR	142	4	-15	   -4.00	0	    4.00	1	1	1283591.00	15	5	NULL
real	LR	143	4	15	   -4.00	0	    4.00	1	1	1288397.00	15	0	NULL
real	JL	144	4	15	    4.00	1	   -4.00	1	1	1294309.00	-15	0	NULL
real	BR	145	5	15	    0.00	1	   -2.00	1	2	 1346.35	-15	7	NULL
real	GR	146	5	15	    0.00	0	    4.00	0	1	  888.40	-3	7	NULL
real	JL	147	5	15	    0.00	1	   -4.00	0	1	1310159.00	-15	0	NULL
real	HR	148	5	15	    0.00	0	    4.00	0	1	  998.57	-3	5	NULL
real	ML	149	5	-15	    0.00	1	   -4.00	0	1	1322130.00	-3	0	NULL
real	IL	150	5	-15	    0.00	1	   -4.00	0	1	1327504.00	-15	0	NULL
real	PR	151	5	15	    0.00	1	   -2.00	1	2	1334751.00	15	5	NULL
real	LL	152	5	15	    0.00	0	    2.00	1	2	1342824.00	15	0	NULL
real	QR	153	5	-15	    0.00	0	    4.00	0	1	 1378.88	-15	5	NULL
real	BL	154	5	15	    0.00	0	    2.00	1	2	 2664.70	-15	7	NULL
real	AL	155	5	-15	    0.00	1	   -4.00	0	1	 2553.94	-15	7	NULL
real	PL	156	5	15	    0.00	0	    2.00	1	2	1370912.00	15	5	NULL
real	NR	157	5	15	    0.00	1	   -2.00	1	2	1377848.00	-3	0	NULL
real	DL	158	5	15	    0.00	0	    2.00	1	2	1384551.00	15	7	NULL
real	CR	159	5	-15	    0.00	1	   -2.00	1	2	1389989.00	15	7	NULL
real	OL	160	5	-15	   -6.00	0	    2.00	0	2	1394741.00	15	5	NULL
real	GL	161	5	15	    0.00	0	    2.00	1	2	  939.79	-3	7	NULL
real	RL	162	5	15	    0.00	0	    2.00	1	2	 1501.48	-15	5	NULL
real	EL	163	5	-15	    0.00	0	    2.00	1	2	  658.38	-3	7	NULL
real	HL	164	5	15	    0.00	0	    2.00	1	2	  585.00	-3	5	NULL
real	QL	165	5	-15	    0.00	0	    2.00	1	2	  621.59	-15	5	NULL
real	OR	166	5	-15	    0.00	1	   -2.00	1	2	1437777.00	15	5	NULL
real	FL	167	5	-15	   -6.00	0	    2.00	0	2	  656.60	-3	5	NULL
real	NL	168	5	15	    0.00	0	    2.00	1	2	1452619.00	-3	0	NULL
real	IR	169	5	-15	    0.00	1	   -2.00	1	2	1457885.00	-15	0	NULL
real	AR	170	5	-15	    0.00	1	   -2.00	1	2	  929.62	-15	7	NULL
real	RR	171	5	15	    0.00	1	   -2.00	1	2	 3151.11	-15	5	NULL
real	JR	172	5	15	    0.00	1	   -2.00	1	2	1481843.00	-15	0	NULL
real	FR	173	5	-15	    0.00	1	   -2.00	1	2	  685.87	-3	5	NULL
real	MR	174	5	-15	    0.00	1	   -2.00	1	2	1491621.00	-3	0	NULL
real	CL	175	5	-15	    0.00	1	   -4.00	0	1	1497060.00	15	7	NULL
real	LR	176	5	15	    0.00	1	   -2.00	1	2	1501717.00	15	0	NULL
real	ER	177	5	-15	    0.00	1	   -2.00	1	2	  819.76	-3	7	NULL
real	DR	178	5	15	    0.00	1	   -2.00	1	2	1514707.00	15	7	NULL
real	KL	179	5	-15	    0.00	1	   -4.00	0	1	1519341.00	15	0	NULL
real	KR	180	5	-15	    0.00	1	   -2.00	1	2	1525363.00	15	0	NULL
real	KR	181	6	-15	   -2.00	1	   -2.00	0	2	1530367.00	15	0	NULL
real	RR	182	6	15	   -2.00	0	    1.00	1	3	  675.81	-15	5	NULL
real	NL	183	6	15	    2.00	1	   -1.00	1	3	1540357.00	-3	0	NULL
real	PL	184	6	15	    2.00	1	   -1.00	1	3	1545167.00	15	5	NULL
real	NR	185	6	15	   -2.00	0	    1.00	1	3	1553578.00	-3	0	NULL
real	BR	186	6	15	   -2.00	0	    1.00	1	3	  777.75	-15	7	NULL
real	RL	187	6	15	    2.00	1	   -1.00	1	3	  621.69	-15	5	NULL
real	AR	188	6	-15	   -2.00	0	    1.00	1	3	  824.02	-15	7	NULL
real	AL	189	6	-15	   -4.00	0	    2.00	1	2	  820.06	-15	7	NULL
real	ML	190	6	-15	   -4.00	0	    2.00	1	2	1581754.00	-3	0	NULL
real	OL	191	6	-15	   -4.00	0	    2.00	0	2	1589756.00	15	5	NULL
real	EL	192	6	-15	    2.00	1	   -1.00	1	3	  575.00	-3	7	NULL
real	GL	193	6	15	    2.00	1	   -1.00	1	3	  669.20	-3	7	NULL
real	IL	194	6	-15	   -4.00	0	    2.00	1	2	1603808.00	-15	0	NULL
real	JR	195	6	15	   -2.00	0	    1.00	1	3	1608481.00	-15	0	NULL
real	LL	196	6	15	    2.00	1	   -1.00	1	3	1613470.00	15	0	NULL
real	CR	197	6	-15	   -2.00	1	   -2.00	0	2	1619154.00	15	7	NULL
real	KL	198	6	-15	   -4.00	0	    2.00	1	2	1623898.00	15	0	NULL
real	GR	199	6	15	    4.00	1	   -2.00	1	2	  601.38	-3	7	NULL
real	FL	200	6	-15	   -4.00	0	    2.00	0	2	  965.50	-3	5	NULL
real	HR	201	6	15	    4.00	1	   -2.00	1	2	  474.72	-3	5	NULL
real	PR	202	6	15	   -2.00	0	    1.00	1	3	1649208.00	15	5	NULL
real	DL	203	6	15	    2.00	1	   -1.00	1	3	1654400.00	15	7	NULL
real	QL	204	6	-15	    2.00	1	   -1.00	1	3	  530.05	-15	5	NULL
real	FR	205	6	-15	   -2.00	0	    1.00	1	3	 1073.04	-3	5	NULL
real	ER	206	6	-15	   -2.00	1	   -2.00	0	2	  691.74	-3	7	NULL
real	JL	207	6	15	   -4.00	0	    2.00	1	2	1678466.00	-15	0	NULL
real	IR	208	6	-15	   -2.00	1	   -2.00	0	2	1682941.00	-15	0	NULL
real	HL	209	6	15	    2.00	1	   -1.00	1	3	  733.06	-3	5	NULL
real	LR	210	6	15	   -2.00	0	    1.00	1	3	1696007.00	15	0	NULL
real	OR	211	6	-15	   -2.00	1	   -2.00	0	2	1701658.00	15	5	NULL
real	DR	212	6	15	   -2.00	0	    1.00	1	3	1710152.00	15	7	NULL
real	CL	213	6	-15	   -4.00	0	    2.00	1	2	1715240.00	15	7	NULL
real	BL	214	6	15	    2.00	1	   -1.00	1	3	  565.62	-15	7	NULL
real	QR	215	6	-15	    4.00	1	   -2.00	1	2	  529.42	-15	5	NULL
real	MR	216	6	-15	   -2.00	1	   -2.00	0	2	1728162.00	-3	0	NULL
real	HL	217	7	15	    1.00	1	   -1.00	0	3	 1428.53	-3	5	NULL
real	KR	218	7	-15	   -4.00	0	    1.00	1	3	1737922.00	15	0	NULL
real	ER	219	7	-15	   -4.00	0	    1.00	1	3	  785.75	-3	7	NULL
real	HR	220	7	15	    2.00	1	   -2.00	0	2	  511.09	-3	5	NULL
real	RL	221	7	15	    1.00	1	   -1.00	0	3	  515.38	-15	5	NULL
real	JL	222	7	15	   -2.00	0	    2.00	0	2	1756848.00	-15	0	NULL
real	AR	223	7	-15	   -1.00	0	    1.00	0	3	  855.43	-15	7	NULL
real	RR	224	7	15	   -1.00	0	    1.00	0	3	  771.79	-15	5	NULL
real	LR	225	7	15	   -1.00	0	    1.00	0	3	1770319.00	15	0	NULL
real	JR	226	7	15	   -1.00	1	   -1.00	1	4	1774696.00	-15	0	NULL
real	MR	227	7	-15	   -4.00	0	    1.00	1	3	1779636.00	-3	0	NULL
real	FR	228	7	-15	   -1.00	1	   -1.00	1	4	  484.12	-3	5	NULL
real	PR	229	7	15	   -1.00	0	    1.00	0	3	1789172.00	15	5	NULL
real	BR	230	7	15	   -1.00	0	    1.00	0	3	  895.08	-15	7	NULL
real	AL	231	7	-15	   -2.00	0	    2.00	0	2	  944.70	-15	7	NULL
real	OR	232	7	-15	   -4.00	0	    1.00	1	3	1807293.00	15	5	NULL
real	QR	233	7	-15	    2.00	1	   -2.00	0	2	  504.90	-15	5	NULL
real	IR	234	7	-15	   -4.00	0	    1.00	1	3	1815942.00	-15	0	NULL
real	BL	235	7	15	    1.00	1	   -1.00	0	3	  393.98	-15	7	NULL
real	NL	236	7	15	    1.00	1	   -1.00	0	3	1827459.00	-3	0	NULL
real	GR	237	7	15	    2.00	1	   -2.00	0	2	  671.00	-3	7	NULL
real	CL	238	7	-15	   -2.00	1	   -1.00	1	3	1842260.00	15	7	NULL
real	EL	239	7	-15	    1.00	1	   -1.00	0	3	  512.03	-3	7	NULL
real	GL	240	7	15	    1.00	1	   -1.00	0	3	  487.40	-3	7	NULL
real	ML	241	7	-15	   -2.00	1	   -1.00	1	3	1855608.00	-3	0	NULL
real	DL	242	7	15	    1.00	1	   -1.00	0	3	1861001.00	15	7	NULL
real	CR	243	7	-15	   -4.00	0	    1.00	1	3	1869469.00	15	7	NULL
real	FL	244	7	-15	   -2.00	1	   -1.00	1	3	  598.60	-3	5	NULL
real	NR	245	7	15	   -1.00	0	    1.00	0	3	1882380.00	-3	0	NULL
real	KL	246	7	-15	   -2.00	1	   -1.00	1	3	1889960.00	15	0	NULL
real	IL	247	7	-15	   -2.00	1	   -1.00	1	3	1898494.00	-15	0	NULL
real	OL	248	7	-15	   -2.00	1	   -1.00	1	3	1904157.00	15	5	NULL
real	DR	249	7	15	   -1.00	0	    1.00	0	3	1909287.00	15	7	NULL
real	PL	250	7	15	    1.00	1	   -1.00	0	3	1919454.00	15	5	NULL
real	LL	251	7	15	    1.00	0	    1.00	1	4	1926025.00	15	0	NULL
real	QL	252	7	-15	    1.00	1	   -1.00	0	3	  477.89	-15	5	NULL
real	AL	253	8	-15	    0.00	1	   -1.00	1	3	 1129.34	-15	7	NULL
real	CR	254	8	-15	   -3.00	0	    1.00	0	3	1940520.00	15	7	NULL
real	ML	255	8	-15	   -3.00	1	   -1.00	0	3	1945350.00	-3	0	NULL
real	KL	256	8	-15	   -3.00	0	    1.00	1	4	1950096.00	15	0	NULL
real	FR	257	8	-15	   -2.00	0	    1.00	1	5	  743.00	-3	5	NULL
real	IL	258	8	-15	   -3.00	0	    1.00	1	4	1960407.00	-15	0	NULL
real	NL	259	8	15	    0.00	1	   -1.00	0	3	1968202.00	-3	0	NULL
real	BR	260	8	15	    0.00	1	   -1.00	1	4	  507.32	-15	7	NULL
real	MR	261	8	-15	   -3.00	1	   -1.00	1	4	1977470.00	-3	0	NULL
real	JL	262	8	15	    0.00	1	   -1.00	1	3	1981705.00	-15	0	NULL
real	EL	263	8	-15	    0.00	1	   -1.00	0	3	  544.19	-3	7	NULL
real	CL	264	8	-15	   -3.00	0	    1.00	1	4	1997026.00	15	7	NULL
real	QL	265	8	-15	    0.00	1	   -1.00	0	3	  607.22	-15	5	NULL
real	RR	266	8	15	    0.00	1	   -1.00	1	4	  519.80	-15	5	NULL
real	GL	267	8	15	    0.00	1	   -1.00	0	3	  703.75	-3	7	NULL
real	QR	268	8	-15	    0.00	1	   -2.00	0	2	  567.66	-15	5	NULL
real	KR	269	8	-15	   -3.00	1	   -1.00	1	4	2022695.00	15	0	NULL
real	BL	270	8	15	    0.00	1	   -1.00	0	3	  481.79	-15	7	NULL
real	PL	271	8	15	    0.00	0	    1.00	1	4	2031374.00	15	5	NULL
real	GR	272	8	15	    0.00	1	   -2.00	0	2	  525.05	-3	7	NULL
real	AR	273	8	-15	    0.00	1	   -1.00	1	4	  459.41	-15	7	NULL
real	PR	274	8	15	    0.00	1	   -1.00	1	4	2044369.00	15	5	NULL
real	OR	275	8	-15	   -3.00	0	    1.00	0	3	2049062.00	15	5	NULL
real	JR	276	8	15	   -2.00	0	    1.00	1	5	2053822.00	-15	0	NULL
real	ER	277	8	-15	   -3.00	0	    1.00	0	3	 1084.46	-3	7	NULL
real	LL	278	8	15	    2.00	1	   -1.00	1	5	2064127.00	15	0	NULL
real	HL	279	8	15	    0.00	1	   -1.00	0	3	  609.64	-3	5	NULL
real	LR	280	8	15	    0.00	1	   -1.00	1	4	2073452.00	15	0	NULL
real	DL	281	8	15	    0.00	0	    1.00	1	4	2077939.00	15	7	NULL
real	FL	282	8	-15	   -3.00	0	    1.00	1	4	  795.31	-3	5	NULL
real	IR	283	8	-15	   -3.00	0	    1.00	0	3	2087427.00	-15	0	NULL
real	HR	284	8	15	    0.00	1	   -2.00	0	2	  529.59	-3	5	NULL
real	OL	285	8	-15	   -3.00	1	   -1.00	0	3	2103280.00	15	5	NULL
real	RL	286	8	15	    0.00	1	   -1.00	0	3	  445.28	-15	5	NULL
real	NR	287	8	15	    0.00	1	   -1.00	1	4	2111731.00	-3	0	NULL
real	DR	288	8	15	    0.00	1	   -1.00	1	4	2117249.00	15	7	NULL
real	MR	289	9	-15	   -4.00	0	    1.00	1	5	2122733.00	-3	0	NULL
real	EL	290	9	-15	   -1.00	1	   -1.00	0	3	  495.18	-3	7	NULL
real	HL	291	9	15	   -1.00	1	   -1.00	0	3	  847.66	-3	5	NULL
real	ML	292	9	-15	   -4.00	0	    1.00	1	4	2143264.00	-3	0	NULL
real	OL	293	9	-15	   -4.00	0	    1.00	1	4	2153597.00	15	5	NULL
real	KL	294	9	-15	   -2.00	1	   -1.00	1	5	2157970.00	15	0	NULL
real	DL	295	9	15	    1.00	1	   -1.00	1	5	2162513.00	15	7	NULL
real	NR	296	9	15	   -1.00	0	    1.00	1	5	2167004.00	-3	0	NULL
real	LR	297	9	15	   -1.00	0	    1.00	1	5	2172544.00	15	0	NULL
real	IR	298	9	-15	   -2.00	1	   -1.00	1	4	2176945.00	-15	0	NULL
real	KR	299	9	-15	   -4.00	1	   -1.00	0	4	2184024.00	15	0	NULL
real	JL	300	9	15	   -1.00	1	   -1.00	0	3	2189481.00	-15	0	NULL
real	BR	301	9	15	   -1.00	1	   -1.00	0	4	  910.72	-15	7	NULL
real	AL	302	9	-15	   -1.00	1	   -1.00	0	3	  619.74	-15	7	NULL
real	QL	303	9	-15	   -1.00	1	   -1.00	0	3	  739.90	-15	5	NULL
real	HR	304	9	15	   -2.00	0	    1.00	1	3	  703.06	-3	5	NULL
real	IL	305	9	-15	   -2.00	1	   -1.00	1	5	2222423.00	-15	0	NULL
real	QR	306	9	-15	   -2.00	0	    1.00	1	3	  700.42	-15	5	NULL
real	CL	307	9	-15	   -2.00	1	   -1.00	1	5	2232059.00	15	7	NULL
real	NL	308	9	15	   -1.00	0	    1.00	1	4	2236908.00	-3	0	NULL
real	BL	309	9	15	   -1.00	1	   -1.00	0	3	  556.08	-15	7	NULL
real	RR	310	9	15	   -1.00	1	   -1.00	0	4	  753.70	-15	5	NULL
real	FR	311	9	-15	   -1.00	1	   -1.00	1	6	  527.52	-3	5	NULL
real	GR	312	9	15	   -2.00	0	    1.00	1	3	  600.97	-3	7	NULL
real	RL	313	9	15	   -1.00	1	   -1.00	0	3	  717.11	-15	5	NULL
real	JR	314	9	15	   -1.00	1	   -1.00	1	6	2279035.00	-15	0	NULL
real	LL	315	9	15	    1.00	1	   -1.00	0	5	2283533.00	15	0	NULL
real	PL	316	9	15	    1.00	0	    1.00	0	4	2288281.00	15	5	NULL
real	ER	317	9	-15	   -2.00	0	    1.00	0	3	 1390.77	-3	7	NULL
real	CR	318	9	-15	   -2.00	1	   -1.00	1	4	2299177.00	15	7	NULL
real	DR	319	9	15	   -1.00	0	    1.00	1	5	2303908.00	15	7	NULL
real	OR	320	9	-15	   -2.00	1	   -1.00	1	4	2313817.00	15	5	NULL
real	FL	321	9	-15	   -2.00	1	   -1.00	1	5	  630.10	-3	5	NULL
real	PR	322	9	15	   -1.00	0	    1.00	1	5	2328591.00	15	5	NULL
real	GL	323	9	15	   -1.00	1	   -1.00	0	3	 1263.69	-3	7	NULL
real	AR	324	9	-15	   -1.00	0	    1.00	1	5	  869.67	-15	7	NULL
real	KR	325	10	-15	   -5.00	1	   -1.00	0	4	2349740.00	15	0	NULL
real	QL	326	10	-15	   -2.00	0	    1.00	1	4	  633.29	-15	5	NULL
real	IL	327	10	-15	   -3.00	0	    1.00	1	6	2359082.00	-15	0	NULL
real	PR	328	10	15	    0.00	1	   -1.00	1	6	2364180.00	15	5	NULL
real	JR	329	10	15	   -2.00	0	    1.00	1	7	2368481.00	-15	0	NULL
real	QR	330	10	-15	   -1.00	0	    1.00	0	3	  930.73	-15	5	NULL
real	OR	331	10	-15	   -3.00	0	    1.00	1	5	2378007.00	15	5	NULL
real	HL	332	10	15	   -2.00	0	    1.00	1	4	  638.65	-3	5	NULL
real	FL	333	10	-15	   -3.00	0	    1.00	1	6	  569.13	-3	5	NULL
real	MR	334	10	-15	   -3.00	0	    1.00	0	5	2391783.00	-3	0	NULL
real	FR	335	10	-15	   -2.00	0	    1.00	1	7	  969.02	-3	5	NULL
real	NR	336	10	15	    0.00	1	   -1.00	1	6	2403282.00	-3	0	NULL
real	NL	337	10	15	    0.00	0	    1.00	0	4	2408027.00	-3	0	NULL
real	ML	338	10	-15	   -3.00	1	   -1.00	1	5	2425506.00	-3	0	NULL
real	GL	339	10	15	   -2.00	0	    1.00	1	4	  659.10	-3	7	NULL
real	DL	340	10	15	    0.00	1	   -1.00	0	5	2435807.00	15	7	NULL
real	LR	341	10	15	    0.00	1	   -1.00	1	6	2440857.00	15	0	NULL
real	EL	342	10	-15	   -2.00	1	   -1.00	0	3	  686.47	-3	7	NULL
real	GR	343	10	15	   -1.00	1	   -1.00	1	4	 1783.50	-3	7	NULL
real	AL	344	10	-15	   -2.00	0	    1.00	1	4	  665.04	-15	7	NULL
real	JL	345	10	15	   -2.00	0	    1.00	1	4	2463201.00	-15	0	NULL
real	BL	346	10	15	   -2.00	0	    1.00	1	4	  687.87	-15	7	NULL
real	CR	347	10	-15	   -3.00	0	    1.00	1	5	2481614.00	15	7	NULL
real	OL	348	10	-15	   -3.00	0	    1.00	0	4	2489038.00	15	5	NULL
real	BR	349	10	15	   -2.00	0	    1.00	1	5	  493.74	-15	7	NULL
real	ER	350	10	-15	   -1.00	1	   -1.00	1	4	  643.96	-3	7	NULL
real	DR	351	10	15	    0.00	0	    1.00	0	5	2505420.00	15	7	NULL
real	RL	352	10	15	   -2.00	0	    1.00	1	4	  624.04	-15	5	NULL
real	PL	353	10	15	    2.00	1	   -1.00	1	5	2515425.00	15	5	NULL
real	AR	354	10	-15	    0.00	0	    1.00	0	5	 1282.37	-15	7	NULL
real	CL	355	10	-15	   -3.00	0	    1.00	1	6	2531791.00	15	7	NULL
real	IR	356	10	-15	   -3.00	0	    1.00	1	5	2536313.00	-15	0	NULL
real	RR	357	10	15	   -2.00	0	    1.00	1	5	  554.77	-15	5	NULL
real	HR	358	10	15	   -1.00	0	    1.00	0	3	  681.13	-3	5	NULL
real	KL	359	10	-15	   -3.00	0	    1.00	1	6	2557689.00	15	0	NULL
real	LL	360	10	15	    0.00	1	   -1.00	0	5	2564560.00	15	0	NULL
real	BL	361	11	15	   -1.00	0	    1.00	0	4	  748.31	-15	7	NULL
real	FR	362	11	-15	   -1.00	1	   -1.00	1	8	  639.93	-3	5	NULL
real	QR	363	11	-15	    0.00	0	    1.00	0	3	 1078.96	-15	5	NULL
real	CR	364	11	-15	   -2.00	0	    1.00	0	5	2583003.00	15	7	NULL
real	PL	365	11	15	    1.00	1	   -1.00	0	5	2588426.00	15	5	NULL
real	AR	366	11	-15	    1.00	1	   -1.00	1	6	  502.54	-15	7	NULL
real	HL	367	11	15	   -1.00	0	    1.00	0	4	  529.14	-3	5	NULL
real	NR	368	11	15	   -1.00	0	    1.00	1	7	2602250.00	-3	0	NULL
real	GR	369	11	15	   -2.00	0	    1.00	1	5	  508.54	-3	7	NULL
real	IL	370	11	-15	   -2.00	0	    1.00	0	6	2610860.00	-15	0	NULL
real	AL	371	11	-15	   -1.00	0	    1.00	0	4	  911.50	-15	7	NULL
real	LL	372	11	15	   -1.00	0	    1.00	1	6	2619684.00	15	0	NULL
real	KL	373	11	-15	   -2.00	0	    1.00	0	6	2624483.00	15	0	NULL
real	HR	374	11	15	    0.00	0	    1.00	0	3	  617.05	-3	5	NULL
real	QL	375	11	-15	   -1.00	0	    1.00	0	4	  787.97	-15	5	NULL
real	ER	376	11	-15	   -2.00	0	    1.00	1	5	  550.06	-3	7	NULL
real	ML	377	11	-15	   -4.00	0	    1.00	1	6	2642637.00	-3	0	NULL
real	JR	378	11	15	   -1.00	0	    1.00	0	7	2660090.00	-15	0	NULL
real	GL	379	11	15	   -1.00	0	    1.00	0	4	  608.12	-3	7	NULL
real	PR	380	11	15	   -1.00	0	    1.00	1	7	2671612.00	15	5	NULL
real	BR	381	11	15	   -1.00	0	    1.00	0	5	 1161.36	-15	7	NULL
real	KR	382	11	-15	   -6.00	0	    1.00	1	5	2681213.00	15	0	NULL
real	RR	383	11	15	   -1.00	0	    1.00	0	5	 1467.70	-15	5	NULL
real	DR	384	11	15	    1.00	1	   -1.00	1	6	2693980.00	15	7	NULL
real	OL	385	11	-15	   -2.00	1	   -1.00	1	5	2699203.00	15	5	NULL
real	CL	386	11	-15	   -2.00	1	   -1.00	1	7	2712068.00	15	7	NULL
real	IR	387	11	-15	   -2.00	1	   -1.00	1	6	2719770.00	-15	0	NULL
real	OR	388	11	-15	   -2.00	1	   -1.00	1	6	2732505.00	15	5	NULL
real	RL	389	11	15	   -1.00	1	   -1.00	1	5	  527.02	-15	5	NULL
real	NL	390	11	15	    1.00	1	   -1.00	1	5	2746986.00	-3	0	NULL
real	FL	391	11	-15	   -2.00	1	   -1.00	1	7	 1331.37	-3	5	NULL
real	DL	392	11	15	   -1.00	0	    1.00	1	6	2757055.00	15	7	NULL
real	MR	393	11	-15	   -2.00	1	   -1.00	1	6	2761482.00	-3	0	NULL
real	LR	394	11	15	   -1.00	0	    1.00	1	7	2765947.00	15	0	NULL
real	JL	395	11	15	   -1.00	1	   -1.00	1	5	2770798.00	-15	0	NULL
real	EL	396	11	-15	   -3.00	0	    1.00	1	4	  554.10	-3	7	NULL
real	OL	397	12	-15	   -3.00	0	    1.00	1	6	2780099.00	15	5	NULL
real	ML	398	12	-15	   -3.00	1	   -1.00	1	7	2784797.00	-3	0	NULL
real	MR	399	12	-15	   -3.00	0	    1.00	1	7	2789047.00	-3	0	NULL
real	RR	400	12	15	    0.00	1	   -1.00	1	6	  413.20	-15	5	NULL
real	ER	401	12	-15	   -1.00	1	   -1.00	1	6	  435.39	-3	7	NULL
real	DL	402	12	15	    0.00	1	   -1.00	1	7	2901326.00	15	7	NULL
real	CR	403	12	-15	   -1.00	1	   -1.00	1	6	2905358.00	15	7	NULL
real	AR	404	12	-15	    0.00	1	   -1.00	0	6	  619.09	-15	7	NULL
real	FR	405	12	-15	   -2.00	0	    1.00	1	9	  887.03	-3	5	NULL
real	PR	406	12	15	    0.00	1	   -1.00	1	8	2917729.00	15	5	NULL
real	QR	407	12	-15	    1.00	1	   -1.00	1	4	  465.06	-15	5	NULL
real	KL	408	12	-15	   -1.00	1	   -1.00	1	7	2928964.00	15	0	NULL
real	HL	409	12	15	    0.00	1	   -1.00	1	5	  583.54	-3	5	NULL
real	LR	410	12	15	    0.00	0	    1.00	0	7	2938894.00	15	0	NULL
real	GL	411	12	15	    0.00	1	   -1.00	1	5	  680.43	-3	7	NULL
real	IL	412	12	-15	   -1.00	1	   -1.00	1	7	2947241.00	-15	0	NULL
real	AL	413	12	-15	    0.00	1	   -1.00	1	5	  501.16	-15	7	NULL
real	GR	414	12	15	   -1.00	0	    1.00	0	5	  727.66	-3	7	NULL
real	FL	415	12	-15	   -3.00	0	    1.00	1	8	  600.99	-3	5	NULL
real	HR	416	12	15	    1.00	1	   -1.00	1	4	  397.47	-3	5	NULL
real	JR	417	12	15	    0.00	1	   -1.00	1	8	2974307.00	-15	0	NULL
real	OR	418	12	-15	   -3.00	0	    1.00	1	7	2978616.00	15	5	NULL
real	IR	419	12	-15	   -3.00	0	    1.00	1	7	2982454.00	-15	0	NULL
real	DR	420	12	15	    0.00	1	   -1.00	0	6	2986909.00	15	7	NULL
real	EL	421	12	-15	   -2.00	1	   -1.00	1	5	  550.86	-3	7	NULL
real	RL	422	12	15	   -2.00	1	   -1.00	0	5	  577.76	-15	5	NULL
real	CL	423	12	-15	   -3.00	0	    1.00	1	8	3000688.00	15	7	NULL
real	PL	424	12	15	    0.00	1	   -1.00	0	5	3005024.00	15	5	NULL
real	QL	425	12	-15	    0.00	1	   -1.00	1	5	  580.82	-15	5	NULL
real	NR	426	12	15	    0.00	1	   -1.00	1	8	3013274.00	-3	0	NULL
real	KR	427	12	-15	   -5.00	0	    1.00	0	5	3018154.00	15	0	NULL
real	BR	428	12	15	    0.00	1	   -1.00	1	6	  430.36	-15	7	NULL
real	LL	429	12	15	    0.00	1	   -1.00	1	7	3027268.00	15	0	NULL
real	NL	430	12	15	    0.00	1	   -1.00	0	5	3031311.00	-3	0	NULL
real	BL	431	12	15	    0.00	1	   -1.00	1	5	  416.41	-15	7	NULL
real	JL	432	12	15	   -2.00	1	   -1.00	0	5	3039292.00	-15	0	NULL
real	PL	433	13	15	   -1.00	1	   -1.00	0	5	3043743.00	15	5	NULL
real	QL	434	13	-15	   -1.00	1	   -1.00	0	5	  645.26	-15	5	NULL
real	DR	435	13	15	   -1.00	0	    1.00	1	7	3052195.00	15	7	NULL
real	KR	436	13	-15	   -4.00	0	    1.00	0	5	3056668.00	15	0	NULL
real	HR	437	13	15	    0.00	1	   -1.00	0	4	  440.99	-3	5	NULL
real	GL	438	13	15	   -1.00	0	    1.00	1	6	  639.37	-3	7	NULL
real	GR	439	13	15	    0.00	1	   -1.00	1	6	  482.11	-3	7	NULL
real	JL	440	13	15	   -3.00	0	    1.00	1	6	3078856.00	-15	0	NULL
real	LR	441	13	15	    1.00	1	   -1.00	1	8	3083132.00	15	0	NULL
real	IL	442	13	-15	   -2.00	0	    1.00	1	8	3087071.00	-15	0	NULL
real	DL	443	13	15	   -1.00	1	   -1.00	0	7	3092060.00	15	7	NULL
real	EL	444	13	-15	   -3.00	0	    1.00	1	6	  767.65	-3	7	NULL
real	FL	445	13	-15	   -2.00	0	    1.00	0	8	 1204.06	-3	5	NULL
real	AR	446	13	-15	   -1.00	1	   -1.00	0	6	  361.62	-15	7	NULL
real	RL	447	13	15	   -3.00	0	    1.00	1	6	  454.64	-15	5	NULL
real	AL	448	13	-15	   -1.00	1	   -1.00	0	5	  362.38	-15	7	NULL
real	CL	449	13	-15	   -2.00	1	   -1.00	1	9	3117965.00	15	7	NULL
real	IR	450	13	-15	   -2.00	1	   -1.00	1	8	3121986.00	-15	0	NULL
real	RR	451	13	15	   -1.00	1	   -1.00	0	6	  436.21	-15	5	NULL
real	OR	452	13	-15	   -2.00	0	    1.00	0	7	3130439.00	15	5	NULL
real	CR	453	13	-15	   -2.00	1	   -1.00	0	6	3134975.00	15	7	NULL
real	BL	454	13	15	   -1.00	1	   -1.00	0	5	  402.77	-15	7	NULL
real	BR	455	13	15	   -1.00	1	   -1.00	0	6	  431.47	-15	7	NULL
real	NL	456	13	15	   -1.00	1	   -1.00	0	5	3147216.00	-3	0	NULL
real	PR	457	13	15	   -1.00	1	   -1.00	0	8	3151569.00	15	5	NULL
real	HL	458	13	15	   -1.00	1	   -1.00	0	5	  447.40	-3	5	NULL
real	LL	459	13	15	   -1.00	0	    1.00	1	8	3164381.00	15	0	NULL
real	NR	460	13	15	   -1.00	0	    1.00	1	9	3168596.00	-3	0	NULL
real	KL	461	13	-15	   -2.00	0	    1.00	1	8	3174164.00	15	0	NULL
real	ML	462	13	-15	   -4.00	0	    1.00	1	8	3178196.00	-3	0	NULL
real	QR	463	13	-15	    0.00	1	   -1.00	0	4	  462.12	-15	5	NULL
real	MR	464	13	-15	   -2.00	1	   -1.00	1	8	3186584.00	-3	0	NULL
real	FR	465	13	-15	   -1.00	1	   -1.00	1	10	  484.12	-3	5	NULL
real	OL	466	13	-15	   -2.00	1	   -1.00	1	7	3195341.00	15	5	NULL
real	ER	467	13	-15	   -2.00	1	   -1.00	0	6	  763.90	-3	7	NULL
real	JR	468	13	15	   -1.00	1	   -1.00	0	8	3203734.00	-15	0	NULL
real	LL	469	14	15	    0.00	0	    1.00	0	8	3211405.00	15	0	NULL
real	GR	470	14	15	   -1.00	0	    1.00	1	7	  818.99	-3	7	NULL
real	OL	471	14	-15	   -3.00	1	   -1.00	0	7	3222540.00	15	5	NULL
real	ER	472	14	-15	   -3.00	0	    1.00	1	7	  590.49	-3	7	NULL
real	EL	473	14	-15	   -2.00	1	   -1.00	1	7	  423.60	-3	7	NULL
real	CR	474	14	-15	   -3.00	0	    1.00	1	7	3239680.00	15	7	NULL
real	FL	475	14	-15	   -1.00	1	   -1.00	1	9	  533.12	-3	5	NULL
real	RR	476	14	15	   -2.00	0	    1.00	1	7	  485.73	-15	5	NULL
real	DR	477	14	15	    0.00	1	   -1.00	1	8	3256240.00	15	7	NULL
real	KL	478	14	-15	   -1.00	0	    1.00	0	8	3260952.00	15	0	NULL
real	FR	479	14	-15	   -2.00	1	   -1.00	0	10	  829.66	-3	5	NULL
real	QL	480	14	-15	   -2.00	0	    1.00	1	6	  609.44	-15	5	NULL
real	AR	481	14	-15	   -2.00	0	    1.00	1	7	  582.30	-15	7	NULL
real	HL	482	14	15	   -2.00	0	    1.00	1	6	  573.93	-3	5	NULL
real	AL	483	14	-15	   -2.00	0	    1.00	1	6	  420.36	-15	7	NULL
real	PR	484	14	15	   -2.00	0	    1.00	1	9	3289305.00	15	5	NULL
real	GL	485	14	15	    0.00	1	   -1.00	1	7	  474.99	-3	7	NULL
real	ML	486	14	-15	   -3.00	0	    1.00	0	8	3305206.00	-3	0	NULL
real	KR	487	14	-15	   -3.00	0	    1.00	0	5	3312413.00	15	0	NULL
real	IR	488	14	-15	   -3.00	0	    1.00	1	9	3316506.00	-15	0	NULL
real	CL	489	14	-15	   -3.00	0	    1.00	1	10	3321339.00	15	7	NULL
real	JL	490	14	15	   -2.00	0	    1.00	0	6	3325950.00	-15	0	NULL
real	OR	491	14	-15	   -1.00	1	   -1.00	1	8	3331213.00	15	5	NULL
real	LR	492	14	15	    0.00	1	   -1.00	0	8	3335577.00	15	0	NULL
real	HR	493	14	15	   -1.00	0	    1.00	1	5	  450.12	-3	5	NULL
real	NL	494	14	15	   -2.00	0	    1.00	1	6	3343658.00	-3	0	NULL
real	BL	495	14	15	   -2.00	0	    1.00	1	6	  675.12	-15	7	NULL
real	NR	496	14	15	    0.00	1	   -1.00	1	10	3352927.00	-3	0	NULL
real	QR	497	14	-15	   -1.00	1	   -1.00	0	4	  594.04	-15	5	NULL
real	BR	498	14	15	   -2.00	0	    1.00	1	7	  538.98	-15	7	NULL
real	DL	499	14	15	   -2.00	0	    1.00	1	8	3369220.00	15	7	NULL
real	IL	500	14	-15	   -1.00	1	   -1.00	1	9	3373299.00	-15	0	NULL
real	JR	501	14	15	   -2.00	0	    1.00	1	9	3377282.00	-15	0	NULL
real	RL	502	14	15	   -2.00	0	    1.00	0	6	  708.53	-15	5	NULL
real	PL	503	14	15	   -2.00	0	    1.00	1	6	3386094.00	15	5	NULL
real	MR	504	14	-15	   -3.00	0	    1.00	1	9	3390314.00	-3	0	NULL
real	QL	505	15	-15	   -1.00	1	   -1.00	1	7	  788.22	-15	5	NULL
real	DL	506	15	15	   -1.00	0	    1.00	0	8	3400008.00	15	7	NULL
real	DR	507	15	15	   -1.00	0	    1.00	1	9	3404790.00	15	7	NULL
real	QR	508	15	-15	   -2.00	0	    1.00	1	5	  518.57	-15	5	NULL
real	AL	509	15	-15	   -1.00	1	   -1.00	1	7	  558.45	-15	7	NULL
real	OR	510	15	-15	   -2.00	1	   -1.00	0	8	3418998.00	15	5	NULL
real	JL	511	15	15	   -1.00	1	   -1.00	1	7	3425477.00	-15	0	NULL
real	AR	512	15	-15	   -1.00	0	    1.00	0	7	  734.97	-15	7	NULL
real	HR	513	15	15	    0.00	1	   -1.00	1	6	  877.02	-3	5	NULL
real	KR	514	15	-15	   -2.00	0	    1.00	0	5	3438826.00	15	0	NULL
real	FL	515	15	-15	   -2.00	0	    1.00	1	10	  620.08	-3	5	NULL
real	GR	516	15	15	    0.00	1	   -1.00	1	8	  590.87	-3	7	NULL
real	NR	517	15	15	   -1.00	0	    1.00	1	11	3453472.00	-3	0	NULL
real	BR	518	15	15	   -1.00	0	    1.00	0	7	  486.89	-15	7	NULL
real	IL	519	15	-15	   -2.00	0	    1.00	1	10	3461496.00	-15	0	NULL
real	RL	520	15	15	   -1.00	1	   -1.00	1	7	  595.90	-15	5	NULL
real	ML	521	15	-15	   -2.00	0	    1.00	0	8	3469702.00	-3	0	NULL
real	CR	522	15	-15	   -2.00	1	   -1.00	1	8	3474734.00	15	7	NULL
real	GL	523	15	15	   -1.00	0	    1.00	1	8	  493.22	-3	7	NULL
real	JR	524	15	15	   -1.00	1	   -1.00	1	10	3482625.00	-15	0	NULL
real	PL	525	15	15	   -1.00	0	    1.00	0	6	3487101.00	15	5	NULL
real	MR	526	15	-15	   -2.00	1	   -1.00	1	10	3497271.00	-3	0	NULL
real	EL	527	15	-15	   -3.00	0	    1.00	1	8	  724.19	-3	7	NULL
real	LR	528	15	15	   -1.00	1	   -1.00	0	8	3516058.00	15	0	NULL
real	CL	529	15	-15	   -2.00	1	   -1.00	1	11	3520554.00	15	7	NULL
real	OL	530	15	-15	   -4.00	0	    1.00	1	8	3525123.00	15	5	NULL
real	KL	531	15	-15	    0.00	1	   -1.00	1	9	3530458.00	15	0	NULL
real	ER	532	15	-15	   -2.00	0	    1.00	0	7	  785.05	-3	7	NULL
real	FR	533	15	-15	   -3.00	0	    1.00	1	11	  746.31	-3	5	NULL
real	NL	534	15	15	   -1.00	0	    1.00	0	6	3543673.00	-3	0	NULL
real	PR	535	15	15	   -1.00	0	    1.00	0	9	3551900.00	15	5	NULL
real	HL	536	15	15	   -1.00	1	   -1.00	1	7	  791.49	-3	5	NULL
real	LL	537	15	15	    1.00	1	   -1.00	1	9	3562255.00	15	0	NULL
real	RR	538	15	15	   -1.00	1	   -1.00	1	8	  695.57	-15	5	NULL
real	BL	539	15	15	   -1.00	1	   -1.00	1	7	  888.87	-15	7	NULL
real	IR	540	15	-15	   -2.00	0	    1.00	0	9	3575427.00	-15	0	NULL
real	LR	541	16	15	   -2.00	0	    1.00	1	9	3579852.00	15	0	NULL
real	LL	542	16	15	    0.00	1	   -1.00	0	9	3584597.00	15	0	NULL
real	ML	543	16	-15	   -1.00	1	   -1.00	1	9	3588640.00	-3	0	NULL
real	GL	544	16	15	    0.00	1	   -1.00	1	9	  882.12	-3	7	NULL
real	DL	545	16	15	    0.00	1	   -1.00	1	9	3599286.00	15	7	NULL
real	FR	546	16	-15	   -2.00	0	    1.00	0	11	  740.40	-3	5	NULL
real	PL	547	16	15	    0.00	1	   -1.00	1	7	3611654.00	15	5	NULL
real	RR	548	16	15	   -2.00	0	    1.00	1	9	 1637.82	-15	5	NULL
real	HR	549	16	15	   -1.00	1	   -1.00	0	6	  685.29	-3	5	NULL
real	EL	550	16	-15	   -2.00	0	    1.00	0	8	  629.36	-3	7	NULL
real	FL	551	16	-15	   -1.00	0	    1.00	0	10	  774.95	-3	5	NULL
real	IL	552	16	-15	   -1.00	0	    1.00	0	10	3640646.00	-15	0	NULL
real	AR	553	16	-15	    0.00	0	    1.00	0	7	 1559.34	-15	7	NULL
real	NL	554	16	15	    0.00	0	    1.00	0	6	3650148.00	-3	0	NULL
real	RL	555	16	15	   -2.00	1	   -1.00	0	7	 1010.73	-15	5	NULL
real	KR	556	16	-15	   -1.00	1	   -1.00	1	6	3659268.00	15	0	NULL
real	NR	557	16	15	    0.00	0	    1.00	0	11	3664710.00	-3	0	NULL
real	BR	558	16	15	    0.00	1	   -1.00	1	8	  449.51	-15	7	NULL
real	MR	559	16	-15	   -3.00	0	    1.00	1	11	3673567.00	-3	0	NULL
real	PR	560	16	15	    0.00	0	    1.00	0	9	3678180.00	15	5	NULL
real	OL	561	16	-15	   -3.00	1	   -1.00	1	9	3683050.00	15	5	NULL
real	ER	562	16	-15	   -1.00	1	   -1.00	1	8	  424.25	-3	7	NULL
real	CR	563	16	-15	   -3.00	0	    1.00	1	9	3696536.00	15	7	NULL
real	JL	564	16	15	   -2.00	0	    1.00	1	8	3700548.00	-15	0	NULL
real	JR	565	16	15	   -2.00	0	    1.00	1	11	3705018.00	-15	0	NULL
real	KL	566	16	-15	   -1.00	1	   -1.00	0	9	3709054.00	15	0	NULL
real	QR	567	16	-15	   -1.00	0	    1.00	0	5	  887.20	-15	5	NULL
real	OR	568	16	-15	   -3.00	0	    1.00	1	9	3723636.00	15	5	NULL
real	BL	569	16	15	   -2.00	0	    1.00	1	8	  601.13	-15	7	NULL
real	GR	570	16	15	   -1.00	0	    1.00	1	9	  521.33	-3	7	NULL
real	AL	571	16	-15	   -2.00	0	    1.00	1	8	  641.69	-15	7	NULL
real	HL	572	16	15	   -2.00	0	    1.00	1	8	  469.47	-3	5	NULL
real	QL	573	16	-15	   -2.00	0	    1.00	1	8	  424.16	-15	5	NULL
real	IR	574	16	-15	   -1.00	0	    1.00	0	9	3751821.00	-15	0	NULL
real	CL	575	16	-15	   -3.00	0	    1.00	1	12	3757094.00	15	7	NULL
real	DR	576	16	15	    0.00	0	    1.00	0	9	3766566.00	15	7	NULL
real	IR	577	17	-15	    0.00	1	   -1.00	1	10	3770706.00	-15	0	NULL
real	NR	578	17	15	    1.00	1	   -1.00	1	12	3774856.00	-3	0	NULL
real	DR	579	17	15	    1.00	1	   -1.00	1	10	3779871.00	15	7	NULL
real	BR	580	17	15	   -1.00	1	   -1.00	0	8	  974.04	-15	7	NULL
real	PL	581	17	15	   -1.00	0	    1.00	1	8	3797875.00	15	5	NULL
real	RR	582	17	15	   -1.00	0	    1.00	0	9	  576.68	-15	5	NULL
real	FL	583	17	-15	    0.00	1	   -1.00	1	11	  443.01	-3	5	NULL
real	OL	584	17	-15	   -4.00	0	    1.00	1	10	3815054.00	15	5	NULL
real	BL	585	17	15	   -1.00	1	   -1.00	1	9	 1114.38	-15	7	NULL
real	CR	586	17	-15	   -2.00	1	   -1.00	1	10	3828469.00	15	7	NULL
real	OR	587	17	-15	   -2.00	1	   -1.00	1	10	3834390.00	15	5	NULL
real	LL	588	17	15	   -1.00	0	    1.00	1	10	3840284.00	15	0	NULL
real	KL	589	17	-15	   -2.00	1	   -1.00	0	9	3848356.00	15	0	NULL
real	MR	590	17	-15	   -2.00	0	    1.00	0	11	3855953.00	-3	0	NULL
real	ER	591	17	-15	   -2.00	1	   -1.00	0	8	  575.00	-3	7	NULL
real	QR	592	17	-15	    0.00	0	    1.00	0	5	 1600.56	-15	5	NULL
real	PR	593	17	15	    1.00	1	   -1.00	1	10	3873009.00	15	5	NULL
real	HR	594	17	15	   -2.00	0	    1.00	1	7	  535.98	-3	5	NULL
real	HL	595	17	15	   -1.00	0	    1.00	0	8	  722.17	-3	5	NULL
real	AR	596	17	-15	    1.00	1	   -1.00	1	8	  445.74	-15	7	NULL
real	QL	597	17	-15	   -1.00	1	   -1.00	1	9	  734.53	-15	5	NULL
real	NL	598	17	15	    1.00	1	   -1.00	1	7	3898908.00	-3	0	NULL
real	AL	599	17	-15	   -1.00	1	   -1.00	1	9	  450.56	-15	7	NULL
real	ML	600	17	-15	   -2.00	0	    1.00	1	10	3910311.00	-3	0	NULL
real	FR	601	17	-15	   -1.00	1	   -1.00	1	12	  656.04	-3	5	NULL
real	GR	602	17	15	    0.00	1	   -1.00	1	10	  608.34	-3	7	NULL
real	KR	603	17	-15	   -2.00	0	    1.00	1	7	3924776.00	15	0	NULL
real	LR	604	17	15	   -1.00	0	    1.00	0	9	3934477.00	15	0	NULL
real	JR	605	17	15	   -1.00	1	   -1.00	1	12	3939242.00	-15	0	NULL
real	JL	606	17	15	   -1.00	0	    1.00	0	8	3944220.00	-15	0	NULL
real	GL	607	17	15	   -1.00	1	   -1.00	0	9	  705.70	-3	7	NULL
real	EL	608	17	-15	   -1.00	1	   -1.00	1	9	  610.19	-3	7	NULL
real	RL	609	17	15	   -3.00	0	    1.00	1	8	  612.60	-15	5	NULL
real	IL	610	17	-15	    0.00	1	   -1.00	1	11	3962986.00	-15	0	NULL
real	DL	611	17	15	   -1.00	0	    1.00	1	10	3967570.00	15	7	NULL
real	RR	612	18	15	    0.00	1	   -1.00	1	10	  457.32	-15	5	NULL
real	CR	613	18	-15	   -3.00	1	   -1.00	0	10	3980449.00	15	7	NULL
real	QR	614	18	-15	    1.00	1	   -1.00	1	6	  427.25	-15	5	NULL
real	OL	615	18	-15	   -3.00	0	    1.00	0	10	3994191.00	15	5	NULL
real	GL	616	18	15	   -2.00	0	    1.00	1	10	  526.41	-3	7	NULL
real	IL	617	18	-15	   -1.00	0	    1.00	1	12	4006871.00	-15	0	NULL
real	HL	618	18	15	    0.00	1	   -1.00	1	9	  971.77	-3	5	NULL
real	BL	619	18	15	   -2.00	0	    1.00	1	10	  495.20	-15	7	NULL
real	MR	620	18	-15	   -1.00	1	   -1.00	1	12	4020366.00	-3	0	NULL
real	DL	621	18	15	    0.00	0	    1.00	0	10	4027259.00	15	7	NULL
real	ER	622	18	-15	   -3.00	0	    1.00	1	9	  555.52	-3	7	NULL
real	JL	623	18	15	    0.00	1	   -1.00	1	9	4035503.00	-15	0	NULL
real	NL	624	18	15	    0.00	1	   -1.00	0	7	4039433.00	-3	0	NULL
real	IR	625	18	-15	   -1.00	1	   -1.00	0	10	4044727.00	-15	0	NULL
real	KL	626	18	-15	   -3.00	1	   -1.00	0	9	4048692.00	15	0	NULL
real	KR	627	18	-15	   -1.00	1	   -1.00	1	8	4054270.00	15	0	NULL
real	PL	628	18	15	    0.00	0	    1.00	0	8	4058663.00	15	5	NULL
real	DR	629	18	15	    0.00	1	   -1.00	0	10	4063237.00	15	7	NULL
real	AL	630	18	-15	   -2.00	0	    1.00	1	10	  451.04	-15	7	NULL
real	BR	631	18	15	   -2.00	0	    1.00	1	9	  694.45	-15	7	NULL
real	HR	632	18	15	   -1.00	0	    1.00	0	7	  617.25	-3	5	NULL
real	FL	633	18	-15	   -1.00	1	   -1.00	0	11	  704.12	-3	5	NULL
real	QL	634	18	-15	   -2.00	0	    1.00	1	10	  442.14	-15	5	NULL
real	PR	635	18	15	    0.00	0	    1.00	1	11	4106858.00	15	5	NULL
real	LL	636	18	15	    0.00	0	    1.00	0	10	4119543.00	15	0	NULL
real	OR	637	18	-15	   -3.00	0	    1.00	1	11	4123930.00	15	5	NULL
real	RL	638	18	15	   -2.00	0	    1.00	0	8	  506.35	-15	5	NULL
real	EL	639	18	-15	   -2.00	1	   -1.00	0	9	  701.19	-3	7	NULL
real	GR	640	18	15	   -1.00	0	    1.00	1	11	  417.43	-3	7	NULL
real	AR	641	18	-15	    0.00	1	   -1.00	0	8	  426.44	-15	7	NULL
real	LR	642	18	15	    0.00	1	   -1.00	1	10	4145175.00	15	0	NULL
real	ML	643	18	-15	   -1.00	1	   -1.00	1	11	4149886.00	-3	0	NULL
real	HR	644	19	15	    0.00	1	   -1.00	1	8	  427.81	-3	5	NULL
real	DL	645	19	15	    1.00	1	   -1.00	1	11	4158683.00	15	7	NULL
real	QR	646	19	-15	    0.00	1	   -1.00	0	6	  480.63	-15	5	NULL
real	KL	647	19	-15	   -4.00	0	    1.00	1	10	4167691.00	15	0	NULL
real	ML	648	19	-15	   -2.00	0	    1.00	1	12	4172229.00	-3	0	NULL
real	DR	649	19	15	   -1.00	0	    1.00	1	11	4179630.00	15	7	NULL
real	OR	650	19	-15	   -2.00	1	   -1.00	1	12	4184008.00	15	5	NULL
real	JL	651	19	15	   -1.00	0	    1.00	1	10	4188850.00	-15	0	NULL
real	RR	652	19	15	   -1.00	1	   -1.00	0	10	  516.73	-15	5	NULL
real	ER	653	19	-15	   -2.00	0	    1.00	0	9	  621.67	-3	7	NULL
real	GL	654	19	15	   -1.00	0	    1.00	0	10	  521.89	-3	7	NULL
real	BR	655	19	15	   -1.00	0	    1.00	0	9	  547.98	-15	7	NULL
real	RL	656	19	15	   -1.00	1	   -1.00	1	9	  587.58	-15	5	NULL
real	PR	657	19	15	    1.00	1	   -1.00	1	12	4216692.00	15	5	NULL
real	KR	658	19	-15	   -2.00	0	    1.00	1	9	4221130.00	15	0	NULL
real	CR	659	19	-15	   -4.00	0	    1.00	1	11	4226016.00	15	7	NULL
real	AR	660	19	-15	   -1.00	0	    1.00	1	9	  518.06	-15	7	NULL
real	OL	661	19	-15	   -2.00	1	   -1.00	1	11	4236403.00	15	5	NULL
real	BL	662	19	15	   -1.00	0	    1.00	0	10	  602.21	-15	7	NULL
real	AL	663	19	-15	   -1.00	1	   -1.00	1	11	  413.17	-15	7	NULL
real	HL	664	19	15	   -1.00	0	    1.00	1	10	  461.66	-3	5	NULL
real	IR	665	19	-15	   -2.00	0	    1.00	1	11	4252800.00	-15	0	NULL
real	EL	666	19	-15	   -3.00	0	    1.00	1	10	  541.54	-3	7	NULL
real	FL	667	19	-15	   -2.00	1	   -1.00	0	11	  640.05	-3	5	NULL
real	LR	668	19	15	   -1.00	0	    1.00	1	11	4266555.00	15	0	NULL
real	NL	669	19	15	   -1.00	0	    1.00	1	8	4270785.00	-3	0	NULL
real	GR	670	19	15	    0.00	1	   -1.00	1	12	  359.66	-3	7	NULL
real	LL	671	19	15	    1.00	1	   -1.00	1	11	4279529.00	15	0	NULL
real	QL	672	19	-15	   -1.00	0	    1.00	0	10	  592.72	-15	5	NULL
real	PL	673	19	15	    1.00	1	   -1.00	1	9	4290324.00	15	5	NULL
real	OL	674	20	-15	   -3.00	0	    1.00	1	12	4300908.00	15	5	NULL
real	DL	675	20	15	    0.00	1	   -1.00	0	11	4309130.00	15	7	NULL
real	BR	676	20	15	    0.00	1	   -1.00	1	10	  509.38	-15	7	NULL
real	RR	677	20	15	   -2.00	1	   -1.00	0	10	  478.45	-15	5	NULL
real	AL	678	20	-15	   -2.00	0	    1.00	1	12	  483.62	-15	7	NULL
real	QR	679	20	-15	   -1.00	0	    1.00	1	7	  602.84	-15	5	NULL
real	KR	680	20	-15	   -1.00	1	   -1.00	1	10	4330821.00	15	0	NULL
real	HR	681	20	15	   -1.00	0	    1.00	1	9	  510.74	-3	5	NULL
real	HL	682	20	15	    0.00	0	    1.00	0	10	  581.05	-3	5	NULL
real	DR	683	20	15	    0.00	0	    1.00	0	11	4343640.00	15	7	NULL
real	QL	684	20	-15	    0.00	1	   -1.00	1	11	  484.07	-15	5	NULL
real	GL	685	20	15	    0.00	0	    1.00	0	10	  468.04	-3	7	NULL
real	CR	686	20	-15	   -3.00	0	    1.00	0	11	4356903.00	15	7	NULL
real	IR	687	20	-15	   -1.00	0	    1.00	0	11	4361057.00	-15	0	NULL
real	RL	688	20	15	   -2.00	0	    1.00	1	10	  576.36	-15	5	NULL
real	ER	689	20	-15	   -1.00	1	   -1.00	1	10	  422.76	-3	7	NULL
real	NL	690	20	15	    0.00	0	    1.00	0	8	4374529.00	-3	0	NULL
real	AR	691	20	-15	    0.00	1	   -1.00	1	10	  751.95	-15	7	NULL
real	EL	692	20	-15	   -2.00	1	   -1.00	1	11	  700.95	-3	7	NULL
real	KL	693	20	-15	   -3.00	1	   -1.00	1	11	4388027.00	15	0	NULL
real	BL	694	20	15	    0.00	1	   -1.00	1	11	  516.23	-15	7	NULL
real	FL	695	20	-15	   -3.00	0	    1.00	1	12	  411.78	-3	5	NULL
real	JL	696	20	15	    0.00	1	   -1.00	1	11	4400979.00	-15	0	NULL
real	LL	697	20	15	    0.00	1	   -1.00	0	11	4405944.00	15	0	NULL
real	PL	698	20	15	    0.00	1	   -1.00	0	9	4410438.00	15	5	NULL
real	LR	699	20	15	    0.00	1	   -1.00	1	12	4414962.00	15	0	NULL
real	RR	700	21	15	   -3.00	0	    1.00	1	11	  547.64	-15	5	NULL
real	NL	701	21	15	    1.00	1	   -1.00	1	9	4425970.00	-3	0	NULL
real	AR	702	21	-15	   -1.00	0	    1.00	1	11	  381.25	-15	7	NULL
real	PL	703	21	15	   -1.00	0	    1.00	1	10	4434500.00	15	5	NULL
real	CR	704	21	-15	   -2.00	0	    1.00	0	11	4438635.00	15	7	NULL
real	IR	705	21	-15	    0.00	0	    1.00	0	11	4442774.00	-15	0	NULL
real	HL	706	21	15	    1.00	1	   -1.00	1	11	  698.16	-3	5	NULL
real	DL	707	21	15	   -1.00	0	    1.00	1	12	4458207.00	15	7	NULL
real	QR	708	21	-15	    0.00	1	   -1.00	1	8	  406.23	-15	5	NULL
real	BL	709	21	15	   -1.00	1	   -1.00	0	11	  396.21	-15	7	NULL
real	KL	710	21	-15	   -4.00	0	    1.00	1	12	4470515.00	15	0	NULL
real	KR	711	21	-15	   -2.00	1	   -1.00	0	10	4475093.00	15	0	NULL
real	HR	712	21	15	    0.00	0	    1.00	0	9	  823.65	-3	5	NULL
real	BR	713	21	15	   -1.00	0	    1.00	1	11	  562.62	-15	7	NULL
real	DR	714	21	15	    1.00	1	   -1.00	1	12	4488247.00	15	7	NULL
real	JL	715	21	15	   -1.00	1	   -1.00	0	11	4493304.00	-15	0	NULL
real	EL	716	21	-15	   -3.00	0	    1.00	1	12	  859.98	-3	7	NULL
real	RL	717	21	15	   -1.00	0	    1.00	0	10	  921.44	-15	5	NULL
real	LL	718	21	15	   -1.00	0	    1.00	1	12	4507619.00	15	0	NULL
real	ER	719	21	-15	   -2.00	0	    1.00	1	11	  866.04	-3	7	NULL
real	QL	720	21	-15	   -1.00	0	    1.00	1	12	  728.68	-15	5	NULL
real	GL	721	21	15	    1.00	1	   -1.00	1	11	  458.70	-3	7	NULL
real	BR	722	22	15	    0.00	1	   -1.00	1	12	  668.31	-15	7	NULL
real	ER	723	22	-15	   -1.00	0	    1.00	0	11	  570.46	-3	7	NULL
real	QR	724	22	-15	   -1.00	1	   -1.00	0	8	  677.20	-15	5	NULL
real	AR	725	22	-15	    0.00	1	   -1.00	1	12	  626.81	-15	7	NULL
real	IR	726	22	-15	    1.00	1	   -1.00	1	12	4540877.00	-15	0	NULL
real	KR	727	22	-15	   -3.00	1	   -1.00	0	10	4545541.00	15	0	NULL
real	BL	728	22	15	   -2.00	0	    1.00	1	12	  565.99	-15	7	NULL
real	NL	729	22	15	    0.00	1	   -1.00	0	9	4555561.00	-3	0	NULL
real	RL	730	22	15	    0.00	1	   -1.00	1	11	  512.10	-15	5	NULL
real	CR	731	22	-15	   -1.00	1	   -1.00	1	12	4565568.00	15	7	NULL
real	HL	732	22	15	    0.00	1	   -1.00	0	11	  436.45	-3	5	NULL
real	GL	733	22	15	    0.00	1	   -1.00	0	11	  329.62	-3	7	NULL
real	JL	734	22	15	   -2.00	0	    1.00	1	12	4578327.00	-15	0	NULL
real	PL	735	22	15	    0.00	1	   -1.00	1	11	4582793.00	15	5	NULL
real	HR	736	22	15	    1.00	1	   -1.00	1	10	  371.03	-3	5	NULL
real	RR	737	22	15	   -2.00	1	   -1.00	1	12	  918.29	-15	5	NULL
real	HL	738	23	15	   -1.00	0	    1.00	1	12	  471.06	-3	5	NULL
real	GL	739	23	15	   -1.00	0	    1.00	1	12	  559.55	-3	7	NULL
real	PL	740	23	15	   -1.00	0	    1.00	1	12	4612150.00	15	5	NULL
real	RL	741	23	15	   -1.00	1	   -1.00	0	11	  524.30	-15	5	NULL
real	ER	742	23	-15	    0.00	1	   -1.00	1	12	  487.80	-3	7	NULL
real	QR	743	23	-15	   -2.00	1	   -1.00	0	8	  406.95	-15	5	NULL
real	KR	744	23	-15	   -4.00	0	    1.00	1	11	4629956.00	15	0	NULL
real	HR	745	23	15	    0.00	1	   -1.00	0	10	  646.73	-3	5	NULL
real	NL	746	23	15	   -1.00	0	    1.00	1	10	4639524.00	-3	0	NULL
real	NL	747	24	15	    0.00	0	    1.00	0	10	4645829.00	-3	0	NULL
real	HR	748	24	15	   -1.00	0	    1.00	1	11	  707.01	-3	5	NULL
real	RL	749	24	15	   -2.00	0	    1.00	1	12	  480.76	-15	5	NULL
real	KR	750	24	-15	   -3.00	1	   -1.00	1	12	4658861.00	15	0	NULL
real	QR	751	24	-15	   -3.00	0	    1.00	1	9	  466.35	-15	5	NULL
real	HR	752	25	15	    0.00	1	   -1.00	1	12	  419.90	-3	5	NULL
real	NL	753	25	15	    1.00	1	   -1.00	1	11	4674482.00	-3	0	NULL
real	QR	754	25	-15	   -2.00	1	   -1.00	1	10	  676.05	-15	5	NULL
real	QR	755	26	-15	   -3.00	0	    1.00	1	11	  468.49	-15	5	NULL
real	NL	756	26	15	    0.00	1	   -1.00	0	11	4691859.00	-3	0	NULL
real	NL	757	27	15	   -1.00	0	    1.00	1	12	4696341.00	-3	0	NULL
real	QR	758	27	-15	   -2.00	0	    1.00	0	11	  637.68	-15	5	NULL
real	QR	759	28	-15	   -1.00	0	    1.00	0	11	  702.51	-15	5	NULL
real	QR	760	29	-15	    0.00	1	   -1.00	1	12	  466.76	-15	5	NULL
