TRIAL_TYPE	trial_variant	TRIAL_NUMBER	TRIAL_ITERATION_VAL	frame_tilt	rod_tilt	response	step_size	reversal	reversal_num	RT	probe_del	alpha_entrain_refreshes	rod_tilt_val
real	BR	1	1	15	   20.00	0	    8.00	0	0	17355.40	-15	7	NULL
real	CR	2	1	-15	   20.00	0	    8.00	0	0	484010.00	15	7	NULL
real	CL	3	1	-15	  -20.00	0	    8.00	0	0	505783.00	15	7	NULL
real	IR	4	1	-15	   20.00	1	   -8.00	0	0	513350.00	-15	0	NULL
real	PR	5	1	15	   20.00	1	   -8.00	0	0	518210.00	15	5	NULL
real	ML	6	1	-15	  -20.00	0	    8.00	0	0	582284.00	-3	0	NULL
real	DR	7	1	15	   20.00	1	   -8.00	0	0	587394.00	15	7	NULL
real	EL	8	1	-15	  -20.00	0	    8.00	0	0	  429.20	-3	7	NULL
real	LR	9	1	15	   20.00	1	   -8.00	0	0	598199.00	15	0	NULL
real	GR	10	1	15	   20.00	1	   -8.00	0	0	  563.71	-3	7	NULL
real	JR	11	1	15	   20.00	1	   -8.00	0	0	606668.00	-15	0	NULL
real	ER	12	1	-15	   20.00	1	   -8.00	0	0	  439.64	-3	7	NULL
real	FL	13	1	-15	  -20.00	0	    8.00	0	0	  528.02	-3	5	NULL
real	OR	14	1	-15	   20.00	1	   -8.00	0	0	622602.00	15	5	NULL
real	OL	15	1	-15	  -20.00	0	    8.00	0	0	627157.00	15	5	NULL
real	LL	16	1	15	  -20.00	0	    8.00	0	0	631637.00	15	0	NULL
real	IL	17	1	-15	  -20.00	0	    8.00	0	0	639710.00	-15	0	NULL
real	DL	18	1	15	  -20.00	0	    8.00	0	0	644181.00	15	7	NULL
real	AR	19	1	-15	   20.00	1	   -8.00	0	0	  505.52	-15	7	NULL
real	KL	20	1	-15	  -20.00	0	    8.00	0	0	653422.00	15	0	NULL
real	NL	21	1	15	  -20.00	0	    8.00	0	0	658616.00	-3	0	NULL
real	GL	22	1	15	  -20.00	0	    8.00	0	0	  544.65	-3	7	NULL
real	RL	23	1	15	  -20.00	0	    8.00	0	0	  489.93	-15	5	NULL
real	KR	24	1	-15	   20.00	1	   -8.00	0	0	673008.00	15	0	NULL
real	HL	25	1	15	  -20.00	0	    8.00	0	0	  434.27	-3	5	NULL
real	NR	26	1	15	   20.00	1	   -8.00	0	0	684630.00	-3	0	NULL
real	PL	27	1	15	  -20.00	0	    8.00	0	0	689434.00	15	5	NULL
real	BL	28	1	15	  -20.00	0	    8.00	0	0	  377.81	-15	7	NULL
real	MR	29	1	-15	   20.00	1	   -8.00	0	0	699372.00	-3	0	NULL
real	QR	30	1	-15	   20.00	1	   -8.00	0	0	  544.99	-15	5	NULL
real	FR	31	1	-15	   20.00	1	   -8.00	0	0	  536.64	-3	5	NULL
real	AL	32	1	-15	  -20.00	0	    8.00	0	0	  466.62	-15	7	NULL
real	RR	33	1	15	   20.00	1	   -8.00	0	0	  547.92	-15	5	NULL
real	JL	34	1	15	  -20.00	0	    8.00	0	0	726855.00	-15	0	NULL
real	HR	35	1	15	   20.00	1	   -8.00	0	0	  450.20	-3	5	NULL
real	QL	36	1	-15	  -20.00	0	    8.00	0	0	  450.07	-15	5	NULL
real	LR	37	2	15	   12.00	1	   -8.00	0	0	745271.00	15	0	NULL
real	JR	38	2	15	   12.00	1	   -8.00	0	0	749749.00	-15	0	NULL
real	ML	39	2	-15	  -12.00	0	    8.00	0	0	755191.00	-3	0	NULL
real	IR	40	2	-15	   12.00	1	   -8.00	0	0	759390.00	-15	0	NULL
real	FR	41	2	-15	   12.00	1	   -8.00	0	0	  400.49	-3	5	NULL
real	DL	42	2	15	  -12.00	0	    8.00	0	0	768512.00	15	7	NULL
real	LL	43	2	15	  -12.00	0	    8.00	0	0	773715.00	15	0	NULL
real	HL	44	2	15	  -12.00	0	    8.00	0	0	  515.46	-3	5	NULL
real	CR	45	2	-15	20	1	   -4.00	1	1	785122.00	15	7	NULL
real	NR	46	2	15	   12.00	1	   -8.00	0	0	790480.00	-3	0	NULL
real	HR	47	2	15	   12.00	1	   -8.00	0	0	  409.65	-3	5	NULL
real	KR	48	2	-15	   12.00	1	   -8.00	0	0	799258.00	15	0	NULL
real	OR	49	2	-15	   12.00	1	   -8.00	0	0	804375.00	15	5	NULL
real	MR	50	2	-15	   12.00	1	   -8.00	0	0	811943.00	-3	0	NULL
real	BL	51	2	15	  -12.00	0	    8.00	0	0	  695.74	-15	7	NULL
real	AR	52	2	-15	   12.00	1	   -8.00	0	0	  603.18	-15	7	NULL
real	PR	53	2	15	   12.00	1	   -8.00	0	0	826230.00	15	5	NULL
real	GL	54	2	15	  -12.00	0	    8.00	0	0	  536.57	-3	7	NULL
real	JL	55	2	15	  -12.00	0	    8.00	0	0	835420.00	-15	0	NULL
real	AL	56	2	-15	  -12.00	0	    8.00	0	0	  541.29	-15	7	NULL
real	QR	57	2	-15	   12.00	1	   -8.00	0	0	  426.58	-15	5	NULL
real	EL	58	2	-15	  -12.00	0	    8.00	0	0	  535.72	-3	7	NULL
real	KL	59	2	-15	  -12.00	0	    8.00	0	0	852800.00	15	0	NULL
real	IL	60	2	-15	  -12.00	0	    8.00	0	0	857267.00	-15	0	NULL
real	NL	61	2	15	  -12.00	0	    8.00	0	0	865348.00	-3	0	NULL
real	OL	62	2	-15	  -12.00	0	    8.00	0	0	871288.00	15	5	NULL
real	FL	63	2	-15	  -12.00	0	    8.00	0	0	  450.77	-3	5	NULL
real	DR	64	2	15	   12.00	1	   -8.00	0	0	880606.00	15	7	NULL
real	PL	65	2	15	  -12.00	0	    8.00	0	0	886685.00	15	5	NULL
real	GR	66	2	15	   12.00	1	   -8.00	0	0	  880.24	-3	7	NULL
real	RL	67	2	15	  -12.00	0	    8.00	0	0	  845.35	-15	5	NULL
real	ER	68	2	-15	   12.00	1	   -8.00	0	0	  485.22	-3	7	NULL
real	RR	69	2	15	   12.00	1	   -8.00	0	0	  786.45	-15	5	NULL
real	CL	70	2	-15	  -12.00	0	    8.00	0	0	912061.00	15	7	NULL
real	BR	71	2	15	20	1	   -4.00	1	1	  806.14	-15	7	NULL
real	QL	72	2	-15	  -12.00	0	    8.00	0	0	  606.38	-15	5	NULL
real	PR	73	3	15	    4.00	0	    4.00	1	1	931198.00	15	5	NULL
real	FL	74	3	-15	   -4.00	1	   -4.00	1	1	 1310.17	-3	5	NULL
real	HL	75	3	15	   -4.00	0	    8.00	0	0	  575.62	-3	5	NULL
real	QL	76	3	-15	   -4.00	0	    8.00	0	0	  532.74	-15	5	NULL
real	LR	77	3	15	    4.00	1	   -8.00	0	0	953050.00	15	0	NULL
real	DR	78	3	15	    4.00	1	   -8.00	0	0	958630.00	15	7	NULL
real	GR	79	3	15	    4.00	0	    4.00	1	1	 1174.06	-3	7	NULL
real	OL	80	3	-15	   -4.00	0	    8.00	0	0	970283.00	15	5	NULL
real	AL	81	3	-15	   -4.00	0	    8.00	0	0	  573.00	-15	7	NULL
real	NL	82	3	15	   -4.00	0	    8.00	0	0	980094.00	-3	0	NULL
real	LL	83	3	15	   -4.00	0	    8.00	0	0	985209.00	15	0	NULL
real	AR	84	3	-15	    4.00	1	   -8.00	0	0	 1003.40	-15	7	NULL
real	DL	85	3	15	   -4.00	0	    8.00	0	0	994593.00	15	7	NULL
real	ER	86	3	-15	    4.00	1	   -8.00	0	0	  469.57	-3	7	NULL
real	BL	87	3	15	   -4.00	0	    8.00	0	0	  578.69	-15	7	NULL
real	IR	88	3	-15	    4.00	1	   -8.00	0	0	1009805.00	-15	0	NULL
real	ML	89	3	-15	   -4.00	1	   -4.00	1	1	1016492.00	-3	0	NULL
real	EL	90	3	-15	   -4.00	1	   -4.00	1	1	 1393.43	-3	7	NULL
real	QR	91	3	-15	    4.00	1	   -8.00	0	0	  865.23	-15	5	NULL
real	CR	92	3	-15	   16.00	1	   -4.00	0	1	1031786.00	15	7	NULL
real	OR	93	3	-15	    4.00	1	   -8.00	0	0	1037016.00	15	5	NULL
real	NR	94	3	15	    4.00	1	   -8.00	0	0	1042351.00	-3	0	NULL
real	HR	95	3	15	    4.00	1	   -8.00	0	0	  765.44	-3	5	NULL
real	KR	96	3	-15	    4.00	1	   -8.00	0	0	1052750.00	15	0	NULL
real	IL	97	3	-15	   -4.00	0	    8.00	0	0	1056826.00	-15	0	NULL
real	RL	98	3	15	   -4.00	0	    8.00	0	0	  529.08	-15	5	NULL
real	CL	99	3	-15	   -4.00	0	    8.00	0	0	1067793.00	15	7	NULL
real	RR	100	3	15	    4.00	1	   -8.00	0	0	  478.99	-15	5	NULL
real	GL	101	3	15	   -4.00	0	    8.00	0	0	  520.39	-3	7	NULL
real	BR	102	3	15	   16.00	1	   -4.00	0	1	  607.56	-15	7	NULL
real	FR	103	3	-15	    4.00	1	   -8.00	0	0	  631.93	-3	5	NULL
real	MR	104	3	-15	    4.00	1	   -8.00	0	0	1091210.00	-3	0	NULL
real	JR	105	3	15	    4.00	1	   -8.00	0	0	1097158.00	-15	0	NULL
real	JL	106	3	15	   -4.00	0	    8.00	0	0	1101379.00	-15	0	NULL
real	KL	107	3	-15	   -4.00	0	    8.00	0	0	1106911.00	15	0	NULL
real	PL	108	3	15	   -4.00	0	    8.00	0	0	1111623.00	15	5	NULL
real	QL	109	4	-15	    4.00	1	   -4.00	1	1	  549.71	-15	5	NULL
real	IL	110	4	-15	    4.00	1	   -4.00	1	1	1121398.00	-15	0	NULL
real	NL	111	4	15	    4.00	1	   -4.00	1	1	1125999.00	-3	0	NULL
real	BR	112	4	15	   12.00	1	   -4.00	0	1	  559.54	-15	7	NULL
real	PR	113	4	15	    8.00	1	   -2.00	1	2	1136558.00	15	5	NULL
real	DL	114	4	15	    4.00	1	   -4.00	1	1	1141639.00	15	7	NULL
real	AL	115	4	-15	    4.00	1	   -4.00	1	1	 1189.75	-15	7	NULL
real	PL	116	4	15	    4.00	1	   -4.00	1	1	1150396.00	15	5	NULL
real	BL	117	4	15	    4.00	1	   -4.00	1	1	  692.72	-15	7	NULL
real	OR	118	4	-15	   -4.00	0	    4.00	1	1	1159906.00	15	5	NULL
real	RR	119	4	15	   -4.00	0	    4.00	1	1	  676.85	-15	5	NULL
real	JR	120	4	15	   -4.00	0	    4.00	1	1	1168071.00	-15	0	NULL
real	FR	121	4	-15	   -4.00	0	    4.00	1	1	  722.71	-3	5	NULL
real	HL	122	4	15	    4.00	1	   -4.00	1	1	 1082.98	-3	5	NULL
real	LL	123	4	15	    4.00	1	   -4.00	1	1	1183198.00	15	0	NULL
real	DR	124	4	15	   -4.00	0	    4.00	1	1	1190931.00	15	7	NULL
real	KL	125	4	-15	    4.00	1	   -4.00	1	1	1196079.00	15	0	NULL
real	NR	126	4	15	   -4.00	0	    4.00	1	1	1200140.00	-3	0	NULL
real	AR	127	4	-15	   -4.00	0	    4.00	1	1	  644.72	-15	7	NULL
real	FL	128	4	-15	   -8.00	0	    2.00	1	2	  551.67	-3	5	NULL
real	ER	129	4	-15	   -4.00	0	    4.00	1	1	 1066.36	-3	7	NULL
real	ML	130	4	-15	   -8.00	0	    2.00	1	2	1220062.00	-3	0	NULL
real	GL	131	4	15	    4.00	1	   -4.00	1	1	 1693.54	-3	7	NULL
real	MR	132	4	-15	   -4.00	1	   -8.00	0	0	1230018.00	-3	0	NULL
real	KR	133	4	-15	   -4.00	0	    4.00	1	1	1235778.00	15	0	NULL
real	QR	134	4	-15	   -4.00	0	    4.00	1	1	  557.34	-15	5	NULL
real	OL	135	4	-15	    4.00	1	   -4.00	1	1	1245810.00	15	5	NULL
real	IR	136	4	-15	   -4.00	0	    4.00	1	1	1250029.00	-15	0	NULL
real	JL	137	4	15	    4.00	1	   -4.00	1	1	1255073.00	-15	0	NULL
real	LR	138	4	15	   -4.00	0	    4.00	1	1	1259324.00	15	0	NULL
real	GR	139	4	15	    8.00	1	   -2.00	1	2	  605.03	-3	7	NULL
real	CR	140	4	-15	   12.00	1	   -4.00	0	1	1267963.00	15	7	NULL
real	HR	141	4	15	   -4.00	0	    4.00	1	1	  476.11	-3	5	NULL
real	EL	142	4	-15	   -8.00	0	    2.00	1	2	  448.34	-3	7	NULL
real	RL	143	4	15	    4.00	1	   -4.00	1	1	  520.02	-15	5	NULL
real	CL	144	4	-15	    4.00	1	   -4.00	1	1	1287142.00	15	7	NULL
real	PR	145	5	15	    6.00	1	   -2.00	0	2	1292062.00	15	5	NULL
real	HR	146	5	15	    0.00	0	    4.00	0	1	  484.88	-3	5	NULL
real	CR	147	5	-15	    8.00	1	   -4.00	0	1	1299924.00	15	7	NULL
real	ER	148	5	-15	    0.00	1	   -2.00	1	2	  659.04	-3	7	NULL
real	DL	149	5	15	    0.00	0	    2.00	1	2	1309017.00	15	7	NULL
real	NL	150	5	15	    0.00	0	    2.00	1	2	1313314.00	-3	0	NULL
real	LL	151	5	15	    0.00	0	    2.00	1	2	1318273.00	15	0	NULL
real	GL	152	5	15	    0.00	0	    2.00	1	2	  535.15	-3	7	NULL
real	IR	153	5	-15	    0.00	0	    4.00	0	1	1326986.00	-15	0	NULL
real	OL	154	5	-15	    0.00	1	   -4.00	0	1	1331204.00	15	5	NULL
real	QL	155	5	-15	    0.00	1	   -4.00	0	1	  931.81	-15	5	NULL
real	BL	156	5	15	    0.00	0	    2.00	1	2	  675.34	-15	7	NULL
real	PL	157	5	15	    0.00	0	    2.00	1	2	1349509.00	15	5	NULL
real	NR	158	5	15	    0.00	0	    4.00	0	1	1355000.00	-3	0	NULL
real	LR	159	5	15	    0.00	0	    4.00	0	1	1360835.00	15	0	NULL
real	KL	160	5	-15	    0.00	1	   -4.00	0	1	1365665.00	15	0	NULL
real	FR	161	5	-15	    0.00	1	   -2.00	1	2	  719.02	-3	5	NULL
real	ML	162	5	-15	   -6.00	0	    2.00	0	2	1374594.00	-3	0	NULL
real	CL	163	5	-15	    0.00	1	   -4.00	0	1	1380190.00	15	7	NULL
real	RR	164	5	15	    0.00	1	   -2.00	1	2	 1258.86	-15	5	NULL
real	AR	165	5	-15	    0.00	1	   -2.00	1	2	  965.28	-15	7	NULL
real	OR	166	5	-15	    0.00	1	   -2.00	1	2	1393748.00	15	5	NULL
real	GR	167	5	15	    6.00	1	   -2.00	0	2	  489.08	-3	7	NULL
real	KR	168	5	-15	    0.00	1	   -2.00	1	2	1403693.00	15	0	NULL
real	DR	169	5	15	    0.00	0	    4.00	0	1	1408327.00	15	7	NULL
real	FL	170	5	-15	   -6.00	0	    2.00	0	2	  463.15	-3	5	NULL
real	RL	171	5	15	    0.00	0	    2.00	1	2	  637.72	-15	5	NULL
real	MR	172	5	-15	  -12.00	0	    4.00	1	1	1421011.00	-3	0	NULL
real	IL	173	5	-15	    0.00	1	   -4.00	0	1	1425121.00	-15	0	NULL
real	QR	174	5	-15	    0.00	1	   -2.00	1	2	  681.26	-15	5	NULL
real	BR	175	5	15	    8.00	1	   -4.00	0	1	  519.25	-15	7	NULL
real	JR	176	5	15	    0.00	0	    4.00	0	1	1437697.00	-15	0	NULL
real	HL	177	5	15	    0.00	0	    2.00	1	2	  732.85	-3	5	NULL
real	EL	178	5	-15	   -6.00	0	    2.00	0	2	  617.48	-3	7	NULL
real	AL	179	5	-15	    0.00	0	    2.00	1	2	  881.34	-15	7	NULL
real	JL	180	5	15	    0.00	0	    2.00	1	2	1456742.00	-15	0	NULL
real	OL	181	6	-15	   -4.00	0	    2.00	1	2	1461350.00	15	5	NULL
real	FL	182	6	-15	   -4.00	0	    2.00	0	2	  448.30	-3	5	NULL
real	CR	183	6	-15	    4.00	1	   -4.00	0	1	1471951.00	15	7	NULL
real	LL	184	6	15	    2.00	1	   -1.00	1	3	1477442.00	15	0	NULL
real	CL	185	6	-15	   -4.00	0	    2.00	1	2	1482879.00	15	7	NULL
real	DR	186	6	15	    4.00	1	   -2.00	1	2	1487750.00	15	7	NULL
real	NR	187	6	15	    4.00	1	   -2.00	1	2	1492900.00	-3	0	NULL
real	FR	188	6	-15	   -2.00	1	   -2.00	0	2	  683.12	-3	5	NULL
real	OR	189	6	-15	   -2.00	0	    1.00	1	3	1502463.00	15	5	NULL
real	LR	190	6	15	    4.00	1	   -2.00	1	2	1507713.00	15	0	NULL
real	RR	191	6	15	   -2.00	1	   -2.00	0	2	 1982.78	-15	5	NULL
real	JR	192	6	15	    4.00	1	   -2.00	1	2	1517419.00	-15	0	NULL
real	EL	193	6	-15	   -4.00	1	   -1.00	1	3	 1306.06	-3	7	NULL
real	QR	194	6	-15	   -2.00	0	    1.00	1	3	 2251.60	-15	5	NULL
real	MR	195	6	-15	   -8.00	0	    4.00	0	1	1537802.00	-3	0	NULL
real	KL	196	6	-15	   -4.00	0	    2.00	1	2	1542728.00	15	0	NULL
real	HL	197	6	15	    2.00	1	   -1.00	1	3	 1351.42	-3	5	NULL
real	IL	198	6	-15	   -4.00	0	    2.00	1	2	1553282.00	-15	0	NULL
real	GR	199	6	15	    4.00	1	   -2.00	0	2	  659.56	-3	7	NULL
real	AR	200	6	-15	   -2.00	0	    1.00	1	3	  573.40	-15	7	NULL
real	RL	201	6	15	    2.00	1	   -1.00	1	3	  651.76	-15	5	NULL
real	ML	202	6	-15	   -4.00	0	    2.00	0	2	1573206.00	-3	0	NULL
real	IR	203	6	-15	    4.00	1	   -2.00	1	2	1579024.00	-15	0	NULL
real	GL	204	6	15	    2.00	0	    2.00	0	2	  668.73	-3	7	NULL
real	NL	205	6	15	    2.00	0	    2.00	0	2	1589713.00	-3	0	NULL
real	BL	206	6	15	    2.00	1	   -1.00	1	3	  954.47	-15	7	NULL
real	JL	207	6	15	    2.00	1	   -1.00	1	3	1599678.00	-15	0	NULL
real	PR	208	6	15	    4.00	1	   -2.00	0	2	1606520.00	15	5	NULL
real	ER	209	6	-15	   -2.00	1	   -2.00	0	2	 1361.60	-3	7	NULL
real	AL	210	6	-15	    2.00	1	   -1.00	1	3	  585.32	-15	7	NULL
real	DL	211	6	15	    2.00	1	   -1.00	1	3	1621999.00	15	7	NULL
real	HR	212	6	15	    4.00	1	   -2.00	1	2	  614.27	-3	5	NULL
real	BR	213	6	15	    4.00	1	   -4.00	0	1	  659.08	-15	7	NULL
real	QL	214	6	-15	   -4.00	0	    2.00	1	2	  594.27	-15	5	NULL
real	KR	215	6	-15	   -2.00	1	   -2.00	0	2	1641675.00	15	0	NULL
real	PL	216	6	15	    2.00	0	    2.00	0	2	1646170.00	15	5	NULL
real	BR	217	7	15	    0.00	0	    2.00	1	2	  684.87	-15	7	NULL
real	DR	218	7	15	    2.00	0	    1.00	1	3	1655574.00	15	7	NULL
real	AL	219	7	-15	    1.00	0	    1.00	1	4	  596.10	-15	7	NULL
real	JL	220	7	15	    1.00	0	    1.00	1	4	1664295.00	-15	0	NULL
real	OR	221	7	-15	   -1.00	0	    1.00	0	3	1668552.00	15	5	NULL
real	IR	222	7	-15	    2.00	1	   -2.00	0	2	1673961.00	-15	0	NULL
real	AR	223	7	-15	   -1.00	0	    1.00	0	3	  772.60	-15	7	NULL
real	KR	224	7	-15	   -4.00	0	    1.00	1	3	1683556.00	15	0	NULL
real	HR	225	7	15	    2.00	0	    1.00	1	3	  729.69	-3	5	NULL
real	QL	226	7	-15	   -2.00	0	    2.00	0	2	  634.60	-15	5	NULL
real	CR	227	7	-15	    0.00	1	   -4.00	0	1	1697829.00	15	7	NULL
real	DL	228	7	15	    1.00	0	    1.00	1	4	1703842.00	15	7	NULL
real	FR	229	7	-15	   -4.00	1	   -2.00	0	2	 1603.10	-3	5	NULL
real	ML	230	7	-15	   -2.00	1	   -1.00	1	3	1715352.00	-3	0	NULL
real	CL	231	7	-15	   -2.00	1	   -1.00	1	3	1720831.00	15	7	NULL
real	LL	232	7	15	    1.00	0	    1.00	1	4	1726217.00	15	0	NULL
real	NR	233	7	15	    2.00	0	    1.00	1	3	1731539.00	-3	0	NULL
real	RR	234	7	15	   -4.00	0	    1.00	1	3	  579.73	-15	5	NULL
real	HL	235	7	15	    1.00	0	    1.00	1	4	  901.23	-3	5	NULL
real	JR	236	7	15	    2.00	0	    1.00	1	3	1746036.00	-15	0	NULL
real	NL	237	7	15	    4.00	1	   -1.00	1	3	1750957.00	-3	0	NULL
real	GL	238	7	15	    4.00	0	    2.00	0	2	 1334.99	-3	7	NULL
real	LR	239	7	15	    2.00	1	   -2.00	0	2	1762171.00	15	0	NULL
real	ER	240	7	-15	   -4.00	0	    1.00	1	3	  606.19	-3	7	NULL
real	GR	241	7	15	    2.00	0	    1.00	1	3	 2106.55	-3	7	NULL
real	IL	242	7	-15	   -2.00	0	    2.00	0	2	1777343.00	-15	0	NULL
real	PR	243	7	15	    2.00	0	    1.00	1	3	1783857.00	15	5	NULL
real	QR	244	7	-15	   -1.00	0	    1.00	0	3	  695.89	-15	5	NULL
real	OL	245	7	-15	   -2.00	0	    2.00	0	2	1795157.00	15	5	NULL
real	EL	246	7	-15	   -5.00	0	    1.00	1	4	  486.70	-3	7	NULL
real	KL	247	7	-15	   -2.00	1	   -1.00	1	3	1804135.00	15	0	NULL
real	FL	248	7	-15	   -2.00	1	   -1.00	1	3	 1295.39	-3	5	NULL
real	MR	249	7	-15	   -4.00	1	   -2.00	1	2	1814386.00	-3	0	NULL
real	RL	250	7	15	    1.00	1	   -1.00	0	3	 1279.19	-15	5	NULL
real	BL	251	7	15	    1.00	1	   -1.00	0	3	  658.31	-15	7	NULL
real	PL	252	7	15	    4.00	1	   -1.00	1	3	1828614.00	15	5	NULL
real	PR	253	8	15	    3.00	1	   -1.00	1	4	1833565.00	15	5	NULL
real	AR	254	8	-15	    0.00	1	   -1.00	1	4	 1213.96	-15	7	NULL
real	LL	255	8	15	    2.00	0	    1.00	0	4	1843644.00	15	0	NULL
real	RL	256	8	15	    0.00	0	    1.00	1	4	  549.48	-15	5	NULL
real	GR	257	8	15	    3.00	0	    1.00	0	3	 1293.09	-3	7	NULL
real	QL	258	8	-15	    0.00	0	    2.00	0	2	  542.04	-15	5	NULL
real	IR	259	8	-15	    0.00	0	    1.00	1	3	1861323.00	-15	0	NULL
real	NR	260	8	15	    3.00	0	    1.00	0	3	1866796.00	-3	0	NULL
real	JR	261	8	15	    3.00	0	    1.00	0	3	1871927.00	-15	0	NULL
real	ML	262	8	-15	   -3.00	1	   -1.00	0	3	1877483.00	-3	0	NULL
real	HR	263	8	15	    3.00	1	   -1.00	1	4	 1478.87	-3	5	NULL
real	FL	264	8	-15	   -3.00	0	    1.00	1	4	  480.51	-3	5	NULL
real	GL	265	8	15	    6.00	1	   -1.00	1	3	  599.35	-3	7	NULL
real	BL	266	8	15	    0.00	0	    1.00	1	4	  546.51	-15	7	NULL
real	OR	267	8	-15	    0.00	1	   -1.00	1	4	1899780.00	15	5	NULL
real	JL	268	8	15	    2.00	1	   -1.00	1	5	1904224.00	-15	0	NULL
real	ER	269	8	-15	   -3.00	0	    1.00	0	3	 1057.30	-3	7	NULL
real	EL	270	8	-15	   -4.00	0	    1.00	0	4	  517.36	-3	7	NULL
real	PL	271	8	15	    3.00	1	   -1.00	0	3	1922159.00	15	5	NULL
real	CL	272	8	-15	   -3.00	0	    1.00	1	4	1927927.00	15	7	NULL
real	AL	273	8	-15	    2.00	1	   -1.00	1	5	  564.92	-15	7	NULL
real	DR	274	8	15	    3.00	1	   -1.00	1	4	1937413.00	15	7	NULL
real	CR	275	8	-15	   -4.00	0	    2.00	1	2	1941890.00	15	7	NULL
real	KR	276	8	-15	   -3.00	0	    1.00	0	3	1950979.00	15	0	NULL
real	FR	277	8	-15	   -6.00	0	    1.00	1	3	  442.50	-3	5	NULL
real	MR	278	8	-15	   -6.00	0	    1.00	1	3	1959989.00	-3	0	NULL
real	DL	279	8	15	    2.00	1	   -1.00	1	5	1965164.00	15	7	NULL
real	OL	280	8	-15	    0.00	1	   -1.00	1	3	1969899.00	15	5	NULL
real	NL	281	8	15	    3.00	1	   -1.00	0	3	1974619.00	-3	0	NULL
real	LR	282	8	15	    0.00	0	    1.00	1	3	1981916.00	15	0	NULL
real	KL	283	8	-15	   -3.00	0	    1.00	1	4	1987653.00	15	0	NULL
real	IL	284	8	-15	    0.00	1	   -1.00	1	3	1995396.00	-15	0	NULL
real	RR	285	8	15	   -3.00	0	    1.00	0	3	  799.01	-15	5	NULL
real	HL	286	8	15	    2.00	1	   -1.00	1	5	  654.91	-3	5	NULL
real	QR	287	8	-15	    0.00	0	    1.00	0	3	  761.41	-15	5	NULL
real	BR	288	8	15	    2.00	1	   -1.00	1	3	  693.04	-15	7	NULL
real	HR	289	9	15	    2.00	0	    1.00	1	5	 1744.31	-3	5	NULL
real	KR	290	9	-15	   -2.00	1	   -1.00	1	4	2024503.00	15	0	NULL
real	JL	291	9	15	    1.00	1	   -1.00	0	5	2030951.00	-15	0	NULL
real	NR	292	9	15	    4.00	0	    1.00	0	3	2036347.00	-3	0	NULL
real	PL	293	9	15	    2.00	0	    1.00	1	4	2041821.00	15	5	NULL
real	FL	294	9	-15	   -2.00	0	    1.00	0	4	 1914.59	-3	5	NULL
real	DL	295	9	15	    1.00	0	    1.00	1	6	2053455.00	15	7	NULL
real	KL	296	9	-15	   -2.00	0	    1.00	0	4	2058779.00	15	0	NULL
real	AL	297	9	-15	    1.00	0	    1.00	1	6	  779.82	-15	7	NULL
real	NL	298	9	15	    2.00	0	    1.00	1	4	2068175.00	-3	0	NULL
real	IL	299	9	-15	   -1.00	0	    1.00	1	4	2072931.00	-15	0	NULL
real	AR	300	9	-15	   -1.00	0	    1.00	1	5	  515.61	-15	7	NULL
real	MR	301	9	-15	   -5.00	0	    1.00	0	3	2081094.00	-3	0	NULL
real	IR	302	9	-15	    1.00	1	   -1.00	1	4	2090708.00	-15	0	NULL
real	BR	303	9	15	    1.00	1	   -1.00	0	3	  721.36	-15	7	NULL
real	ER	304	9	-15	   -2.00	0	    1.00	0	3	 1264.03	-3	7	NULL
real	ML	305	9	-15	   -4.00	0	    1.00	1	4	2108625.00	-3	0	NULL
real	RL	306	9	15	    1.00	0	    1.00	0	4	 1686.78	-15	5	NULL
real	PR	307	9	15	    2.00	0	    1.00	1	5	2118454.00	15	5	NULL
real	GR	308	9	15	    4.00	1	   -1.00	1	4	 1756.19	-3	7	NULL
real	CR	309	9	-15	   -2.00	0	    2.00	0	2	2129055.00	15	7	NULL
real	JR	310	9	15	    4.00	1	   -1.00	1	4	2133287.00	-15	0	NULL
real	HL	311	9	15	    1.00	0	    1.00	1	6	  479.84	-3	5	NULL
real	GL	312	9	15	    5.00	1	   -1.00	0	3	  469.18	-3	7	NULL
real	OR	313	9	-15	   -1.00	1	   -1.00	0	4	2147326.00	15	5	NULL
real	LL	314	9	15	    3.00	1	   -1.00	1	5	2151810.00	15	0	NULL
real	OL	315	9	-15	   -1.00	1	   -1.00	0	3	2156088.00	15	5	NULL
real	BL	316	9	15	    1.00	1	   -1.00	1	5	  470.60	-15	7	NULL
real	DR	317	9	15	    2.00	1	   -1.00	0	4	2166683.00	15	7	NULL
real	QR	318	9	-15	    1.00	1	   -1.00	1	4	  646.49	-15	5	NULL
real	QL	319	9	-15	    2.00	1	   -1.00	1	3	  521.99	-15	5	NULL
real	EL	320	9	-15	   -3.00	1	   -1.00	1	5	  644.66	-3	7	NULL
real	LR	321	9	15	    1.00	1	   -1.00	1	4	2189827.00	15	0	NULL
real	CL	322	9	-15	   -2.00	0	    1.00	0	4	2194675.00	15	7	NULL
real	RR	323	9	15	   -2.00	0	    1.00	0	3	  455.00	-15	5	NULL
real	FR	324	9	-15	   -5.00	0	    1.00	0	3	  449.78	-3	5	NULL
real	BL	325	10	15	    0.00	0	    1.00	1	6	  623.10	-15	7	NULL
real	FL	326	10	-15	   -1.00	1	   -1.00	1	5	  467.64	-3	5	NULL
real	JR	327	10	15	    3.00	1	   -1.00	0	4	2218600.00	-15	0	NULL
real	RL	328	10	15	    2.00	1	   -1.00	1	5	  436.52	-15	5	NULL
real	JL	329	10	15	    0.00	1	   -1.00	0	5	2226645.00	-15	0	NULL
real	CL	330	10	-15	   -1.00	1	   -1.00	1	5	2231354.00	15	7	NULL
real	KR	331	10	-15	   -3.00	0	    1.00	1	5	2235978.00	15	0	NULL
real	OR	332	10	-15	   -2.00	1	   -1.00	0	4	2243837.00	15	5	NULL
real	DL	333	10	15	    2.00	1	   -1.00	1	7	2250393.00	15	7	NULL
real	PL	334	10	15	    3.00	1	   -1.00	1	5	2255214.00	15	5	NULL
real	MR	335	10	-15	   -4.00	0	    1.00	0	3	2259566.00	-3	0	NULL
real	IR	336	10	-15	    0.00	1	   -1.00	0	4	2263485.00	-15	0	NULL
real	QR	337	10	-15	    0.00	0	    1.00	1	5	  740.63	-15	5	NULL
real	GL	338	10	15	    4.00	1	   -1.00	0	3	  462.66	-3	7	NULL
real	HL	339	10	15	    2.00	0	    1.00	0	6	  602.88	-3	5	NULL
real	CR	340	10	-15	    0.00	1	   -1.00	1	3	2280657.00	15	7	NULL
real	LL	341	10	15	    2.00	0	    1.00	1	6	2285419.00	15	0	NULL
real	NR	342	10	15	    5.00	1	   -1.00	1	4	2289762.00	-3	0	NULL
real	DR	343	10	15	    1.00	0	    1.00	1	5	2294036.00	15	7	NULL
real	BR	344	10	15	    0.00	0	    1.00	1	4	  448.77	-15	7	NULL
real	OL	345	10	-15	   -2.00	0	    1.00	1	4	2304270.00	15	5	NULL
real	GR	346	10	15	    3.00	0	    1.00	1	5	  627.71	-3	7	NULL
real	ML	347	10	-15	   -3.00	0	    1.00	0	4	2313256.00	-3	0	NULL
real	KL	348	10	-15	   -1.00	1	   -1.00	1	5	2321536.00	15	0	NULL
real	FR	349	10	-15	   -4.00	0	    1.00	0	3	  481.71	-3	5	NULL
real	EL	350	10	-15	   -4.00	0	    1.00	1	6	  487.20	-3	7	NULL
real	ER	351	10	-15	   -1.00	0	    1.00	0	3	 1584.29	-3	7	NULL
real	QL	352	10	-15	    1.00	1	   -1.00	0	3	  997.91	-15	5	NULL
real	IL	353	10	-15	    0.00	1	   -1.00	1	5	2344955.00	-15	0	NULL
real	LR	354	10	15	    0.00	0	    1.00	1	5	2349557.00	15	0	NULL
real	AR	355	10	-15	    0.00	1	   -1.00	1	6	  671.98	-15	7	NULL
real	HR	356	10	15	    3.00	1	   -1.00	1	6	  687.85	-3	5	NULL
real	RR	357	10	15	   -1.00	0	    1.00	0	3	  580.00	-15	5	NULL
real	PR	358	10	15	    3.00	0	    1.00	0	5	2369068.00	15	5	NULL
real	NL	359	10	15	    3.00	1	   -1.00	1	5	2373513.00	-3	0	NULL
real	AL	360	10	-15	    2.00	1	   -1.00	1	7	 1098.28	-15	7	NULL
real	ER	361	11	-15	    0.00	1	   -1.00	1	4	  850.68	-3	7	NULL
real	OL	362	11	-15	   -1.00	1	   -1.00	1	5	2390877.00	15	5	NULL
real	GL	363	11	15	    3.00	1	   -1.00	0	3	  410.80	-3	7	NULL
real	NL	364	11	15	    2.00	1	   -1.00	0	5	2399395.00	-3	0	NULL
real	OR	365	11	-15	   -3.00	0	    1.00	1	5	2404017.00	15	5	NULL
real	CL	366	11	-15	   -2.00	1	   -1.00	0	5	2409056.00	15	7	NULL
real	IR	367	11	-15	   -1.00	0	    1.00	1	5	2413759.00	-15	0	NULL
real	QL	368	11	-15	    0.00	1	   -1.00	0	3	  597.09	-15	5	NULL
real	QR	369	11	-15	    1.00	1	   -1.00	1	6	  562.21	-15	5	NULL
real	RR	370	11	15	    0.00	1	   -1.00	1	4	  545.55	-15	5	NULL
real	HR	371	11	15	    2.00	1	   -1.00	0	6	  757.06	-3	5	NULL
real	BL	372	11	15	    1.00	1	   -1.00	1	7	  558.54	-15	7	NULL
real	CR	373	11	-15	   -1.00	1	   -1.00	0	3	2446509.00	15	7	NULL
real	GR	374	11	15	    4.00	1	   -1.00	1	6	  471.10	-3	7	NULL
real	DR	375	11	15	    2.00	0	    1.00	0	5	2456293.00	15	7	NULL
real	IL	376	11	-15	   -1.00	0	    1.00	1	6	2465289.00	-15	0	NULL
real	PL	377	11	15	    2.00	1	   -1.00	0	5	2470681.00	15	5	NULL
real	ML	378	11	-15	   -2.00	0	    1.00	0	4	2475488.00	-3	0	NULL
real	PR	379	11	15	    4.00	1	   -1.00	1	6	2480110.00	15	5	NULL
real	FR	380	11	-15	   -3.00	0	    1.00	0	3	  430.70	-3	5	NULL
real	AR	381	11	-15	   -1.00	0	    1.00	1	7	  605.12	-15	7	NULL
real	LL	382	11	15	    3.00	1	   -1.00	1	7	2493605.00	15	0	NULL
real	BR	383	11	15	    1.00	0	    1.00	0	4	  673.85	-15	7	NULL
real	KL	384	11	-15	   -2.00	0	    1.00	1	6	2504629.00	15	0	NULL
real	HL	385	11	15	    3.00	1	   -1.00	1	7	  561.73	-3	5	NULL
real	JL	386	11	15	   -1.00	0	    1.00	1	6	2515220.00	-15	0	NULL
real	FL	387	11	-15	   -2.00	0	    1.00	1	6	  837.81	-3	5	NULL
real	RL	388	11	15	    1.00	1	   -1.00	0	5	  671.91	-15	5	NULL
real	DL	389	11	15	    1.00	0	    1.00	1	8	2531226.00	15	7	NULL
real	KR	390	11	-15	   -2.00	1	   -1.00	1	6	2536370.00	15	0	NULL
real	LR	391	11	15	    1.00	0	    1.00	0	5	2541018.00	15	0	NULL
real	EL	392	11	-15	   -3.00	1	   -1.00	1	7	  647.10	-3	7	NULL
real	MR	393	11	-15	   -3.00	1	   -1.00	1	4	2550253.00	-3	0	NULL
real	NR	394	11	15	    4.00	1	   -1.00	0	4	2554161.00	-3	0	NULL
real	JR	395	11	15	    2.00	1	   -1.00	0	4	2557997.00	-15	0	NULL
real	AL	396	11	-15	    1.00	1	   -1.00	0	7	  535.38	-15	7	NULL
real	HR	397	12	15	    1.00	0	    1.00	1	7	  788.94	-3	5	NULL
real	IR	398	12	-15	    0.00	1	   -1.00	1	6	2571333.00	-15	0	NULL
real	FL	399	12	-15	   -1.00	1	   -1.00	1	7	  547.98	-3	5	NULL
real	IL	400	12	-15	    0.00	0	    1.00	0	6	2649793.00	-15	0	NULL
real	NL	401	12	15	    1.00	1	   -1.00	0	5	2655579.00	-3	0	NULL
real	JL	402	12	15	    0.00	1	   -1.00	1	7	2659878.00	-15	0	NULL
real	AR	403	12	-15	    0.00	0	    1.00	0	7	  739.55	-15	7	NULL
real	HL	404	12	15	    2.00	1	   -1.00	0	7	  530.09	-3	5	NULL
real	DL	405	12	15	    2.00	0	    1.00	0	8	2677349.00	15	7	NULL
real	CR	406	12	-15	   -2.00	0	    1.00	1	4	2682077.00	15	7	NULL
real	PR	407	12	15	    3.00	1	   -1.00	0	6	2687446.00	15	5	NULL
real	PL	408	12	15	    1.00	0	    1.00	1	6	2692019.00	15	5	NULL
real	QR	409	12	-15	    0.00	0	    1.00	1	7	  864.96	-15	5	NULL
real	FR	410	12	-15	   -2.00	0	    1.00	0	3	  532.22	-3	5	NULL
real	LR	411	12	15	    2.00	1	   -1.00	1	6	2711415.00	15	0	NULL
real	MR	412	12	-15	   -4.00	0	    1.00	1	5	2716602.00	-3	0	NULL
real	ER	413	12	-15	   -1.00	1	   -1.00	0	4	  595.07	-3	7	NULL
real	OL	414	12	-15	   -2.00	1	   -1.00	0	5	2725999.00	15	5	NULL
real	GL	415	12	15	    2.00	1	   -1.00	0	3	  518.44	-3	7	NULL
real	CL	416	12	-15	   -3.00	0	    1.00	1	6	2737034.00	15	7	NULL
real	JR	417	12	15	    1.00	1	   -1.00	0	4	2741537.00	-15	0	NULL
real	BL	418	12	15	    0.00	0	    1.00	1	8	  620.92	-15	7	NULL
real	RR	419	12	15	   -1.00	0	    1.00	1	5	  593.18	-15	5	NULL
real	DR	420	12	15	    3.00	1	   -1.00	1	6	2758680.00	15	7	NULL
real	LL	421	12	15	    2.00	0	    1.00	1	8	2765747.00	15	0	NULL
real	KL	422	12	-15	   -1.00	1	   -1.00	1	7	2770693.00	15	0	NULL
real	EL	423	12	-15	   -4.00	0	    1.00	1	8	  464.98	-3	7	NULL
real	GR	424	12	15	    3.00	1	   -1.00	0	6	 1220.88	-3	7	NULL
real	RL	425	12	15	    0.00	0	    1.00	1	6	  610.23	-15	5	NULL
real	NR	426	12	15	    3.00	1	   -1.00	0	4	2791306.00	-3	0	NULL
real	AL	427	12	-15	    0.00	0	    1.00	1	8	  638.06	-15	7	NULL
real	BR	428	12	15	    2.00	1	   -1.00	1	5	  863.46	-15	7	NULL
real	KR	429	12	-15	   -3.00	0	    1.00	1	7	2805990.00	15	0	NULL
real	OR	430	12	-15	   -2.00	1	   -1.00	1	6	2811345.00	15	5	NULL
real	QL	431	12	-15	   -1.00	0	    1.00	1	4	  548.86	-15	5	NULL
real	ML	432	12	-15	   -1.00	0	    1.00	0	4	2821177.00	-3	0	NULL
real	RR	433	13	15	    0.00	0	    1.00	0	5	  562.91	-15	5	NULL
real	ML	434	13	-15	    0.00	1	   -1.00	1	5	2830320.00	-3	0	NULL
real	AL	435	13	-15	    1.00	1	   -1.00	1	9	  600.50	-15	7	NULL
real	HR	436	13	15	    2.00	0	    1.00	0	7	  671.58	-3	5	NULL
real	DR	437	13	15	    2.00	0	    1.00	1	7	2844187.00	15	7	NULL
real	NR	438	13	15	    2.00	0	    1.00	1	5	2848752.00	-3	0	NULL
real	BL	439	13	15	    1.00	0	    1.00	0	8	  703.35	-15	7	NULL
real	GL	440	13	15	    1.00	0	    1.00	1	4	  497.46	-3	7	NULL
real	IL	441	13	-15	    1.00	1	   -1.00	1	7	2861301.00	-15	0	NULL
real	CR	442	13	-15	   -1.00	0	    1.00	0	4	2865972.00	15	7	NULL
real	NL	443	13	15	    0.00	0	    1.00	1	6	2870545.00	-3	0	NULL
real	RL	444	13	15	    1.00	1	   -1.00	1	7	  746.33	-15	5	NULL
real	QR	445	13	-15	    1.00	0	    1.00	0	7	  562.42	-15	5	NULL
real	PR	446	13	15	    2.00	1	   -1.00	0	6	2885470.00	15	5	NULL
real	OL	447	13	-15	   -3.00	0	    1.00	1	6	2889939.00	15	5	NULL
real	JL	448	13	15	   -1.00	0	    1.00	1	8	2895254.00	-15	0	NULL
real	CL	449	13	-15	   -2.00	0	    1.00	0	6	2899880.00	15	7	NULL
real	GR	450	13	15	    2.00	1	   -1.00	0	6	 1067.61	-3	7	NULL
real	JR	451	13	15	    0.00	0	    1.00	1	5	2909709.00	-15	0	NULL
real	FL	452	13	-15	   -2.00	0	    1.00	1	8	  480.17	-3	5	NULL
real	KL	453	13	-15	   -2.00	0	    1.00	1	8	2919951.00	15	0	NULL
real	HL	454	13	15	    1.00	0	    1.00	1	8	  466.23	-3	5	NULL
real	QL	455	13	-15	    0.00	0	    1.00	0	4	  610.59	-15	5	NULL
real	IR	456	13	-15	   -1.00	0	    1.00	1	7	2933264.00	-15	0	NULL
real	LR	457	13	15	    1.00	0	    1.00	1	7	2939009.00	15	0	NULL
real	DL	458	13	15	    3.00	1	   -1.00	1	9	2943941.00	15	7	NULL
real	MR	459	13	-15	   -3.00	1	   -1.00	1	6	2948662.00	-3	0	NULL
real	FR	460	13	-15	   -1.00	1	   -1.00	1	4	  537.63	-3	5	NULL
real	LL	461	13	15	    3.00	0	    1.00	0	8	2962779.00	15	0	NULL
real	ER	462	13	-15	   -2.00	0	    1.00	1	5	  445.38	-3	7	NULL
real	OR	463	13	-15	   -3.00	0	    1.00	1	7	2980500.00	15	5	NULL
real	PL	464	13	15	    2.00	0	    1.00	0	6	2986785.00	15	5	NULL
real	BR	465	13	15	    1.00	1	   -1.00	0	5	  666.66	-15	7	NULL
real	AR	466	13	-15	    1.00	1	   -1.00	1	8	  832.31	-15	7	NULL
real	KR	467	13	-15	   -2.00	0	    1.00	0	7	3003091.00	15	0	NULL
real	EL	468	13	-15	   -3.00	0	    1.00	0	8	  640.75	-3	7	NULL
real	FL	469	14	-15	   -1.00	1	   -1.00	1	9	  667.71	-3	5	NULL
real	HR	470	14	15	    3.00	1	   -1.00	1	8	  600.27	-3	5	NULL
real	MR	471	14	-15	   -4.00	1	   -1.00	0	6	3024110.00	-3	0	NULL
real	RR	472	14	15	    1.00	1	   -1.00	1	6	  592.04	-15	5	NULL
real	HL	473	14	15	    2.00	0	    1.00	0	8	  568.04	-3	5	NULL
real	KL	474	14	-15	   -1.00	1	   -1.00	1	9	3039483.00	15	0	NULL
real	NL	475	14	15	    1.00	0	    1.00	0	6	3043921.00	-3	0	NULL
real	LL	476	14	15	    4.00	0	    1.00	0	8	3050325.00	15	0	NULL
real	LR	477	14	15	    2.00	0	    1.00	0	7	3056039.00	15	0	NULL
real	DL	478	14	15	    2.00	0	    1.00	1	10	3061125.00	15	7	NULL
real	GL	479	14	15	    2.00	0	    1.00	0	4	  561.88	-3	7	NULL
real	BR	480	14	15	    0.00	0	    1.00	1	6	  482.37	-15	7	NULL
real	AR	481	14	-15	    0.00	0	    1.00	1	9	  616.46	-15	7	NULL
real	CR	482	14	-15	    0.00	1	   -1.00	1	5	3081122.00	15	7	NULL
real	NR	483	14	15	    3.00	1	   -1.00	1	6	3085617.00	-3	0	NULL
real	PR	484	14	15	    1.00	0	    1.00	1	7	3090094.00	15	5	NULL
real	ER	485	14	-15	   -1.00	0	    1.00	0	5	  437.51	-3	7	NULL
real	IR	486	14	-15	    0.00	0	    1.00	0	7	3098371.00	-15	0	NULL
real	QL	487	14	-15	    1.00	1	   -1.00	1	5	  672.45	-15	5	NULL
real	QR	488	14	-15	    2.00	1	   -1.00	1	8	  435.69	-15	5	NULL
real	IL	489	14	-15	    0.00	0	    1.00	1	8	3112277.00	-15	0	NULL
real	DR	490	14	15	    3.00	1	   -1.00	1	8	3117616.00	15	7	NULL
real	ML	491	14	-15	   -1.00	1	   -1.00	0	5	3121954.00	-3	0	NULL
real	BL	492	14	15	    2.00	1	   -1.00	1	9	  482.50	-15	7	NULL
real	OL	493	14	-15	   -2.00	1	   -1.00	1	7	3131416.00	15	5	NULL
real	JL	494	14	15	    0.00	1	   -1.00	1	9	3135614.00	-15	0	NULL
real	PL	495	14	15	    3.00	1	   -1.00	1	7	3140715.00	15	5	NULL
real	EL	496	14	-15	   -2.00	0	    1.00	0	8	  468.37	-3	7	NULL
real	FR	497	14	-15	   -2.00	1	   -1.00	0	4	 1382.27	-3	5	NULL
real	AL	498	14	-15	    0.00	0	    1.00	1	10	 1131.94	-15	7	NULL
real	GR	499	14	15	    1.00	0	    1.00	1	7	  563.89	-3	7	NULL
real	JR	500	14	15	    1.00	0	    1.00	0	5	3165117.00	-15	0	NULL
real	RL	501	14	15	    0.00	0	    1.00	1	8	  668.50	-15	5	NULL
real	OR	502	14	-15	   -2.00	0	    1.00	0	7	3176657.00	15	5	NULL
real	CL	503	14	-15	   -1.00	1	   -1.00	1	7	3182170.00	15	7	NULL
real	KR	504	14	-15	   -1.00	1	   -1.00	1	8	3191409.00	15	0	NULL
real	LR	505	15	15	    3.00	1	   -1.00	1	8	3196915.00	15	0	NULL
real	LL	506	15	15	    5.00	1	   -1.00	1	9	3201550.00	15	0	NULL
real	EL	507	15	-15	   -1.00	0	    1.00	0	8	  639.85	-3	7	NULL
real	ML	508	15	-15	   -2.00	1	   -1.00	0	5	3212730.00	-3	0	NULL
real	GR	509	15	15	    2.00	0	    1.00	0	7	  746.50	-3	7	NULL
real	BL	510	15	15	    1.00	1	   -1.00	0	9	 1044.16	-15	7	NULL
real	HL	511	15	15	    3.00	1	   -1.00	1	9	  720.15	-3	5	NULL
real	JL	512	15	15	   -1.00	0	    1.00	1	10	3232536.00	-15	0	NULL
real	FR	513	15	-15	   -3.00	0	    1.00	1	5	  611.46	-3	5	NULL
real	NL	514	15	15	    2.00	0	    1.00	0	6	3243448.00	-3	0	NULL
real	AR	515	15	-15	    1.00	0	    1.00	0	9	  660.03	-15	7	NULL
real	OR	516	15	-15	   -1.00	1	   -1.00	1	8	3252728.00	15	5	NULL
real	PL	517	15	15	    2.00	0	    1.00	1	8	3257451.00	15	5	NULL
real	HR	518	15	15	    2.00	0	    1.00	1	9	  660.67	-3	5	NULL
real	CL	519	15	-15	   -2.00	0	    1.00	1	8	3266899.00	15	7	NULL
real	KL	520	15	-15	   -2.00	0	    1.00	1	10	3272556.00	15	0	NULL
real	IL	521	15	-15	    1.00	1	   -1.00	1	9	3278231.00	-15	0	NULL
real	ER	522	15	-15	    0.00	1	   -1.00	1	6	  676.66	-3	7	NULL
real	KR	523	15	-15	   -2.00	1	   -1.00	0	8	3287592.00	15	0	NULL
real	FL	524	15	-15	   -2.00	1	   -1.00	0	9	  553.45	-3	5	NULL
real	DL	525	15	15	    3.00	1	   -1.00	1	11	3297125.00	15	7	NULL
real	IR	526	15	-15	    1.00	1	   -1.00	1	8	3301463.00	-15	0	NULL
real	NR	527	15	15	    2.00	1	   -1.00	0	6	3306015.00	-3	0	NULL
real	GL	528	15	15	    3.00	1	   -1.00	1	5	 1457.09	-3	7	NULL
real	PR	529	15	15	    2.00	0	    1.00	0	7	3316835.00	15	5	NULL
real	QR	530	15	-15	    1.00	0	    1.00	1	9	  673.58	-15	5	NULL
real	BR	531	15	15	    1.00	0	    1.00	0	6	  771.94	-15	7	NULL
real	RR	532	15	15	    0.00	0	    1.00	1	7	  550.53	-15	5	NULL
real	CR	533	15	-15	   -1.00	0	    1.00	1	6	3334372.00	15	7	NULL
real	MR	534	15	-15	   -5.00	0	    1.00	1	7	3339017.00	-3	0	NULL
real	QL	535	15	-15	    0.00	0	    1.00	1	6	  502.51	-15	5	NULL
real	RL	536	15	15	    1.00	0	    1.00	0	8	 1623.38	-15	5	NULL
real	DR	537	15	15	    2.00	0	    1.00	1	9	3354283.00	15	7	NULL
real	OL	538	15	-15	   -3.00	0	    1.00	1	8	3359495.00	15	5	NULL
real	JR	539	15	15	    2.00	1	   -1.00	1	6	3364690.00	-15	0	NULL
real	AL	540	15	-15	    1.00	0	    1.00	0	10	 1052.06	-15	7	NULL
real	LL	541	16	15	    4.00	1	   -1.00	0	9	3374085.00	15	0	NULL
real	HL	542	16	15	    2.00	0	    1.00	1	10	  565.35	-3	5	NULL
real	OL	543	16	-15	   -2.00	1	   -1.00	1	9	3383703.00	15	5	NULL
real	DL	544	16	15	    2.00	1	   -1.00	0	11	3388335.00	15	7	NULL
real	CR	545	16	-15	    0.00	1	   -1.00	1	7	3394554.00	15	7	NULL
real	AL	546	16	-15	    2.00	1	   -1.00	1	11	  456.17	-15	7	NULL
real	NR	547	16	15	    1.00	0	    1.00	1	7	3403109.00	-3	0	NULL
real	PL	548	16	15	    3.00	1	   -1.00	1	9	3407661.00	15	5	NULL
real	GR	549	16	15	    3.00	0	    1.00	0	7	  550.25	-3	7	NULL
real	JL	550	16	15	    0.00	0	    1.00	0	10	3415880.00	-15	0	NULL
real	DR	551	16	15	    3.00	1	   -1.00	1	10	3420452.00	15	7	NULL
real	GL	552	16	15	    2.00	0	    1.00	1	6	  713.75	-3	7	NULL
real	KR	553	16	-15	   -3.00	1	   -1.00	0	8	3430094.00	15	0	NULL
real	HR	554	16	15	    3.00	1	   -1.00	1	10	  483.43	-3	5	NULL
real	IL	555	16	-15	    0.00	1	   -1.00	0	9	3439586.00	-15	0	NULL
real	IR	556	16	-15	    0.00	0	    1.00	1	9	3444666.00	-15	0	NULL
real	QL	557	16	-15	    1.00	0	    1.00	0	6	  637.12	-15	5	NULL
real	OR	558	16	-15	   -2.00	0	    1.00	1	9	3453926.00	15	5	NULL
real	RR	559	16	15	    1.00	1	   -1.00	1	8	  778.56	-15	5	NULL
real	ER	560	16	-15	   -1.00	0	    1.00	1	7	  473.25	-3	7	NULL
real	FR	561	16	-15	   -2.00	0	    1.00	0	5	  417.40	-3	5	NULL
real	CL	562	16	-15	   -1.00	1	   -1.00	1	9	3476945.00	15	7	NULL
real	LR	563	16	15	    2.00	0	    1.00	1	9	3481618.00	15	0	NULL
real	ML	564	16	-15	   -3.00	0	    1.00	1	6	3486199.00	-3	0	NULL
real	MR	565	16	-15	   -4.00	0	    1.00	0	7	3491093.00	-3	0	NULL
real	RL	566	16	15	    2.00	1	   -1.00	1	9	  648.66	-15	5	NULL
real	BL	567	16	15	    0.00	1	   -1.00	0	9	  581.00	-15	7	NULL
real	BR	568	16	15	    2.00	1	   -1.00	1	7	  518.44	-15	7	NULL
real	PR	569	16	15	    3.00	1	   -1.00	1	8	3509443.00	15	5	NULL
real	EL	570	16	-15	    0.00	1	   -1.00	1	9	  757.33	-3	7	NULL
real	QR	571	16	-15	    2.00	1	   -1.00	1	10	  585.80	-15	5	NULL
real	NL	572	16	15	    3.00	1	   -1.00	1	7	3522782.00	-3	0	NULL
real	AR	573	16	-15	    2.00	1	   -1.00	1	10	  418.99	-15	7	NULL
real	KL	574	16	-15	   -1.00	0	    1.00	0	10	3532866.00	15	0	NULL
real	FL	575	16	-15	   -3.00	0	    1.00	1	10	  430.00	-3	5	NULL
real	JR	576	16	15	    1.00	0	    1.00	1	7	3540913.00	-15	0	NULL
real	RL	577	17	15	    1.00	1	   -1.00	0	9	  984.40	-15	5	NULL
real	ER	578	17	-15	    0.00	1	   -1.00	1	8	  474.41	-3	7	NULL
real	DR	579	17	15	    2.00	1	   -1.00	0	10	3554054.00	15	7	NULL
real	OL	580	17	-15	   -3.00	0	    1.00	1	10	3558868.00	15	5	NULL
real	MR	581	17	-15	   -3.00	1	   -1.00	1	8	3563988.00	-3	0	NULL
real	LL	582	17	15	    3.00	1	   -1.00	0	9	3569580.00	15	0	NULL
real	AL	583	17	-15	    1.00	0	    1.00	1	12	  565.35	-15	7	NULL
real	HR	584	17	15	    2.00	0	    1.00	1	11	 1013.48	-3	5	NULL
real	OR	585	17	-15	   -1.00	0	    1.00	0	9	3583640.00	15	5	NULL
real	KR	586	17	-15	   -4.00	0	    1.00	1	9	3590104.00	15	0	NULL
real	PR	587	17	15	    2.00	0	    1.00	1	9	3595468.00	15	5	NULL
real	GL	588	17	15	    3.00	1	   -1.00	1	7	  514.62	-3	7	NULL
real	NR	589	17	15	    2.00	0	    1.00	0	7	3604939.00	-3	0	NULL
real	BR	590	17	15	    1.00	1	   -1.00	0	7	  605.87	-15	7	NULL
real	FL	591	17	-15	   -2.00	0	    1.00	0	10	  493.36	-3	5	NULL
real	ML	592	17	-15	   -2.00	1	   -1.00	1	7	3618569.00	-3	0	NULL
real	CR	593	17	-15	   -1.00	1	   -1.00	0	7	3625336.00	15	7	NULL
real	JR	594	17	15	    2.00	1	   -1.00	1	8	3630063.00	-15	0	NULL
real	IR	595	17	-15	    1.00	1	   -1.00	1	10	3634537.00	-15	0	NULL
real	DL	596	17	15	    1.00	0	    1.00	1	12	3638836.00	15	7	NULL
real	QL	597	17	-15	    2.00	1	   -1.00	1	7	  624.58	-15	5	NULL
real	IL	598	17	-15	   -1.00	0	    1.00	1	10	3647255.00	-15	0	NULL
real	KL	599	17	-15	    0.00	1	   -1.00	1	11	3652278.00	15	0	NULL
real	CL	600	17	-15	   -2.00	0	    1.00	1	10	3656946.00	15	7	NULL
real	QR	601	17	-15	    1.00	0	    1.00	1	11	  729.04	-15	5	NULL
real	BL	602	17	15	   -1.00	0	    1.00	1	10	  486.66	-15	7	NULL
real	FR	603	17	-15	   -1.00	1	   -1.00	1	6	  569.31	-3	5	NULL
real	EL	604	17	-15	   -1.00	1	   -1.00	0	9	  555.92	-3	7	NULL
real	JL	605	17	15	    1.00	1	   -1.00	1	11	3680122.00	-15	0	NULL
real	GR	606	17	15	    4.00	1	   -1.00	1	8	  474.42	-3	7	NULL
real	NL	607	17	15	    2.00	0	    1.00	1	8	3689623.00	-3	0	NULL
real	RR	608	17	15	    0.00	0	    1.00	1	9	  521.32	-15	5	NULL
real	AR	609	17	-15	    1.00	1	   -1.00	0	10	  676.36	-15	7	NULL
real	PL	610	17	15	    2.00	0	    1.00	1	10	3703482.00	15	5	NULL
real	LR	611	17	15	    3.00	0	    1.00	0	9	3708154.00	15	0	NULL
real	HL	612	17	15	    3.00	1	   -1.00	1	11	  742.57	-3	5	NULL
real	OR	613	18	-15	    0.00	1	   -1.00	1	10	3717959.00	15	5	NULL
real	RR	614	18	15	    1.00	1	   -1.00	1	10	  695.35	-15	5	NULL
real	RL	615	18	15	    0.00	0	    1.00	1	10	  747.93	-15	5	NULL
real	IR	616	18	-15	    0.00	0	    1.00	1	11	3731205.00	-15	0	NULL
real	LL	617	18	15	    2.00	0	    1.00	1	10	3736436.00	15	0	NULL
real	OL	618	18	-15	   -2.00	0	    1.00	0	10	3741485.00	15	5	NULL
real	FR	619	18	-15	   -2.00	1	   -1.00	0	6	  827.65	-3	5	NULL
real	FL	620	18	-15	   -1.00	1	   -1.00	1	11	  895.42	-3	5	NULL
real	BL	621	18	15	    0.00	0	    1.00	0	10	  904.98	-15	7	NULL
real	KL	622	18	-15	   -1.00	1	   -1.00	0	11	3763117.00	15	0	NULL
real	AR	623	18	-15	    0.00	0	    1.00	1	11	 1645.88	-15	7	NULL
real	NL	624	18	15	    3.00	1	   -1.00	1	9	3772854.00	-3	0	NULL
real	CR	625	18	-15	   -2.00	0	    1.00	1	8	3778618.00	15	7	NULL
real	HR	626	18	15	    3.00	1	   -1.00	1	12	  713.64	-3	5	NULL
real	JL	627	18	15	    0.00	0	    1.00	1	12	3787349.00	-15	0	NULL
real	PL	628	18	15	    3.00	0	    1.00	0	10	3792317.00	15	5	NULL
real	PR	629	18	15	    3.00	1	   -1.00	1	10	3797014.00	15	5	NULL
real	BR	630	18	15	    0.00	0	    1.00	1	8	  507.69	-15	7	NULL
real	IL	631	18	-15	    0.00	0	    1.00	0	10	3805261.00	-15	0	NULL
real	ER	632	18	-15	   -1.00	1	   -1.00	0	8	 1022.90	-3	7	NULL
real	QR	633	18	-15	    2.00	1	   -1.00	1	12	  654.60	-15	5	NULL
real	NR	634	18	15	    3.00	1	   -1.00	1	8	3819098.00	-3	0	NULL
real	GR	635	18	15	    3.00	0	    1.00	1	9	  736.89	-3	7	NULL
real	MR	636	18	-15	   -4.00	1	   -1.00	0	8	3829253.00	-3	0	NULL
real	JR	637	18	15	    1.00	1	   -1.00	0	8	3833561.00	-15	0	NULL
real	HL	638	18	15	    2.00	0	    1.00	1	12	  586.94	-3	5	NULL
real	EL	639	18	-15	   -2.00	0	    1.00	1	10	  520.76	-3	7	NULL
real	GL	640	18	15	    2.00	1	   -1.00	0	7	  680.96	-3	7	NULL
real	DR	641	18	15	    1.00	0	    1.00	1	11	3852235.00	15	7	NULL
real	KR	642	18	-15	   -3.00	0	    1.00	0	9	3857503.00	15	0	NULL
real	LR	643	18	15	    4.00	1	   -1.00	1	10	3863014.00	15	0	NULL
real	QL	644	18	-15	    1.00	1	   -1.00	0	7	 1147.13	-15	5	NULL
real	CL	645	18	-15	   -1.00	1	   -1.00	1	11	3871983.00	15	7	NULL
real	ML	646	18	-15	   -3.00	1	   -1.00	0	7	3880181.00	-3	0	NULL
real	LR	647	19	15	    3.00	1	   -1.00	0	10	3885274.00	15	0	NULL
real	PR	648	19	15	    2.00	1	   -1.00	0	10	3890264.00	15	5	NULL
real	PL	649	19	15	    4.00	1	   -1.00	1	11	3899573.00	15	5	NULL
real	FR	650	19	-15	   -3.00	0	    1.00	1	7	  645.35	-3	5	NULL
real	DR	651	19	15	    2.00	0	    1.00	0	11	3909077.00	15	7	NULL
real	LL	652	19	15	    3.00	0	    1.00	0	10	3914528.00	15	0	NULL
real	JR	653	19	15	    0.00	0	    1.00	1	9	3920055.00	-15	0	NULL
real	KL	654	19	-15	   -2.00	1	   -1.00	0	11	3924972.00	15	0	NULL
real	ER	655	19	-15	   -2.00	1	   -1.00	0	8	 1262.14	-3	7	NULL
real	MR	656	19	-15	   -5.00	0	    1.00	1	9	3934689.00	-3	0	NULL
real	NR	657	19	15	    2.00	1	   -1.00	0	8	3939287.00	-3	0	NULL
real	BR	658	19	15	    1.00	1	   -1.00	1	9	  769.77	-15	7	NULL
real	IR	659	19	-15	    1.00	1	   -1.00	1	12	3948944.00	-15	0	NULL
real	GL	660	19	15	    1.00	0	    1.00	1	8	  781.71	-3	7	NULL
real	RR	661	19	15	    0.00	0	    1.00	1	11	 1017.90	-15	5	NULL
real	NL	662	19	15	    2.00	0	    1.00	1	10	3963855.00	-3	0	NULL
real	CR	663	19	-15	   -1.00	1	   -1.00	1	9	3968622.00	15	7	NULL
real	KR	664	19	-15	   -2.00	1	   -1.00	1	10	3973112.00	15	0	NULL
real	IL	665	19	-15	    1.00	0	    1.00	0	10	3978935.00	-15	0	NULL
real	ML	666	19	-15	   -4.00	0	    1.00	1	8	3983673.00	-3	0	NULL
real	QL	667	19	-15	    0.00	0	    1.00	1	8	  548.40	-15	5	NULL
real	OL	668	19	-15	   -1.00	1	   -1.00	1	11	3993356.00	15	5	NULL
real	CL	669	19	-15	   -2.00	0	    1.00	1	12	3999914.00	15	7	NULL
real	GR	670	19	15	    4.00	1	   -1.00	1	10	  980.29	-3	7	NULL
real	EL	671	19	-15	   -1.00	1	   -1.00	1	11	  633.14	-3	7	NULL
real	FL	672	19	-15	   -2.00	0	    1.00	1	12	 1582.74	-3	5	NULL
real	BL	673	19	15	    1.00	1	   -1.00	1	11	  788.60	-15	7	NULL
real	RL	674	19	15	    1.00	0	    1.00	0	10	 1948.67	-15	5	NULL
real	AR	675	19	-15	    1.00	1	   -1.00	1	12	  703.61	-15	7	NULL
real	OR	676	19	-15	   -1.00	1	   -1.00	0	10	4035684.00	15	5	NULL
real	GL	677	20	15	    2.00	0	    1.00	0	8	  930.14	-3	7	NULL
real	IL	678	20	-15	    2.00	1	   -1.00	1	11	4046428.00	-15	0	NULL
real	LR	679	20	15	    2.00	0	    1.00	1	11	4051237.00	15	0	NULL
real	RL	680	20	15	    2.00	1	   -1.00	1	11	  554.15	-15	5	NULL
real	QL	681	20	-15	    1.00	1	   -1.00	1	9	  585.32	-15	5	NULL
real	EL	682	20	-15	   -2.00	0	    1.00	1	12	  552.42	-3	7	NULL
real	RR	683	20	15	    1.00	0	    1.00	0	11	 1637.97	-15	5	NULL
real	MR	684	20	-15	   -4.00	0	    1.00	0	9	4074033.00	-3	0	NULL
real	CR	685	20	-15	   -2.00	0	    1.00	1	10	4078551.00	15	7	NULL
real	DR	686	20	15	    3.00	1	   -1.00	1	12	4082945.00	15	7	NULL
real	JR	687	20	15	    1.00	1	   -1.00	1	10	4087736.00	-15	0	NULL
real	OL	688	20	-15	   -2.00	0	    1.00	1	12	4092967.00	15	5	NULL
real	KR	689	20	-15	   -3.00	1	   -1.00	0	10	4099586.00	15	0	NULL
real	NR	690	20	15	    1.00	0	    1.00	1	9	4104759.00	-3	0	NULL
real	BR	691	20	15	    0.00	0	    1.00	1	10	  590.73	-15	7	NULL
real	PL	692	20	15	    3.00	0	    1.00	1	12	4113499.00	15	5	NULL
real	BL	693	20	15	    0.00	0	    1.00	1	12	  588.48	-15	7	NULL
real	ML	694	20	-15	   -3.00	0	    1.00	0	8	4122303.00	-3	0	NULL
real	FR	695	20	-15	   -2.00	0	    1.00	0	7	  444.41	-3	5	NULL
real	OR	696	20	-15	   -2.00	0	    1.00	1	11	4130879.00	15	5	NULL
real	NL	697	20	15	    3.00	1	   -1.00	1	11	4135631.00	-3	0	NULL
real	ER	698	20	-15	   -3.00	0	    1.00	1	9	  494.57	-3	7	NULL
real	GR	699	20	15	    3.00	1	   -1.00	0	10	  646.22	-3	7	NULL
real	KL	700	20	-15	   -3.00	0	    1.00	1	12	4148806.00	15	0	NULL
real	PR	701	20	15	    1.00	0	    1.00	1	11	4155605.00	15	5	NULL
real	LL	702	20	15	    4.00	1	   -1.00	1	11	4162839.00	15	0	NULL
real	LR	703	21	15	    3.00	1	   -1.00	1	12	4169474.00	15	0	NULL
real	BR	704	21	15	    1.00	1	   -1.00	1	11	 1198.79	-15	7	NULL
real	NR	705	21	15	    2.00	1	   -1.00	1	10	4179503.00	-3	0	NULL
real	RL	706	21	15	    1.00	1	   -1.00	0	11	  717.96	-15	5	NULL
real	IL	707	21	-15	    1.00	1	   -1.00	0	11	4187988.00	-15	0	NULL
real	LL	708	21	15	    3.00	1	   -1.00	0	11	4192992.00	15	0	NULL
real	GL	709	21	15	    3.00	1	   -1.00	1	9	  793.52	-3	7	NULL
real	PR	710	21	15	    2.00	0	    1.00	0	11	4202172.00	15	5	NULL
real	NL	711	21	15	    2.00	0	    1.00	1	12	4206802.00	-3	0	NULL
real	CR	712	21	-15	   -1.00	0	    1.00	0	10	4211870.00	15	7	NULL
real	FR	713	21	-15	   -1.00	1	   -1.00	1	8	 1182.72	-3	5	NULL
real	QL	714	21	-15	    0.00	0	    1.00	1	10	 1139.25	-15	5	NULL
real	JR	715	21	15	    0.00	0	    1.00	1	11	4228832.00	-15	0	NULL
real	MR	716	21	-15	   -3.00	0	    1.00	0	9	4233220.00	-3	0	NULL
real	RR	717	21	15	    2.00	1	   -1.00	1	12	  626.50	-15	5	NULL
real	OR	718	21	-15	   -1.00	1	   -1.00	1	12	4242005.00	15	5	NULL
real	ER	719	21	-15	   -2.00	0	    1.00	0	9	  649.67	-3	7	NULL
real	KR	720	21	-15	   -4.00	0	    1.00	1	11	4251029.00	15	0	NULL
real	GR	721	21	15	    2.00	0	    1.00	1	11	 1465.48	-3	7	NULL
real	ML	722	21	-15	   -2.00	1	   -1.00	1	9	4260969.00	-3	0	NULL
real	ER	723	22	-15	   -1.00	1	   -1.00	1	10	 1169.15	-3	7	NULL
real	GL	724	22	15	    2.00	1	   -1.00	0	9	  635.08	-3	7	NULL
real	BR	725	22	15	    0.00	0	    1.00	1	12	  932.59	-15	7	NULL
real	QL	726	22	-15	    1.00	1	   -1.00	1	11	  603.43	-15	5	NULL
real	ML	727	22	-15	   -3.00	0	    1.00	1	10	4285361.00	-3	0	NULL
real	PR	728	22	15	    3.00	1	   -1.00	1	12	4290815.00	15	5	NULL
real	GR	729	22	15	    3.00	0	    1.00	0	11	 1310.94	-3	7	NULL
real	LL	730	22	15	    2.00	0	    1.00	1	12	4300680.00	15	0	NULL
real	IL	731	22	-15	    0.00	0	    1.00	1	12	4306421.00	-15	0	NULL
real	NR	732	22	15	    1.00	0	    1.00	1	11	4310796.00	-3	0	NULL
real	FR	733	22	-15	   -2.00	0	    1.00	1	9	  553.62	-3	5	NULL
real	KR	734	22	-15	   -3.00	1	   -1.00	1	12	4319829.00	15	0	NULL
real	JR	735	22	15	    1.00	0	    1.00	0	11	4326463.00	-15	0	NULL
real	RL	736	22	15	    0.00	0	    1.00	1	12	  578.99	-15	5	NULL
real	MR	737	22	-15	   -2.00	1	   -1.00	1	10	4339964.00	-3	0	NULL
real	CR	738	22	-15	    0.00	1	   -1.00	1	11	4344667.00	15	7	NULL
real	FR	739	23	-15	   -1.00	1	   -1.00	1	10	  661.58	-3	5	NULL
real	JR	740	23	15	    2.00	1	   -1.00	1	12	4353943.00	-15	0	NULL
real	NR	741	23	15	    2.00	1	   -1.00	1	12	4359247.00	-3	0	NULL
real	ER	742	23	-15	   -2.00	1	   -1.00	0	10	  881.23	-3	7	NULL
real	CR	743	23	-15	   -1.00	1	   -1.00	0	11	4369364.00	15	7	NULL
real	MR	744	23	-15	   -3.00	1	   -1.00	0	10	4373913.00	-3	0	NULL
real	QL	745	23	-15	    0.00	1	   -1.00	0	11	  667.42	-15	5	NULL
real	GL	746	23	15	    1.00	0	    1.00	1	10	  743.28	-3	7	NULL
real	ML	747	23	-15	   -2.00	1	   -1.00	1	11	4388212.00	-3	0	NULL
real	GR	748	23	15	    4.00	1	   -1.00	1	12	  660.75	-3	7	NULL
real	MR	749	24	-15	   -4.00	1	   -1.00	0	10	4396964.00	-3	0	NULL
real	ER	750	24	-15	   -3.00	0	    1.00	1	11	  469.24	-3	7	NULL
real	FR	751	24	-15	   -2.00	1	   -1.00	0	10	  599.30	-3	5	NULL
real	QL	752	24	-15	   -1.00	0	    1.00	1	12	  821.18	-15	5	NULL
real	CR	753	24	-15	   -2.00	1	   -1.00	0	11	4415569.00	15	7	NULL
real	ML	754	24	-15	   -3.00	1	   -1.00	0	11	4421219.00	-3	0	NULL
real	GL	755	24	15	    2.00	0	    1.00	0	10	 1113.61	-3	7	NULL
real	CR	756	25	-15	   -3.00	0	    1.00	1	12	4431112.00	15	7	NULL
real	GL	757	25	15	    3.00	1	   -1.00	1	11	  916.55	-3	7	NULL
real	ER	758	25	-15	   -2.00	1	   -1.00	1	12	  678.60	-3	7	NULL
real	FR	759	25	-15	   -3.00	0	    1.00	1	11	  790.24	-3	5	NULL
real	MR	760	25	-15	   -5.00	0	    1.00	1	11	4450960.00	-3	0	NULL
real	ML	761	25	-15	   -4.00	0	    1.00	1	12	4459428.00	-3	0	NULL
real	MR	762	26	-15	   -4.00	0	    1.00	0	11	4465695.00	-3	0	NULL
real	GL	763	26	15	    2.00	1	   -1.00	0	11	  970.51	-3	7	NULL
real	FR	764	26	-15	   -2.00	0	    1.00	0	11	 1365.42	-3	5	NULL
real	FR	765	27	-15	   -1.00	1	   -1.00	1	12	  653.42	-3	5	NULL
real	MR	766	27	-15	   -3.00	0	    1.00	0	11	4488809.00	-3	0	NULL
real	GL	767	27	15	    1.00	0	    1.00	1	12	  572.77	-3	7	NULL
real	MR	768	28	-15	   -2.00	1	   -1.00	1	12	4498557.00	-3	0	NULL
