TRIAL_TYPE	trial_variant	TRIAL_NUMBER	TRIAL_ITERATION_VAL	frame_tilt	rod_tilt	response	step_size	reversal	reversal_num	RT	probe_del	alpha_entrain_refreshes	rod_tilt_val
real	NL	1	1	15	  -20.00	0	    8.00	0	0	233750.00	-3	0	NULL
real	DL	2	1	15	  -20.00	0	    8.00	0	0	238686.00	15	7	NULL
real	IL	3	1	-15	  -20.00	0	    8.00	0	0	243537.00	-15	0	NULL
real	QL	4	1	-15	  -20.00	0	    8.00	0	0	  504.48	-15	5	NULL
real	JR	5	1	15	   20.00	1	   -8.00	0	0	251523.00	-15	0	NULL
real	AR	6	1	-15	   20.00	1	   -8.00	0	0	  932.02	-15	7	NULL
real	KR	7	1	-15	   20.00	1	   -8.00	0	0	371366.00	15	0	NULL
real	IR	8	1	-15	   20.00	1	   -8.00	0	0	377407.00	-15	0	NULL
real	KL	9	1	-15	  -20.00	0	    8.00	0	0	381814.00	15	0	NULL
real	CL	10	1	-15	  -20.00	0	    8.00	0	0	388240.00	15	7	NULL
real	GR	11	1	15	   20.00	1	   -8.00	0	0	  740.82	-3	7	NULL
real	MR	12	1	-15	   20.00	1	   -8.00	0	0	398195.00	-3	0	NULL
real	LR	13	1	15	   20.00	1	   -8.00	0	0	402195.00	15	0	NULL
real	PR	14	1	15	   20.00	1	   -8.00	0	0	407813.00	15	5	NULL
real	OL	15	1	-15	  -20.00	0	    8.00	0	0	412178.00	15	5	NULL
real	JL	16	1	15	  -20.00	0	    8.00	0	0	416860.00	-15	0	NULL
real	ML	17	1	-15	  -20.00	0	    8.00	0	0	429636.00	-3	0	NULL
real	DR	18	1	15	   20.00	1	   -8.00	0	0	434011.00	15	7	NULL
real	NR	19	1	15	   20.00	1	   -8.00	0	0	437822.00	-3	0	NULL
real	EL	20	1	-15	  -20.00	0	    8.00	0	0	  531.44	-3	7	NULL
real	GL	21	1	15	  -20.00	0	    8.00	0	0	  615.36	-3	7	NULL
real	OR	22	1	-15	   20.00	1	   -8.00	0	0	469538.00	15	5	NULL
real	RL	23	1	15	  -20.00	0	    8.00	0	0	  668.48	-15	5	NULL
real	HR	24	1	15	   20.00	1	   -8.00	0	0	  630.19	-3	5	NULL
real	QR	25	1	-15	   20.00	1	   -8.00	0	0	 2162.40	-15	5	NULL
real	BL	26	1	15	  -20.00	0	    8.00	0	0	  661.04	-15	7	NULL
real	FR	27	1	-15	   20.00	1	   -8.00	0	0	  507.00	-3	5	NULL
real	FL	28	1	-15	  -20.00	0	    8.00	0	0	  540.94	-3	5	NULL
real	ER	29	1	-15	   20.00	1	   -8.00	0	0	  590.17	-3	7	NULL
real	LL	30	1	15	  -20.00	0	    8.00	0	0	560220.00	15	0	NULL
real	BR	31	1	15	   20.00	1	   -8.00	0	0	  407.22	-15	7	NULL
real	AL	32	1	-15	  -20.00	0	    8.00	0	0	  567.49	-15	7	NULL
real	HL	33	1	15	  -20.00	0	    8.00	0	0	  488.05	-3	5	NULL
real	PL	34	1	15	  -20.00	0	    8.00	0	0	579407.00	15	5	NULL
real	CR	35	1	-15	   20.00	1	   -8.00	0	0	583214.00	15	7	NULL
real	RR	36	1	15	   20.00	1	   -8.00	0	0	  526.50	-15	5	NULL
real	IR	37	2	-15	   12.00	1	   -8.00	0	0	591837.00	-15	0	NULL
real	DR	38	2	15	   12.00	1	   -8.00	0	0	599382.00	15	7	NULL
real	PR	39	2	15	   12.00	1	   -8.00	0	0	604019.00	15	5	NULL
real	RR	40	2	15	   12.00	1	   -8.00	0	0	  939.90	-15	5	NULL
real	KL	41	2	-15	  -12.00	0	    8.00	0	0	613365.00	15	0	NULL
real	NL	42	2	15	  -12.00	0	    8.00	0	0	618905.00	-3	0	NULL
real	FL	43	2	-15	  -12.00	0	    8.00	0	0	  517.37	-3	5	NULL
real	ER	44	2	-15	   12.00	1	   -8.00	0	0	  520.47	-3	7	NULL
real	KR	45	2	-15	   12.00	1	   -8.00	0	0	633156.00	15	0	NULL
real	PL	46	2	15	  -12.00	0	    8.00	0	0	638266.00	15	5	NULL
real	FR	47	2	-15	   12.00	1	   -8.00	0	0	  728.42	-3	5	NULL
real	DL	48	2	15	  -12.00	0	    8.00	0	0	648652.00	15	7	NULL
real	OR	49	2	-15	   12.00	1	   -8.00	0	0	653968.00	15	5	NULL
real	AR	50	2	-15	   12.00	1	   -8.00	0	0	  814.68	-15	7	NULL
real	IL	51	2	-15	  -12.00	0	    8.00	0	0	664508.00	-15	0	NULL
real	LL	52	2	15	  -12.00	0	    8.00	0	0	669244.00	15	0	NULL
real	ML	53	2	-15	  -12.00	0	    8.00	0	0	674063.00	-3	0	NULL
real	OL	54	2	-15	  -12.00	0	    8.00	0	0	678655.00	15	5	NULL
real	QR	55	2	-15	   12.00	1	   -8.00	0	0	  668.61	-15	5	NULL
real	AL	56	2	-15	  -12.00	0	    8.00	0	0	  476.60	-15	7	NULL
real	QL	57	2	-15	  -12.00	0	    8.00	0	0	  484.01	-15	5	NULL
real	BR	58	2	15	   12.00	1	   -8.00	0	0	  812.13	-15	7	NULL
real	JL	59	2	15	  -12.00	0	    8.00	0	0	700001.00	-15	0	NULL
real	MR	60	2	-15	   12.00	1	   -8.00	0	0	706073.00	-3	0	NULL
real	EL	61	2	-15	  -12.00	0	    8.00	0	0	  548.90	-3	7	NULL
real	RL	62	2	15	  -12.00	0	    8.00	0	0	  698.89	-15	5	NULL
real	GL	63	2	15	  -12.00	0	    8.00	0	0	  648.07	-3	7	NULL
real	CR	64	2	-15	   12.00	1	   -8.00	0	0	727384.00	15	7	NULL
real	NR	65	2	15	   12.00	1	   -8.00	0	0	732879.00	-3	0	NULL
real	JR	66	2	15	   12.00	1	   -8.00	0	0	737338.00	-15	0	NULL
real	HR	67	2	15	   12.00	1	   -8.00	0	0	  473.26	-3	5	NULL
real	CL	68	2	-15	  -12.00	0	    8.00	0	0	755237.00	15	7	NULL
real	HL	69	2	15	  -12.00	0	    8.00	0	0	  505.18	-3	5	NULL
real	LR	70	2	15	   12.00	1	   -8.00	0	0	769410.00	15	0	NULL
real	GR	71	2	15	   12.00	1	   -8.00	0	0	  500.22	-3	7	NULL
real	BL	72	2	15	  -12.00	0	    8.00	0	0	  625.52	-15	7	NULL
real	NR	73	3	15	    4.00	0	    4.00	1	1	795099.00	-3	0	NULL
real	HR	74	3	15	    4.00	1	   -8.00	0	0	  837.14	-3	5	NULL
real	OL	75	3	-15	   -4.00	0	    8.00	0	0	804395.00	15	5	NULL
real	JL	76	3	15	   -4.00	0	    8.00	0	0	808817.00	-15	0	NULL
real	RL	77	3	15	   -4.00	0	    8.00	0	0	 1077.81	-15	5	NULL
real	EL	78	3	-15	   -4.00	1	   -4.00	1	1	  527.95	-3	7	NULL
real	NL	79	3	15	   -4.00	0	    8.00	0	0	826270.00	-3	0	NULL
real	GL	80	3	15	   -4.00	0	    8.00	0	0	  836.46	-3	7	NULL
real	BL	81	3	15	   -4.00	0	    8.00	0	0	  587.34	-15	7	NULL
real	AL	82	3	-15	   -4.00	0	    8.00	0	0	  486.18	-15	7	NULL
real	QL	83	3	-15	   -4.00	1	   -4.00	1	1	 1152.84	-15	5	NULL
real	RR	84	3	15	    4.00	1	   -8.00	0	0	  479.39	-15	5	NULL
real	ML	85	3	-15	   -4.00	1	   -4.00	1	1	852202.00	-3	0	NULL
real	AR	86	3	-15	    4.00	1	   -8.00	0	0	  603.52	-15	7	NULL
real	DL	87	3	15	   -4.00	0	    8.00	0	0	862486.00	15	7	NULL
real	BR	88	3	15	    4.00	1	   -8.00	0	0	  560.31	-15	7	NULL
real	KR	89	3	-15	    4.00	1	   -8.00	0	0	883456.00	15	0	NULL
real	IL	90	3	-15	   -4.00	0	    8.00	0	0	887336.00	-15	0	NULL
real	MR	91	3	-15	    4.00	1	   -8.00	0	0	910416.00	-3	0	NULL
real	DR	92	3	15	    4.00	0	    4.00	1	1	920428.00	15	7	NULL
real	OR	93	3	-15	    4.00	1	   -8.00	0	0	924325.00	15	5	NULL
real	CR	94	3	-15	    4.00	1	   -8.00	0	0	932590.00	15	7	NULL
real	CL	95	3	-15	   -4.00	0	    8.00	0	0	937796.00	15	7	NULL
real	FR	96	3	-15	    4.00	1	   -8.00	0	0	 1298.03	-3	5	NULL
real	LL	97	3	15	   -4.00	0	    8.00	0	0	967161.00	15	0	NULL
real	JR	98	3	15	    4.00	1	   -8.00	0	0	973534.00	-15	0	NULL
real	PR	99	3	15	    4.00	1	   -8.00	0	0	980546.00	15	5	NULL
real	LR	100	3	15	    4.00	1	   -8.00	0	0	987548.00	15	0	NULL
real	PL	101	3	15	   -4.00	0	    8.00	0	0	995633.00	15	5	NULL
real	IR	102	3	-15	    4.00	1	   -8.00	0	0	1002483.00	-15	0	NULL
real	QR	103	3	-15	    4.00	1	   -8.00	0	0	  539.87	-15	5	NULL
real	GR	104	3	15	    4.00	1	   -8.00	0	0	  468.15	-3	7	NULL
real	FL	105	3	-15	   -4.00	0	    8.00	0	0	  631.04	-3	5	NULL
real	KL	106	3	-15	   -4.00	0	    8.00	0	0	1022095.00	15	0	NULL
real	HL	107	3	15	   -4.00	0	    8.00	0	0	  882.70	-3	5	NULL
real	ER	108	3	-15	    4.00	1	   -8.00	0	0	  561.05	-3	7	NULL
real	FR	109	4	-15	   -4.00	0	    4.00	1	1	  421.54	-3	5	NULL
real	CR	110	4	-15	   -4.00	0	    4.00	1	1	1050270.00	15	7	NULL
real	FL	111	4	-15	    4.00	1	   -4.00	1	1	  686.43	-3	5	NULL
real	HL	112	4	15	    4.00	1	   -4.00	1	1	  627.65	-3	5	NULL
real	HR	113	4	15	   -4.00	0	    4.00	1	1	  534.45	-3	5	NULL
real	EL	114	4	-15	   -8.00	0	    2.00	1	2	  855.63	-3	7	NULL
real	LL	115	4	15	    4.00	1	   -4.00	1	1	1092855.00	15	0	NULL
real	AL	116	4	-15	    4.00	1	   -4.00	1	1	  542.27	-15	7	NULL
real	RR	117	4	15	   -4.00	0	    4.00	1	1	  488.67	-15	5	NULL
real	GR	118	4	15	   -4.00	0	    4.00	1	1	  769.43	-3	7	NULL
real	IR	119	4	-15	   -4.00	0	    4.00	1	1	1119478.00	-15	0	NULL
real	ML	120	4	-15	   -8.00	0	    2.00	1	2	1129901.00	-3	0	NULL
real	DL	121	4	15	    4.00	1	   -4.00	1	1	1144139.00	15	7	NULL
real	PR	122	4	15	   -4.00	0	    4.00	1	1	1147969.00	15	5	NULL
real	AR	123	4	-15	   -4.00	0	    4.00	1	1	  531.41	-15	7	NULL
real	QR	124	4	-15	   -4.00	0	    4.00	1	1	  413.30	-15	5	NULL
real	KR	125	4	-15	   -4.00	0	    4.00	1	1	1172537.00	15	0	NULL
real	ER	126	4	-15	   -4.00	1	   -8.00	0	0	 1183.99	-3	7	NULL
real	MR	127	4	-15	   -4.00	1	   -8.00	0	0	1191879.00	-3	0	NULL
real	BL	128	4	15	    4.00	1	   -4.00	1	1	  747.07	-15	7	NULL
real	KL	129	4	-15	    4.00	1	   -4.00	1	1	1206203.00	15	0	NULL
real	NL	130	4	15	    4.00	1	   -4.00	1	1	1222113.00	-3	0	NULL
real	RL	131	4	15	    4.00	1	   -4.00	1	1	  563.12	-15	5	NULL
real	OR	132	4	-15	   -4.00	0	    4.00	1	1	1237453.00	15	5	NULL
real	QL	133	4	-15	   -8.00	0	    2.00	1	2	  532.66	-15	5	NULL
real	BR	134	4	15	   -4.00	0	    4.00	1	1	 1363.02	-15	7	NULL
real	LR	135	4	15	   -4.00	0	    4.00	1	1	1263347.00	15	0	NULL
real	OL	136	4	-15	    4.00	1	   -4.00	1	1	1275049.00	15	5	NULL
real	CL	137	4	-15	    4.00	1	   -4.00	1	1	1281448.00	15	7	NULL
real	NR	138	4	15	    8.00	1	   -2.00	1	2	1286373.00	-3	0	NULL
real	DR	139	4	15	    8.00	1	   -2.00	1	2	1290426.00	15	7	NULL
real	IL	140	4	-15	    4.00	1	   -4.00	1	1	1298968.00	-15	0	NULL
real	JL	141	4	15	    4.00	1	   -4.00	1	1	1302770.00	-15	0	NULL
real	JR	142	4	15	   -4.00	1	   -8.00	0	0	1309830.00	-15	0	NULL
real	GL	143	4	15	    4.00	1	   -4.00	1	1	  678.95	-3	7	NULL
real	PL	144	4	15	    4.00	1	   -4.00	1	1	1321527.00	15	5	NULL
real	LR	145	5	15	    0.00	1	   -2.00	1	2	1328802.00	15	0	NULL
real	RR	146	5	15	    0.00	1	   -2.00	1	2	  803.71	-15	5	NULL
real	PL	147	5	15	    0.00	1	   -4.00	0	1	1343972.00	15	5	NULL
real	KR	148	5	-15	    0.00	1	   -2.00	1	2	1348995.00	15	0	NULL
real	BR	149	5	15	    0.00	1	   -2.00	1	2	  502.17	-15	7	NULL
real	HR	150	5	15	    0.00	1	   -2.00	1	2	  476.82	-3	5	NULL
real	FL	151	5	-15	    0.00	1	   -4.00	0	1	 5926.39	-3	5	NULL
real	MR	152	5	-15	  -12.00	0	    4.00	1	1	1402429.00	-3	0	NULL
real	EL	153	5	-15	   -6.00	0	    2.00	0	2	  653.39	-3	7	NULL
real	AL	154	5	-15	    0.00	1	   -4.00	0	1	  718.52	-15	7	NULL
real	JR	155	5	15	  -12.00	0	    4.00	1	1	1419516.00	-15	0	NULL
real	KL	156	5	-15	    0.00	1	   -4.00	0	1	1423634.00	15	0	NULL
real	BL	157	5	15	    0.00	0	    2.00	1	2	 1033.95	-15	7	NULL
real	JL	158	5	15	    0.00	1	   -4.00	0	1	1432171.00	-15	0	NULL
real	OL	159	5	-15	    0.00	1	   -4.00	0	1	1438215.00	15	5	NULL
real	GR	160	5	15	    0.00	0	    4.00	0	1	  571.54	-3	7	NULL
real	IL	161	5	-15	    0.00	1	   -4.00	0	1	1451093.00	-15	0	NULL
real	CL	162	5	-15	    0.00	1	   -4.00	0	1	1456357.00	15	7	NULL
real	DL	163	5	15	    0.00	0	    2.00	1	2	1461160.00	15	7	NULL
real	PR	164	5	15	    0.00	0	    4.00	0	1	1472391.00	15	5	NULL
real	OR	165	5	-15	    0.00	1	   -2.00	1	2	1477224.00	15	5	NULL
real	RL	166	5	15	    0.00	0	    2.00	1	2	  903.97	-15	5	NULL
real	QL	167	5	-15	   -6.00	0	    2.00	0	2	  829.21	-15	5	NULL
real	HL	168	5	15	    0.00	0	    2.00	1	2	 1099.08	-3	5	NULL
real	IR	169	5	-15	    0.00	1	   -2.00	1	2	1493625.00	-15	0	NULL
real	NR	170	5	15	    6.00	1	   -2.00	0	2	1497722.00	-3	0	NULL
real	CR	171	5	-15	    0.00	1	   -2.00	1	2	1501890.00	15	7	NULL
real	ER	172	5	-15	  -12.00	0	    4.00	1	1	  894.04	-3	7	NULL
real	ML	173	5	-15	   -6.00	0	    2.00	0	2	1515926.00	-3	0	NULL
real	FR	174	5	-15	    0.00	1	   -2.00	1	2	  694.23	-3	5	NULL
real	LL	175	5	15	    0.00	1	   -4.00	0	1	1525583.00	15	0	NULL
real	NL	176	5	15	    0.00	0	    2.00	1	2	1529606.00	-3	0	NULL
real	DR	177	5	15	    6.00	1	   -2.00	0	2	1535891.00	15	7	NULL
real	GL	178	5	15	    0.00	0	    2.00	1	2	  951.32	-3	7	NULL
real	QR	179	5	-15	    0.00	0	    4.00	0	1	  815.78	-15	5	NULL
real	AR	180	5	-15	    0.00	1	   -2.00	1	2	 1668.70	-15	7	NULL
real	LL	181	6	15	   -4.00	0	    2.00	1	2	1558573.00	15	0	NULL
real	GR	182	6	15	    4.00	1	   -2.00	1	2	  487.69	-3	7	NULL
real	BR	183	6	15	   -2.00	0	    1.00	1	3	  650.86	-15	7	NULL
real	HL	184	6	15	    2.00	1	   -1.00	1	3	  562.15	-3	5	NULL
real	GL	185	6	15	    2.00	1	   -1.00	1	3	 1087.00	-3	7	NULL
real	DR	186	6	15	    4.00	1	   -2.00	0	2	1582471.00	15	7	NULL
real	PL	187	6	15	   -4.00	0	    2.00	1	2	1590623.00	15	5	NULL
real	OL	188	6	-15	   -4.00	1	   -4.00	0	1	1594482.00	15	5	NULL
real	CL	189	6	-15	   -4.00	1	   -4.00	0	1	1601454.00	15	7	NULL
real	OR	190	6	-15	   -2.00	1	   -2.00	0	2	1605699.00	15	5	NULL
real	QR	191	6	-15	    4.00	1	   -2.00	1	2	  625.14	-15	5	NULL
real	JR	192	6	15	   -8.00	0	    4.00	0	1	1618113.00	-15	0	NULL
real	ER	193	6	-15	   -8.00	0	    4.00	0	1	  560.03	-3	7	NULL
real	RR	194	6	15	   -2.00	1	   -2.00	0	2	  493.90	-15	5	NULL
real	EL	195	6	-15	   -4.00	0	    2.00	0	2	 1046.03	-3	7	NULL
real	KR	196	6	-15	   -2.00	1	   -2.00	0	2	1635960.00	15	0	NULL
real	HR	197	6	15	   -2.00	0	    1.00	1	3	  600.47	-3	5	NULL
real	NL	198	6	15	    2.00	1	   -1.00	1	3	1644522.00	-3	0	NULL
real	ML	199	6	-15	   -4.00	1	   -1.00	1	3	1652411.00	-3	0	NULL
real	KL	200	6	-15	   -4.00	0	    2.00	1	2	1659794.00	15	0	NULL
real	BL	201	6	15	    2.00	1	   -1.00	1	3	  509.59	-15	7	NULL
real	PR	202	6	15	    4.00	1	   -2.00	1	2	1668112.00	15	5	NULL
real	RL	203	6	15	    2.00	1	   -1.00	1	3	  485.67	-15	5	NULL
real	AL	204	6	-15	   -4.00	0	    2.00	1	2	 2696.44	-15	7	NULL
real	NR	205	6	15	    4.00	1	   -2.00	0	2	1686572.00	-3	0	NULL
real	CR	206	6	-15	   -2.00	0	    1.00	1	3	1691452.00	15	7	NULL
real	MR	207	6	-15	   -8.00	0	    4.00	0	1	1700385.00	-3	0	NULL
real	JL	208	6	15	   -4.00	0	    2.00	1	2	1704461.00	-15	0	NULL
real	IR	209	6	-15	   -2.00	1	   -2.00	0	2	1709885.00	-15	0	NULL
real	IL	210	6	-15	   -4.00	1	   -4.00	0	1	1714959.00	-15	0	NULL
real	DL	211	6	15	    2.00	1	   -1.00	1	3	1719252.00	15	7	NULL
real	LR	212	6	15	   -2.00	1	   -2.00	0	2	1723415.00	15	0	NULL
real	QL	213	6	-15	   -4.00	1	   -1.00	1	3	  603.60	-15	5	NULL
real	FL	214	6	-15	   -4.00	0	    2.00	1	2	 2746.91	-3	5	NULL
real	AR	215	6	-15	   -2.00	0	    1.00	1	3	  724.46	-15	7	NULL
real	FR	216	6	-15	   -2.00	0	    1.00	1	3	 6701.50	-3	5	NULL
real	QL	217	7	-15	   -5.00	0	    1.00	1	4	  693.75	-15	5	NULL
real	EL	218	7	-15	   -2.00	0	    2.00	0	2	  979.56	-3	7	NULL
real	OL	219	7	-15	   -8.00	0	    2.00	1	2	1768095.00	15	5	NULL
real	GR	220	7	15	    2.00	1	   -2.00	0	2	  871.78	-3	7	NULL
real	NR	221	7	15	    2.00	1	   -2.00	0	2	1776698.00	-3	0	NULL
real	RR	222	7	15	   -4.00	0	    1.00	1	3	  773.87	-15	5	NULL
real	BR	223	7	15	   -1.00	1	   -1.00	1	4	  557.83	-15	7	NULL
real	IL	224	7	-15	   -8.00	0	    2.00	1	2	1788687.00	-15	0	NULL
real	RL	225	7	15	    1.00	1	   -1.00	0	3	  456.37	-15	5	NULL
real	QR	226	7	-15	    2.00	1	   -2.00	0	2	  521.17	-15	5	NULL
real	JR	227	7	15	   -4.00	0	    4.00	0	1	1807017.00	-15	0	NULL
real	BL	228	7	15	    1.00	1	   -1.00	0	3	  512.20	-15	7	NULL
real	ML	229	7	-15	   -5.00	0	    1.00	1	4	1815981.00	-3	0	NULL
real	CR	230	7	-15	   -1.00	1	   -1.00	1	4	1820369.00	15	7	NULL
real	HR	231	7	15	   -1.00	0	    1.00	0	3	  603.35	-3	5	NULL
real	NL	232	7	15	    1.00	1	   -1.00	0	3	1828441.00	-3	0	NULL
real	IR	233	7	-15	   -4.00	1	   -2.00	0	2	1832837.00	-15	0	NULL
real	LL	234	7	15	   -2.00	1	   -1.00	1	3	1842265.00	15	0	NULL
real	DL	235	7	15	    1.00	1	   -1.00	0	3	1846514.00	15	7	NULL
real	KL	236	7	-15	   -2.00	1	   -1.00	1	3	1851349.00	15	0	NULL
real	AL	237	7	-15	   -2.00	0	    2.00	0	2	 6322.17	-15	7	NULL
real	HL	238	7	15	    1.00	1	   -1.00	0	3	 3178.47	-3	5	NULL
real	AR	239	7	-15	   -1.00	0	    1.00	0	3	 2864.29	-15	7	NULL
real	GL	240	7	15	    1.00	1	   -1.00	0	3	  814.46	-3	7	NULL
real	DR	241	7	15	    2.00	1	   -2.00	0	2	1893844.00	15	7	NULL
real	JL	242	7	15	   -2.00	0	    2.00	0	2	1906307.00	-15	0	NULL
real	CL	243	7	-15	   -8.00	0	    2.00	1	2	1910511.00	15	7	NULL
real	FL	244	7	-15	   -2.00	1	   -1.00	1	3	 1277.54	-3	5	NULL
real	OR	245	7	-15	   -4.00	0	    1.00	1	3	1935458.00	15	5	NULL
real	PR	246	7	15	    2.00	1	   -2.00	0	2	1939478.00	15	5	NULL
real	MR	247	7	-15	   -4.00	0	    4.00	0	1	1955503.00	-3	0	NULL
real	LR	248	7	15	   -4.00	0	    1.00	1	3	1960287.00	15	0	NULL
real	ER	249	7	-15	   -4.00	0	    4.00	0	1	 1022.58	-3	7	NULL
real	FR	250	7	-15	   -1.00	1	   -1.00	1	4	  764.64	-3	5	NULL
real	KR	251	7	-15	   -4.00	0	    1.00	1	3	1973189.00	15	0	NULL
real	PL	252	7	15	   -2.00	0	    2.00	0	2	1982354.00	15	5	NULL
real	RR	253	8	15	   -3.00	1	   -1.00	1	4	  767.26	-15	5	NULL
real	DL	254	8	15	    0.00	1	   -1.00	0	3	1990949.00	15	7	NULL
real	IL	255	8	-15	   -6.00	0	    2.00	0	2	1994858.00	-15	0	NULL
real	DR	256	8	15	    0.00	1	   -2.00	0	2	2001408.00	15	7	NULL
real	CL	257	8	-15	   -6.00	0	    2.00	0	2	2005517.00	15	7	NULL
real	BR	258	8	15	   -2.00	0	    1.00	1	5	 1040.54	-15	7	NULL
real	JR	259	8	15	    0.00	1	   -2.00	1	2	2020060.00	-15	0	NULL
real	JL	260	8	15	    0.00	0	    2.00	0	2	2024088.00	-15	0	NULL
real	ER	261	8	-15	    0.00	1	   -2.00	1	2	  587.67	-3	7	NULL
real	IR	262	8	-15	   -6.00	0	    1.00	1	3	2031992.00	-15	0	NULL
real	QR	263	8	-15	    0.00	0	    1.00	1	3	 2009.56	-15	5	NULL
real	HL	264	8	15	    0.00	0	    1.00	1	4	  594.10	-3	5	NULL
real	FL	265	8	-15	   -3.00	0	    1.00	1	4	  469.15	-3	5	NULL
real	NL	266	8	15	    0.00	0	    1.00	1	4	2052622.00	-3	0	NULL
real	PL	267	8	15	    0.00	0	    2.00	0	2	2056754.00	15	5	NULL
real	ML	268	8	-15	   -4.00	0	    1.00	0	4	2060904.00	-3	0	NULL
real	EL	269	8	-15	    0.00	1	   -1.00	1	3	  571.20	-3	7	NULL
real	AR	270	8	-15	    0.00	0	    1.00	0	3	  891.64	-15	7	NULL
real	LL	271	8	15	   -3.00	0	    1.00	1	4	2073078.00	15	0	NULL
real	NR	272	8	15	    0.00	0	    1.00	1	3	2077296.00	-3	0	NULL
real	MR	273	8	-15	    0.00	1	   -2.00	1	2	2081206.00	-3	0	NULL
real	PR	274	8	15	    0.00	0	    1.00	1	3	2085450.00	15	5	NULL
real	AL	275	8	-15	    0.00	1	   -1.00	1	3	 1179.23	-15	7	NULL
real	BL	276	8	15	    0.00	0	    1.00	1	4	  717.10	-15	7	NULL
real	OR	277	8	-15	   -3.00	0	    1.00	0	3	2100917.00	15	5	NULL
real	OL	278	8	-15	   -6.00	0	    2.00	0	2	2105969.00	15	5	NULL
real	KR	279	8	-15	   -3.00	0	    1.00	0	3	2110614.00	15	0	NULL
real	LR	280	8	15	   -3.00	0	    1.00	0	3	2114742.00	15	0	NULL
real	HR	281	8	15	    0.00	0	    1.00	0	3	  440.92	-3	5	NULL
real	RL	282	8	15	    0.00	1	   -1.00	0	3	  548.37	-15	5	NULL
real	KL	283	8	-15	   -3.00	0	    1.00	1	4	2128388.00	15	0	NULL
real	CR	284	8	-15	   -2.00	1	   -1.00	0	4	2137738.00	15	7	NULL
real	FR	285	8	-15	   -2.00	1	   -1.00	0	4	  708.56	-3	5	NULL
real	GL	286	8	15	    0.00	0	    1.00	1	4	 1030.54	-3	7	NULL
real	QL	287	8	-15	   -4.00	0	    1.00	0	4	  596.86	-15	5	NULL
real	GR	288	8	15	    0.00	0	    1.00	1	3	  527.10	-3	7	NULL
real	HL	289	9	15	    1.00	0	    1.00	0	4	  520.40	-3	5	NULL
real	JR	290	9	15	   -2.00	0	    1.00	1	3	2162791.00	-15	0	NULL
real	FR	291	9	-15	   -3.00	0	    1.00	1	5	  531.62	-3	5	NULL
real	PR	292	9	15	    1.00	0	    1.00	0	3	2170665.00	15	5	NULL
real	PL	293	9	15	    2.00	1	   -1.00	1	3	2175757.00	15	5	NULL
real	EL	294	9	-15	   -1.00	1	   -1.00	0	3	  649.54	-3	7	NULL
real	HR	295	9	15	    1.00	0	    1.00	0	3	  516.32	-3	5	NULL
real	GR	296	9	15	    1.00	0	    1.00	0	3	  718.39	-3	7	NULL
real	BL	297	9	15	    1.00	1	   -1.00	1	5	  649.04	-15	7	NULL
real	DR	298	9	15	   -2.00	0	    1.00	1	3	2195897.00	15	7	NULL
real	KL	299	9	-15	   -2.00	1	   -1.00	1	5	2200655.00	15	0	NULL
real	RL	300	9	15	   -1.00	1	   -1.00	0	3	  629.70	-15	5	NULL
real	LR	301	9	15	   -2.00	1	   -1.00	1	4	2208630.00	15	0	NULL
real	DL	302	9	15	   -1.00	1	   -1.00	0	3	2218714.00	15	7	NULL
real	QR	303	9	-15	    1.00	1	   -1.00	1	4	  585.38	-15	5	NULL
real	IL	304	9	-15	   -4.00	0	    2.00	0	2	2237176.00	-15	0	NULL
real	NL	305	9	15	    1.00	1	   -1.00	1	5	2249434.00	-3	0	NULL
real	ML	306	9	-15	   -3.00	1	   -1.00	1	5	2255797.00	-3	0	NULL
real	OR	307	9	-15	   -2.00	1	   -1.00	1	4	2262671.00	15	5	NULL
real	CL	308	9	-15	   -4.00	0	    2.00	0	2	2269621.00	15	7	NULL
real	MR	309	9	-15	   -2.00	1	   -2.00	0	2	2273960.00	-3	0	NULL
real	FL	310	9	-15	   -2.00	1	   -1.00	1	5	  669.40	-3	5	NULL
real	RR	311	9	15	   -4.00	0	    1.00	1	5	  521.78	-15	5	NULL
real	BR	312	9	15	   -1.00	0	    1.00	0	5	 2580.54	-15	7	NULL
real	GL	313	9	15	    1.00	1	   -1.00	1	5	  733.16	-3	7	NULL
real	AL	314	9	-15	   -1.00	1	   -1.00	0	3	 1522.42	-15	7	NULL
real	IR	315	9	-15	   -5.00	0	    1.00	0	3	2311202.00	-15	0	NULL
real	QL	316	9	-15	   -3.00	0	    1.00	0	4	  815.38	-15	5	NULL
real	LL	317	9	15	   -2.00	0	    1.00	0	4	2323984.00	15	0	NULL
real	KR	318	9	-15	   -2.00	1	   -1.00	1	4	2339292.00	15	0	NULL
real	AR	319	9	-15	    1.00	1	   -1.00	1	4	  603.07	-15	7	NULL
real	NR	320	9	15	    1.00	0	    1.00	0	3	2348437.00	-3	0	NULL
real	JL	321	9	15	    2.00	1	   -1.00	1	3	2354095.00	-15	0	NULL
real	CR	322	9	-15	   -3.00	0	    1.00	1	5	2358455.00	15	7	NULL
real	OL	323	9	-15	   -4.00	0	    2.00	0	2	2362724.00	15	5	NULL
real	ER	324	9	-15	   -2.00	1	   -2.00	0	2	  797.66	-3	7	NULL
real	DL	325	10	15	   -2.00	0	    1.00	1	4	2371832.00	15	7	NULL
real	GL	326	10	15	    0.00	0	    1.00	1	6	  750.24	-3	7	NULL
real	JR	327	10	15	   -1.00	0	    1.00	0	3	2379915.00	-15	0	NULL
real	RL	328	10	15	   -2.00	0	    1.00	1	4	  599.36	-15	5	NULL
real	IR	329	10	-15	   -4.00	0	    1.00	0	3	2390405.00	-15	0	NULL
real	BR	330	10	15	    0.00	1	   -1.00	1	6	  495.49	-15	7	NULL
real	IL	331	10	-15	   -2.00	1	   -1.00	1	3	2397660.00	-15	0	NULL
real	QL	332	10	-15	   -2.00	1	   -1.00	1	5	  821.13	-15	5	NULL
real	BL	333	10	15	    0.00	1	   -1.00	0	5	  713.19	-15	7	NULL
real	ER	334	10	-15	   -4.00	1	   -2.00	0	2	 2245.64	-3	7	NULL
real	EL	335	10	-15	   -2.00	1	   -1.00	0	3	  611.53	-3	7	NULL
real	PR	336	10	15	    2.00	1	   -1.00	1	4	2423850.00	15	5	NULL
real	ML	337	10	-15	   -4.00	1	   -1.00	0	5	2430713.00	-3	0	NULL
real	NR	338	10	15	    2.00	1	   -1.00	1	4	2439435.00	-3	0	NULL
real	AR	339	10	-15	    0.00	1	   -1.00	0	4	  484.83	-15	7	NULL
real	QR	340	10	-15	    0.00	1	   -1.00	0	4	  812.69	-15	5	NULL
real	HL	341	10	15	    2.00	1	   -1.00	1	5	  449.69	-3	5	NULL
real	RR	342	10	15	   -3.00	0	    1.00	0	5	  574.69	-15	5	NULL
real	MR	343	10	-15	   -4.00	0	    1.00	1	3	2468311.00	-3	0	NULL
real	AL	344	10	-15	   -2.00	0	    1.00	1	4	  622.58	-15	7	NULL
real	NL	345	10	15	    0.00	0	    1.00	1	6	2490780.00	-3	0	NULL
real	CR	346	10	-15	   -2.00	1	   -1.00	1	6	2502731.00	15	7	NULL
real	HR	347	10	15	    2.00	0	    1.00	0	3	  939.25	-3	5	NULL
real	LL	348	10	15	   -1.00	0	    1.00	0	4	2511693.00	15	0	NULL
real	KL	349	10	-15	   -3.00	0	    1.00	1	6	2516616.00	15	0	NULL
real	KR	350	10	-15	   -3.00	1	   -1.00	0	4	2522021.00	15	0	NULL
real	OL	351	10	-15	   -2.00	0	    2.00	0	2	2526964.00	15	5	NULL
real	FR	352	10	-15	   -2.00	0	    1.00	0	5	  707.10	-3	5	NULL
real	PL	353	10	15	    1.00	1	   -1.00	0	3	2540978.00	15	5	NULL
real	OR	354	10	-15	   -3.00	0	    1.00	1	5	2545210.00	15	5	NULL
real	LR	355	10	15	   -3.00	0	    1.00	1	5	2549405.00	15	0	NULL
real	CL	356	10	-15	   -2.00	1	   -1.00	1	3	2553642.00	15	7	NULL
real	DR	357	10	15	   -1.00	1	   -1.00	1	4	2559177.00	15	7	NULL
real	GR	358	10	15	    2.00	1	   -1.00	1	4	 7143.98	-3	7	NULL
real	FL	359	10	-15	   -3.00	1	   -1.00	0	5	  803.20	-3	5	NULL
real	JL	360	10	15	    1.00	1	   -1.00	0	3	2580417.00	-15	0	NULL
real	KL	361	11	-15	   -2.00	1	   -1.00	1	7	2587283.00	15	0	NULL
real	NR	362	11	15	    1.00	1	   -1.00	0	4	2592310.00	-3	0	NULL
real	CL	363	11	-15	   -3.00	1	   -1.00	0	3	2598713.00	15	7	NULL
real	HR	364	11	15	    3.00	1	   -1.00	1	4	  475.63	-3	5	NULL
real	OR	365	11	-15	   -2.00	1	   -1.00	1	6	2611511.00	15	5	NULL
real	JR	366	11	15	    0.00	1	   -1.00	1	4	2615028.00	-15	0	NULL
real	ER	367	11	-15	   -6.00	0	    1.00	1	3	  863.81	-3	7	NULL
real	CR	368	11	-15	   -3.00	0	    1.00	1	7	2626569.00	15	7	NULL
real	FR	369	11	-15	   -1.00	1	   -1.00	1	6	 1005.30	-3	5	NULL
real	AL	370	11	-15	   -1.00	0	    1.00	0	4	  481.90	-15	7	NULL
real	AR	371	11	-15	   -1.00	0	    1.00	1	5	  448.85	-15	7	NULL
real	DR	372	11	15	   -2.00	0	    1.00	1	5	2644036.00	15	7	NULL
real	RL	373	11	15	   -1.00	0	    1.00	0	4	  728.87	-15	5	NULL
real	QR	374	11	-15	   -1.00	0	    1.00	1	5	  591.29	-15	5	NULL
real	LL	375	11	15	    0.00	0	    1.00	0	4	2657594.00	15	0	NULL
real	KR	376	11	-15	   -4.00	1	   -1.00	0	4	2668353.00	15	0	NULL
real	IR	377	11	-15	   -3.00	1	   -1.00	1	4	2672639.00	-15	0	NULL
real	OL	378	11	-15	    0.00	1	   -1.00	1	3	2680226.00	15	5	NULL
real	MR	379	11	-15	   -3.00	1	   -1.00	1	4	2684037.00	-3	0	NULL
real	HL	380	11	15	    1.00	1	   -1.00	0	5	  473.88	-3	5	NULL
real	LR	381	11	15	   -2.00	0	    1.00	0	5	2692263.00	15	0	NULL
real	DL	382	11	15	   -1.00	1	   -1.00	1	5	2699795.00	15	7	NULL
real	QL	383	11	-15	   -3.00	0	    1.00	1	6	  674.41	-15	5	NULL
real	RR	384	11	15	   -2.00	0	    1.00	0	5	  649.00	-15	5	NULL
real	BR	385	11	15	   -1.00	0	    1.00	1	7	  848.44	-15	7	NULL
real	GR	386	11	15	    1.00	0	    1.00	1	5	  718.07	-3	7	NULL
real	IL	387	11	-15	   -3.00	0	    1.00	1	4	2722735.00	-15	0	NULL
real	PR	388	11	15	    1.00	1	   -1.00	0	4	2727827.00	15	5	NULL
real	NL	389	11	15	    1.00	1	   -1.00	1	7	2734079.00	-3	0	NULL
real	FL	390	11	-15	   -4.00	0	    1.00	1	6	  742.16	-3	5	NULL
real	GL	391	11	15	    1.00	1	   -1.00	1	7	  513.66	-3	7	NULL
real	BL	392	11	15	   -1.00	1	   -1.00	0	5	  556.01	-15	7	NULL
real	PL	393	11	15	    0.00	1	   -1.00	0	3	2749904.00	15	5	NULL
real	EL	394	11	-15	   -3.00	1	   -1.00	0	3	  543.42	-3	7	NULL
real	ML	395	11	-15	   -5.00	0	    1.00	1	6	2763537.00	-3	0	NULL
real	JL	396	11	15	    0.00	1	   -1.00	0	3	2767227.00	-15	0	NULL
real	JL	397	12	15	   -1.00	1	   -1.00	0	3	2770716.00	-15	0	NULL
real	NL	398	12	15	    0.00	1	   -1.00	0	7	2774411.00	-3	0	NULL
real	DL	399	12	15	   -2.00	0	    1.00	1	6	2779422.00	15	7	NULL
real	ER	400	12	-15	   -5.00	0	    1.00	0	3	  596.67	-3	7	NULL
real	OR	401	12	-15	   -3.00	0	    1.00	1	7	2890318.00	15	5	NULL
real	CR	402	12	-15	   -2.00	0	    1.00	0	7	2894263.00	15	7	NULL
real	CL	403	12	-15	   -4.00	0	    1.00	1	4	2898291.00	15	7	NULL
real	FL	404	12	-15	   -3.00	1	   -1.00	1	7	  652.63	-3	5	NULL
real	ML	405	12	-15	   -4.00	0	    1.00	0	6	2907632.00	-3	0	NULL
real	MR	406	12	-15	   -4.00	1	   -1.00	0	4	2911934.00	-3	0	NULL
real	BL	407	12	15	   -2.00	1	   -1.00	0	5	 1521.37	-15	7	NULL
real	GR	408	12	15	    2.00	1	   -1.00	1	6	 1268.02	-3	7	NULL
real	HR	409	12	15	    2.00	1	   -1.00	0	4	  944.18	-3	5	NULL
real	LL	410	12	15	    1.00	1	   -1.00	1	5	2930988.00	15	0	NULL
real	JR	411	12	15	   -1.00	1	   -1.00	0	4	2935511.00	-15	0	NULL
real	PL	412	12	15	   -1.00	1	   -1.00	0	3	2944735.00	15	5	NULL
real	IL	413	12	-15	   -2.00	1	   -1.00	1	5	2950590.00	-15	0	NULL
real	KR	414	12	-15	   -5.00	1	   -1.00	0	4	2955953.00	15	0	NULL
real	NR	415	12	15	    0.00	1	   -1.00	0	4	2959992.00	-3	0	NULL
real	RL	416	12	15	    0.00	1	   -1.00	1	5	  427.93	-15	5	NULL
real	DR	417	12	15	   -1.00	1	   -1.00	1	6	2967648.00	15	7	NULL
real	IR	418	12	-15	   -4.00	0	    1.00	1	5	2973095.00	-15	0	NULL
real	RR	419	12	15	   -1.00	1	   -1.00	1	6	  636.49	-15	5	NULL
real	AL	420	12	-15	    0.00	1	   -1.00	1	5	  842.49	-15	7	NULL
real	KL	421	12	-15	   -3.00	0	    1.00	1	8	2989210.00	15	0	NULL
real	QR	422	12	-15	    0.00	1	   -1.00	1	6	  600.49	-15	5	NULL
real	GL	423	12	15	    0.00	0	    1.00	1	8	  776.64	-3	7	NULL
real	PR	424	12	15	    0.00	1	   -1.00	0	4	3001680.00	15	5	NULL
real	QL	425	12	-15	   -2.00	1	   -1.00	1	7	  682.46	-15	5	NULL
real	HL	426	12	15	    0.00	1	   -1.00	0	5	  544.55	-3	5	NULL
real	OL	427	12	-15	   -1.00	1	   -1.00	0	3	3014169.00	15	5	NULL
real	FR	428	12	-15	   -2.00	1	   -1.00	0	6	  536.48	-3	5	NULL
real	LR	429	12	15	   -1.00	1	   -1.00	1	6	3022290.00	15	0	NULL
real	AR	430	12	-15	    0.00	1	   -1.00	1	6	  507.47	-15	7	NULL
real	EL	431	12	-15	   -4.00	0	    1.00	1	4	  674.50	-3	7	NULL
real	BR	432	12	15	    0.00	1	   -1.00	1	8	  598.00	-15	7	NULL
real	IR	433	13	-15	   -3.00	1	   -1.00	1	6	3038383.00	-15	0	NULL
real	LL	434	13	15	    0.00	1	   -1.00	0	5	3042692.00	15	0	NULL
real	FR	435	13	-15	   -3.00	1	   -1.00	0	6	 4926.74	-3	5	NULL
real	ER	436	13	-15	   -4.00	0	    1.00	0	3	  813.86	-3	7	NULL
real	IL	437	13	-15	   -3.00	0	    1.00	1	6	3062507.00	-15	0	NULL
real	OL	438	13	-15	   -2.00	1	   -1.00	0	3	3069038.00	15	5	NULL
real	CL	439	13	-15	   -3.00	1	   -1.00	1	5	3073607.00	15	7	NULL
real	AL	440	13	-15	   -1.00	1	   -1.00	0	5	  657.98	-15	7	NULL
real	NL	441	13	15	   -1.00	0	    1.00	1	8	3081981.00	-3	0	NULL
real	MR	442	13	-15	   -5.00	1	   -1.00	0	4	3086193.00	-3	0	NULL
real	LR	443	13	15	   -2.00	0	    1.00	1	7	3091453.00	15	0	NULL
real	JL	444	13	15	   -2.00	1	   -1.00	0	3	3095407.00	-15	0	NULL
real	HL	445	13	15	   -1.00	1	   -1.00	0	5	 2039.30	-3	5	NULL
real	QL	446	13	-15	   -3.00	0	    1.00	1	8	  861.90	-15	5	NULL
real	KL	447	13	-15	   -2.00	1	   -1.00	1	9	3111123.00	15	0	NULL
real	JR	448	13	15	   -2.00	0	    1.00	1	5	3115204.00	-15	0	NULL
real	NR	449	13	15	   -1.00	0	    1.00	1	5	3123076.00	-3	0	NULL
real	PL	450	13	15	   -2.00	0	    1.00	1	4	3129322.00	15	5	NULL
real	QR	451	13	-15	   -1.00	0	    1.00	1	7	  563.54	-15	5	NULL
real	BR	452	13	15	   -1.00	0	    1.00	1	9	 1288.36	-15	7	NULL
real	OR	453	13	-15	   -2.00	0	    1.00	0	7	3151197.00	15	5	NULL
real	KR	454	13	-15	   -6.00	0	    1.00	1	5	3156032.00	15	0	NULL
real	BL	455	13	15	   -3.00	0	    1.00	1	6	  746.61	-15	7	NULL
real	AR	456	13	-15	   -1.00	0	    1.00	1	7	  778.65	-15	7	NULL
real	DR	457	13	15	   -2.00	0	    1.00	1	7	3173767.00	15	7	NULL
real	ML	458	13	-15	   -3.00	0	    1.00	0	6	3183174.00	-3	0	NULL
real	HR	459	13	15	    1.00	1	   -1.00	0	4	 1265.60	-3	5	NULL
real	FL	460	13	-15	   -4.00	1	   -1.00	0	7	 3178.04	-3	5	NULL
real	GL	461	13	15	    1.00	1	   -1.00	1	9	 2230.74	-3	7	NULL
real	PR	462	13	15	   -1.00	0	    1.00	1	5	3207926.00	15	5	NULL
real	RR	463	13	15	   -2.00	0	    1.00	1	7	  842.12	-15	5	NULL
real	EL	464	13	-15	   -3.00	1	   -1.00	1	5	  804.65	-3	7	NULL
real	DL	465	13	15	   -1.00	1	   -1.00	1	7	3221971.00	15	7	NULL
real	CR	466	13	-15	   -1.00	1	   -1.00	1	8	3230683.00	15	7	NULL
real	RL	467	13	15	   -1.00	0	    1.00	1	6	 1086.12	-15	5	NULL
real	GR	468	13	15	    1.00	0	    1.00	1	7	 2181.17	-3	7	NULL
real	AL	469	14	-15	   -2.00	0	    1.00	1	6	  763.27	-15	7	NULL
real	ML	470	14	-15	   -2.00	1	   -1.00	1	7	3251291.00	-3	0	NULL
real	PL	471	14	15	   -1.00	1	   -1.00	1	5	3256087.00	15	5	NULL
real	QR	472	14	-15	    0.00	1	   -1.00	1	8	  784.88	-15	5	NULL
real	MR	473	14	-15	   -6.00	0	    1.00	1	5	3269590.00	-3	0	NULL
real	CR	474	14	-15	   -2.00	1	   -1.00	0	8	3274112.00	15	7	NULL
real	JR	475	14	15	   -1.00	1	   -1.00	1	6	3277909.00	-15	0	NULL
real	DR	476	14	15	   -1.00	0	    1.00	0	7	3282473.00	15	7	NULL
real	EL	477	14	-15	   -4.00	0	    1.00	1	6	  816.48	-3	7	NULL
real	KR	478	14	-15	   -5.00	0	    1.00	0	5	3290655.00	15	0	NULL
real	LL	479	14	15	   -1.00	0	    1.00	1	6	3294990.00	15	0	NULL
real	FR	480	14	-15	   -4.00	0	    1.00	1	7	  465.58	-3	5	NULL
real	NL	481	14	15	    0.00	1	   -1.00	1	9	3303870.00	-3	0	NULL
real	LR	482	14	15	   -1.00	1	   -1.00	1	8	3315320.00	15	0	NULL
real	BR	483	14	15	    0.00	1	   -1.00	1	10	  611.14	-15	7	NULL
real	RR	484	14	15	   -1.00	1	   -1.00	1	8	  784.09	-15	5	NULL
real	OR	485	14	-15	   -1.00	1	   -1.00	1	8	3335859.00	15	5	NULL
real	ER	486	14	-15	   -3.00	1	   -1.00	1	4	  969.63	-3	7	NULL
real	PR	487	14	15	    0.00	1	   -1.00	1	6	3349315.00	15	5	NULL
real	KL	488	14	-15	   -3.00	0	    1.00	1	10	3358373.00	15	0	NULL
real	HL	489	14	15	   -2.00	0	    1.00	1	6	 1332.26	-3	5	NULL
real	NR	490	14	15	    0.00	0	    1.00	0	5	3371804.00	-3	0	NULL
real	RL	491	14	15	    0.00	1	   -1.00	1	7	 5284.65	-15	5	NULL
real	CL	492	14	-15	   -4.00	0	    1.00	1	6	3389200.00	15	7	NULL
real	IR	493	14	-15	   -4.00	0	    1.00	1	7	3395681.00	-15	0	NULL
real	JL	494	14	15	   -3.00	1	   -1.00	0	3	3399775.00	-15	0	NULL
real	BL	495	14	15	   -2.00	0	    1.00	0	6	 2902.44	-15	7	NULL
real	DL	496	14	15	   -2.00	0	    1.00	1	8	3411476.00	15	7	NULL
real	AR	497	14	-15	    0.00	1	   -1.00	1	8	  411.53	-15	7	NULL
real	QL	498	14	-15	   -2.00	0	    1.00	0	8	  809.25	-15	5	NULL
real	OL	499	14	-15	   -3.00	0	    1.00	1	4	3425278.00	15	5	NULL
real	GL	500	14	15	    0.00	0	    1.00	1	10	  751.19	-3	7	NULL
real	GR	501	14	15	    2.00	1	   -1.00	1	8	  699.59	-3	7	NULL
real	IL	502	14	-15	   -2.00	0	    1.00	0	6	3437686.00	-15	0	NULL
real	HR	503	14	15	    0.00	0	    1.00	1	5	  860.33	-3	5	NULL
real	FL	504	14	-15	   -5.00	0	    1.00	1	8	  551.75	-3	5	NULL
real	JR	505	15	15	   -2.00	0	    1.00	1	7	3452100.00	-15	0	NULL
real	QL	506	15	-15	   -1.00	1	   -1.00	1	9	  609.87	-15	5	NULL
real	KR	507	15	-15	   -4.00	1	   -1.00	1	6	3467334.00	15	0	NULL
real	ER	508	15	-15	   -4.00	1	   -1.00	0	4	  702.73	-3	7	NULL
real	AL	509	15	-15	   -1.00	1	   -1.00	1	7	  515.16	-15	7	NULL
real	GR	510	15	15	    1.00	1	   -1.00	0	8	  585.66	-3	7	NULL
real	BL	511	15	15	   -1.00	1	   -1.00	1	7	  426.42	-15	7	NULL
real	KL	512	15	-15	   -2.00	1	   -1.00	1	11	3499589.00	15	0	NULL
real	DL	513	15	15	   -1.00	1	   -1.00	1	9	3504888.00	15	7	NULL
real	EL	514	15	-15	   -3.00	1	   -1.00	1	7	  504.52	-3	7	NULL
real	FR	515	15	-15	   -3.00	1	   -1.00	1	8	  378.94	-3	5	NULL
real	NR	516	15	15	    1.00	1	   -1.00	1	6	3524166.00	-3	0	NULL
real	AR	517	15	-15	   -1.00	1	   -1.00	0	8	 2848.27	-15	7	NULL
real	JL	518	15	15	   -4.00	0	    1.00	1	4	3535226.00	-15	0	NULL
real	BR	519	15	15	   -1.00	0	    1.00	1	11	 1747.85	-15	7	NULL
real	HL	520	15	15	   -1.00	0	    1.00	0	6	  596.09	-3	5	NULL
real	OR	521	15	-15	   -2.00	1	   -1.00	0	8	3550553.00	15	5	NULL
real	QR	522	15	-15	   -1.00	1	   -1.00	0	8	 1793.52	-15	5	NULL
real	IR	523	15	-15	   -3.00	1	   -1.00	1	8	3560259.00	-15	0	NULL
real	DR	524	15	15	    0.00	1	   -1.00	1	8	3576028.00	15	7	NULL
real	CL	525	15	-15	   -3.00	0	    1.00	0	6	3581302.00	15	7	NULL
real	GL	526	15	15	    1.00	0	    1.00	0	10	 1788.61	-3	7	NULL
real	CR	527	15	-15	   -3.00	1	   -1.00	0	8	3594780.00	15	7	NULL
real	FL	528	15	-15	   -4.00	1	   -1.00	1	9	  694.74	-3	5	NULL
real	OL	529	15	-15	   -2.00	1	   -1.00	1	5	3602689.00	15	5	NULL
real	RR	530	15	15	   -2.00	1	   -1.00	0	8	 1069.99	-15	5	NULL
real	LL	531	15	15	    0.00	1	   -1.00	1	7	3612200.00	15	0	NULL
real	LR	532	15	15	   -2.00	1	   -1.00	0	8	3616160.00	15	0	NULL
real	RL	533	15	15	   -1.00	1	   -1.00	0	7	 1004.24	-15	5	NULL
real	PR	534	15	15	   -1.00	1	   -1.00	0	6	3629488.00	15	5	NULL
real	ML	535	15	-15	   -3.00	0	    1.00	1	8	3634249.00	-3	0	NULL
real	HR	536	15	15	    1.00	1	   -1.00	1	6	  686.20	-3	5	NULL
real	MR	537	15	-15	   -5.00	0	    1.00	0	5	3644918.00	-3	0	NULL
real	PL	538	15	15	   -2.00	0	    1.00	1	6	3649294.00	15	5	NULL
real	NL	539	15	15	   -1.00	0	    1.00	1	10	3653900.00	-3	0	NULL
real	IL	540	15	-15	   -1.00	0	    1.00	0	6	3659901.00	-15	0	NULL
real	DR	541	16	15	   -1.00	0	    1.00	1	9	3664613.00	15	7	NULL
real	JR	542	16	15	   -1.00	0	    1.00	0	7	3670328.00	-15	0	NULL
real	MR	543	16	-15	   -4.00	0	    1.00	0	5	3678518.00	-3	0	NULL
real	CL	544	16	-15	   -2.00	0	    1.00	0	6	3683066.00	15	7	NULL
real	NL	545	16	15	    0.00	0	    1.00	0	10	3687077.00	-3	0	NULL
real	IR	546	16	-15	   -4.00	0	    1.00	1	9	3690656.00	-15	0	NULL
real	NR	547	16	15	    0.00	1	   -1.00	0	6	3694200.00	-3	0	NULL
real	PL	548	16	15	   -1.00	0	    1.00	0	6	3699226.00	15	5	NULL
real	ER	549	16	-15	   -5.00	0	    1.00	1	5	 1637.46	-3	7	NULL
real	OL	550	16	-15	   -3.00	1	   -1.00	0	5	3712787.00	15	5	NULL
real	IL	551	16	-15	    0.00	1	   -1.00	1	7	3717274.00	-15	0	NULL
real	HL	552	16	15	    0.00	1	   -1.00	1	7	  670.82	-3	5	NULL
real	KL	553	16	-15	   -3.00	1	   -1.00	0	11	3726324.00	15	0	NULL
real	QR	554	16	-15	   -2.00	0	    1.00	1	9	  842.90	-15	5	NULL
real	GR	555	16	15	    0.00	1	   -1.00	0	8	  919.39	-3	7	NULL
real	BR	556	16	15	    0.00	1	   -1.00	1	12	  651.84	-15	7	NULL
real	QL	557	16	-15	   -2.00	0	    1.00	1	10	 1684.09	-15	5	NULL
real	RL	558	16	15	   -2.00	1	   -1.00	0	7	 2840.71	-15	5	NULL
real	PR	559	16	15	   -2.00	0	    1.00	1	7	3755106.00	15	5	NULL
real	AR	560	16	-15	   -2.00	1	   -1.00	0	8	  781.88	-15	7	NULL
real	ML	561	16	-15	   -2.00	1	   -1.00	1	9	3763363.00	-3	0	NULL
real	OR	562	16	-15	   -3.00	1	   -1.00	0	8	3767684.00	15	5	NULL
real	JL	563	16	15	   -3.00	0	    1.00	0	4	3773965.00	-15	0	NULL
real	FL	564	16	-15	   -5.00	0	    1.00	1	10	  778.47	-3	5	NULL
real	LL	565	16	15	   -1.00	0	    1.00	1	8	3787581.00	15	0	NULL
real	RR	566	16	15	   -3.00	0	    1.00	1	9	  780.87	-15	5	NULL
real	CR	567	16	-15	   -4.00	0	    1.00	1	9	3796753.00	15	7	NULL
real	FR	568	16	-15	   -4.00	0	    1.00	1	9	  484.83	-3	5	NULL
real	HR	569	16	15	    0.00	0	    1.00	1	7	  894.14	-3	5	NULL
real	KR	570	16	-15	   -5.00	0	    1.00	1	7	3809873.00	15	0	NULL
real	AL	571	16	-15	   -2.00	0	    1.00	1	8	  717.35	-15	7	NULL
real	LR	572	16	15	   -3.00	0	    1.00	1	9	3817383.00	15	0	NULL
real	DL	573	16	15	   -2.00	0	    1.00	1	10	3821661.00	15	7	NULL
real	GL	574	16	15	    2.00	0	    1.00	0	10	  804.16	-3	7	NULL
real	BL	575	16	15	   -2.00	0	    1.00	1	8	  702.70	-15	7	NULL
real	EL	576	16	-15	   -4.00	0	    1.00	1	8	  665.11	-3	7	NULL
real	CL	577	17	-15	   -1.00	1	   -1.00	1	7	3838549.00	15	7	NULL
real	AL	578	17	-15	   -1.00	1	   -1.00	1	9	  713.20	-15	7	NULL
real	NL	579	17	15	    1.00	1	   -1.00	1	11	3845768.00	-3	0	NULL
real	JL	580	17	15	   -2.00	1	   -1.00	1	5	3849123.00	-15	0	NULL
real	HR	581	17	15	    1.00	1	   -1.00	1	8	  473.85	-3	5	NULL
real	OR	582	17	-15	   -4.00	0	    1.00	1	9	3857419.00	15	5	NULL
real	LR	583	17	15	   -2.00	0	    1.00	0	9	3861735.00	15	0	NULL
real	IL	584	17	-15	   -1.00	1	   -1.00	0	7	3866184.00	-15	0	NULL
real	ER	585	17	-15	   -4.00	0	    1.00	0	5	  499.04	-3	7	NULL
real	QR	586	17	-15	   -1.00	1	   -1.00	1	10	  801.92	-15	5	NULL
real	FL	587	17	-15	   -4.00	0	    1.00	0	10	  468.37	-3	5	NULL
real	HL	588	17	15	   -1.00	0	    1.00	1	8	  518.56	-3	5	NULL
real	RL	589	17	15	   -3.00	0	    1.00	1	8	  557.36	-15	5	NULL
real	EL	590	17	-15	   -3.00	1	   -1.00	1	9	  765.74	-3	7	NULL
real	AR	591	17	-15	   -3.00	0	    1.00	1	9	  563.43	-15	7	NULL
real	LL	592	17	15	    0.00	1	   -1.00	1	9	3899869.00	15	0	NULL
real	QL	593	17	-15	   -1.00	1	   -1.00	1	11	  596.05	-15	5	NULL
real	GR	594	17	15	   -1.00	0	    1.00	1	9	 1720.51	-3	7	NULL
real	JR	595	17	15	    0.00	1	   -1.00	1	8	3912817.00	-15	0	NULL
real	KL	596	17	-15	   -4.00	0	    1.00	1	12	3920650.00	15	0	NULL
real	FR	597	17	-15	   -3.00	0	    1.00	0	9	 1181.97	-3	5	NULL
real	PL	598	17	15	    0.00	1	   -1.00	1	7	3929377.00	15	5	NULL
real	OL	599	17	-15	   -4.00	0	    1.00	1	6	3933935.00	15	5	NULL
real	KR	600	17	-15	   -4.00	0	    1.00	0	7	3938619.00	15	0	NULL
real	IR	601	17	-15	   -3.00	0	    1.00	0	9	3942918.00	-15	0	NULL
real	ML	602	17	-15	   -3.00	1	   -1.00	0	9	3947146.00	-3	0	NULL
real	DL	603	17	15	   -1.00	1	   -1.00	1	11	3951693.00	15	7	NULL
real	CR	604	17	-15	   -3.00	1	   -1.00	1	10	3957326.00	15	7	NULL
real	RR	605	17	15	   -2.00	1	   -1.00	1	10	  746.75	-15	5	NULL
real	PR	606	17	15	   -1.00	1	   -1.00	1	8	3968061.00	15	5	NULL
real	DR	607	17	15	    0.00	1	   -1.00	1	10	3971947.00	15	7	NULL
real	NR	608	17	15	   -1.00	1	   -1.00	0	6	3976046.00	-3	0	NULL
real	BL	609	17	15	   -1.00	1	   -1.00	1	9	  652.96	-15	7	NULL
real	MR	610	17	-15	   -3.00	1	   -1.00	1	6	3983988.00	-3	0	NULL
real	GL	611	17	15	    3.00	1	   -1.00	1	11	  520.59	-3	7	NULL
real	AL	612	18	-15	   -2.00	0	    1.00	1	10	  551.62	-15	7	NULL
real	DR	613	18	15	   -1.00	0	    1.00	1	11	4002064.00	15	7	NULL
real	MR	614	18	-15	   -4.00	0	    1.00	1	7	4013033.00	-3	0	NULL
real	ML	615	18	-15	   -4.00	0	    1.00	1	10	4017428.00	-3	0	NULL
real	LL	616	18	15	   -1.00	1	   -1.00	0	9	4023028.00	15	0	NULL
real	BL	617	18	15	   -2.00	1	   -1.00	0	9	  729.56	-15	7	NULL
real	GL	618	18	15	    2.00	1	   -1.00	0	11	  554.80	-3	7	NULL
real	ER	619	18	-15	   -3.00	1	   -1.00	1	6	  597.66	-3	7	NULL
real	NR	620	18	15	   -2.00	1	   -1.00	0	6	4040098.00	-3	0	NULL
real	IR	621	18	-15	   -2.00	0	    1.00	0	9	4043973.00	-15	0	NULL
real	LR	622	18	15	   -1.00	1	   -1.00	1	10	4048115.00	15	0	NULL
real	EL	623	18	-15	   -4.00	1	   -1.00	0	9	  806.58	-3	7	NULL
real	KR	624	18	-15	   -3.00	1	   -1.00	1	8	4056781.00	15	0	NULL
real	HL	625	18	15	    0.00	1	   -1.00	1	9	  611.76	-3	5	NULL
real	CR	626	18	-15	   -4.00	0	    1.00	1	11	4065044.00	15	7	NULL
real	OL	627	18	-15	   -3.00	1	   -1.00	1	7	4069045.00	15	5	NULL
real	AR	628	18	-15	   -2.00	1	   -1.00	1	10	 2003.38	-15	7	NULL
real	CL	629	18	-15	   -2.00	1	   -1.00	0	7	4080228.00	15	7	NULL
real	NL	630	18	15	    0.00	0	    1.00	1	12	4084822.00	-3	0	NULL
real	PR	631	18	15	   -2.00	0	    1.00	1	9	4091262.00	15	5	NULL
real	QR	632	18	-15	   -2.00	1	   -1.00	0	10	 3522.11	-15	5	NULL
real	RR	633	18	15	   -3.00	0	    1.00	1	11	  815.43	-15	5	NULL
real	DL	634	18	15	   -2.00	0	    1.00	1	12	4107810.00	15	7	NULL
real	FL	635	18	-15	   -3.00	0	    1.00	0	10	 2078.74	-3	5	NULL
real	RL	636	18	15	   -2.00	0	    1.00	0	8	  563.31	-15	5	NULL
real	PL	637	18	15	   -1.00	0	    1.00	1	8	4122415.00	15	5	NULL
real	QL	638	18	-15	   -2.00	0	    1.00	1	12	  732.08	-15	5	NULL
real	JL	639	18	15	   -3.00	0	    1.00	1	6	4134597.00	-15	0	NULL
real	OR	640	18	-15	   -3.00	0	    1.00	0	9	4138624.00	15	5	NULL
real	HR	641	18	15	    0.00	1	   -1.00	0	8	  750.10	-3	5	NULL
real	FR	642	18	-15	   -2.00	1	   -1.00	1	10	 2275.07	-3	5	NULL
real	JR	643	18	15	   -1.00	1	   -1.00	0	8	4156192.00	-15	0	NULL
real	GR	644	18	15	    0.00	0	    1.00	0	9	  793.17	-3	7	NULL
real	IL	645	18	-15	   -2.00	0	    1.00	1	8	4166021.00	-15	0	NULL
real	LL	646	19	15	   -2.00	0	    1.00	1	10	4173409.00	15	0	NULL
real	GL	647	19	15	    1.00	1	   -1.00	0	11	 3007.19	-3	7	NULL
real	RL	648	19	15	   -1.00	1	   -1.00	1	9	 2385.40	-15	5	NULL
real	MR	649	19	-15	   -3.00	1	   -1.00	1	8	4194013.00	-3	0	NULL
real	FR	650	19	-15	   -3.00	1	   -1.00	0	10	 1598.71	-3	5	NULL
real	KR	651	19	-15	   -4.00	1	   -1.00	0	8	4203823.00	15	0	NULL
real	JL	652	19	15	   -2.00	1	   -1.00	1	7	4207575.00	-15	0	NULL
real	PR	653	19	15	   -1.00	0	    1.00	0	9	4217739.00	15	5	NULL
real	RR	654	19	15	   -2.00	0	    1.00	0	11	 1530.46	-15	5	NULL
real	CL	655	19	-15	   -3.00	1	   -1.00	0	7	4227745.00	15	7	NULL
real	JR	656	19	15	   -2.00	1	   -1.00	0	8	4233268.00	-15	0	NULL
real	CR	657	19	-15	   -3.00	1	   -1.00	1	12	4237725.00	15	7	NULL
real	HL	658	19	15	   -1.00	1	   -1.00	0	9	  790.54	-3	5	NULL
real	PL	659	19	15	    0.00	1	   -1.00	1	9	4250983.00	15	5	NULL
real	IR	660	19	-15	   -1.00	1	   -1.00	1	10	4256847.00	-15	0	NULL
real	BL	661	19	15	   -3.00	0	    1.00	1	10	  591.51	-15	7	NULL
real	ER	662	19	-15	   -4.00	1	   -1.00	0	6	  731.67	-3	7	NULL
real	HR	663	19	15	   -1.00	0	    1.00	1	9	  474.74	-3	5	NULL
real	EL	664	19	-15	   -5.00	0	    1.00	1	10	 4213.62	-3	7	NULL
real	NR	665	19	15	   -3.00	0	    1.00	1	7	4284248.00	-3	0	NULL
real	AL	666	19	-15	   -1.00	0	    1.00	0	10	 1160.72	-15	7	NULL
real	GR	667	19	15	    1.00	1	   -1.00	1	10	  935.21	-3	7	NULL
real	ML	668	19	-15	   -3.00	0	    1.00	0	10	4300466.00	-3	0	NULL
real	DR	669	19	15	    0.00	0	    1.00	0	11	4307753.00	15	7	NULL
real	OR	670	19	-15	   -2.00	1	   -1.00	1	10	4313166.00	15	5	NULL
real	FL	671	19	-15	   -2.00	0	    1.00	0	10	  730.03	-3	5	NULL
real	LR	672	19	15	   -2.00	0	    1.00	1	11	4330422.00	15	0	NULL
real	OL	673	19	-15	   -4.00	0	    1.00	1	8	4336929.00	15	5	NULL
real	QR	674	19	-15	   -3.00	0	    1.00	1	11	  681.16	-15	5	NULL
real	IL	675	19	-15	   -1.00	1	   -1.00	1	9	4344397.00	-15	0	NULL
real	AR	676	19	-15	   -3.00	0	    1.00	1	11	  774.13	-15	7	NULL
real	PR	677	20	15	    0.00	1	   -1.00	1	10	4353002.00	15	5	NULL
real	EL	678	20	-15	   -4.00	0	    1.00	0	10	 1774.99	-3	7	NULL
real	JR	679	20	15	   -3.00	1	   -1.00	0	8	4364814.00	-15	0	NULL
real	NR	680	20	15	   -2.00	0	    1.00	0	7	4369135.00	-3	0	NULL
real	KR	681	20	-15	   -5.00	0	    1.00	1	9	4374883.00	15	0	NULL
real	GL	682	20	15	    0.00	0	    1.00	1	12	 2315.71	-3	7	NULL
real	ML	683	20	-15	   -2.00	1	   -1.00	1	11	4386258.00	-3	0	NULL
real	FR	684	20	-15	   -4.00	0	    1.00	1	11	  521.42	-3	5	NULL
real	AR	685	20	-15	   -2.00	0	    1.00	0	11	  663.19	-15	7	NULL
real	GR	686	20	15	    0.00	0	    1.00	1	11	  484.57	-3	7	NULL
real	IR	687	20	-15	   -2.00	0	    1.00	1	11	4403278.00	-15	0	NULL
real	BL	688	20	15	   -2.00	0	    1.00	0	10	 1010.55	-15	7	NULL
real	HL	689	20	15	   -2.00	0	    1.00	1	10	  586.25	-3	5	NULL
real	JL	690	20	15	   -3.00	0	    1.00	1	8	4416754.00	-15	0	NULL
real	AL	691	20	-15	    0.00	1	   -1.00	1	11	  638.86	-15	7	NULL
real	LR	692	20	15	   -1.00	0	    1.00	0	11	4425319.00	15	0	NULL
real	RL	693	20	15	   -2.00	1	   -1.00	0	9	 1274.26	-15	5	NULL
real	ER	694	20	-15	   -5.00	0	    1.00	1	7	  874.98	-3	7	NULL
real	FL	695	20	-15	   -1.00	1	   -1.00	1	11	 6217.73	-3	5	NULL
real	IL	696	20	-15	   -2.00	1	   -1.00	0	9	4454148.00	-15	0	NULL
real	OR	697	20	-15	   -3.00	1	   -1.00	0	10	4458749.00	15	5	NULL
real	QR	698	20	-15	   -2.00	0	    1.00	0	11	 1539.49	-15	5	NULL
real	OL	699	20	-15	   -3.00	1	   -1.00	1	9	4471437.00	15	5	NULL
real	PL	700	20	15	   -1.00	1	   -1.00	0	9	4496167.00	15	5	NULL
real	RR	701	20	15	   -1.00	0	    1.00	0	11	 1067.50	-15	5	NULL
real	MR	702	20	-15	   -4.00	0	    1.00	1	9	4506500.00	-3	0	NULL
real	LL	703	20	15	   -1.00	0	    1.00	0	10	4512611.00	15	0	NULL
real	CL	704	20	-15	   -4.00	0	    1.00	1	8	4517944.00	15	7	NULL
real	DR	705	20	15	    1.00	1	   -1.00	1	12	4522450.00	15	7	NULL
real	HR	706	20	15	    0.00	1	   -1.00	1	10	  688.24	-3	5	NULL
real	ML	707	21	-15	   -3.00	1	   -1.00	0	11	4532156.00	-3	0	NULL
real	IR	708	21	-15	   -1.00	1	   -1.00	1	12	4542000.00	-15	0	NULL
real	JR	709	21	15	   -4.00	0	    1.00	1	9	4549559.00	-15	0	NULL
real	LL	710	21	15	    0.00	0	    1.00	0	10	4554154.00	15	0	NULL
real	CL	711	21	-15	   -3.00	1	   -1.00	1	9	4564224.00	15	7	NULL
real	AR	712	21	-15	   -1.00	1	   -1.00	1	12	  677.02	-15	7	NULL
real	RR	713	21	15	    0.00	1	   -1.00	1	12	  556.17	-15	5	NULL
real	RL	714	21	15	   -3.00	1	   -1.00	0	9	 6042.10	-15	5	NULL
real	GR	715	21	15	    1.00	1	   -1.00	1	12	 1594.44	-3	7	NULL
real	OR	716	21	-15	   -4.00	0	    1.00	1	11	4594789.00	15	5	NULL
real	JL	717	21	15	   -2.00	1	   -1.00	1	9	4605416.00	-15	0	NULL
real	OL	718	21	-15	   -4.00	1	   -1.00	0	9	4610037.00	15	5	NULL
real	NR	719	21	15	   -1.00	1	   -1.00	1	8	4615051.00	-3	0	NULL
real	KR	720	21	-15	   -4.00	1	   -1.00	1	10	4627307.00	15	0	NULL
real	LR	721	21	15	    0.00	1	   -1.00	1	12	4633800.00	15	0	NULL
real	IL	722	21	-15	   -3.00	0	    1.00	1	10	4637472.00	-15	0	NULL
real	BL	723	21	15	   -1.00	0	    1.00	0	10	  764.91	-15	7	NULL
real	EL	724	21	-15	   -3.00	0	    1.00	0	10	 7670.73	-3	7	NULL
real	FR	725	21	-15	   -3.00	0	    1.00	0	11	  569.15	-3	5	NULL
real	PL	726	21	15	   -2.00	0	    1.00	1	10	4667970.00	15	5	NULL
real	QR	727	21	-15	   -1.00	0	    1.00	0	11	 3609.56	-15	5	NULL
real	MR	728	21	-15	   -3.00	0	    1.00	0	9	4682224.00	-3	0	NULL
real	HR	729	21	15	   -1.00	0	    1.00	1	11	  426.77	-3	5	NULL
real	AL	730	21	-15	   -1.00	1	   -1.00	0	11	  632.78	-15	7	NULL
real	HL	731	21	15	   -1.00	0	    1.00	0	10	  840.77	-3	5	NULL
real	PR	732	21	15	   -1.00	0	    1.00	1	11	4698679.00	15	5	NULL
real	FL	733	21	-15	   -2.00	0	    1.00	1	12	  898.93	-3	5	NULL
real	ER	734	21	-15	   -4.00	0	    1.00	0	7	  578.71	-3	7	NULL
real	OL	735	22	-15	   -5.00	0	    1.00	1	10	4710875.00	15	5	NULL
real	PR	736	22	15	    0.00	1	   -1.00	1	12	4715500.00	15	5	NULL
real	MR	737	22	-15	   -2.00	0	    1.00	0	9	4719327.00	-3	0	NULL
real	KR	738	22	-15	   -5.00	0	    1.00	1	11	4726068.00	15	0	NULL
real	EL	739	22	-15	   -2.00	0	    1.00	0	10	  456.27	-3	7	NULL
real	JR	740	22	15	   -3.00	0	    1.00	0	9	4733413.00	-15	0	NULL
real	ER	741	22	-15	   -3.00	0	    1.00	0	7	  546.83	-3	7	NULL
real	HL	742	22	15	    0.00	1	   -1.00	1	11	 1129.45	-3	5	NULL
real	OR	743	22	-15	   -3.00	0	    1.00	0	11	4746019.00	15	5	NULL
real	IL	744	22	-15	   -2.00	0	    1.00	0	10	4749969.00	-15	0	NULL
real	ML	745	22	-15	   -4.00	0	    1.00	1	12	4754209.00	-3	0	NULL
real	BL	746	22	15	    0.00	0	    1.00	0	10	 2372.46	-15	7	NULL
real	QR	747	22	-15	    0.00	1	   -1.00	1	12	 1026.92	-15	5	NULL
real	PL	748	22	15	   -1.00	0	    1.00	0	10	4768680.00	15	5	NULL
real	FR	749	22	-15	   -2.00	0	    1.00	0	11	 1230.13	-3	5	NULL
real	RL	750	22	15	   -4.00	0	    1.00	1	10	  584.00	-15	5	NULL
real	AL	751	22	-15	   -2.00	0	    1.00	1	12	  708.10	-15	7	NULL
real	JL	752	22	15	   -3.00	0	    1.00	1	10	4792796.00	-15	0	NULL
real	CL	753	22	-15	   -4.00	0	    1.00	1	10	4799434.00	15	7	NULL
real	HR	754	22	15	    0.00	1	   -1.00	1	12	  893.58	-3	5	NULL
real	NR	755	22	15	   -2.00	1	   -1.00	0	8	4808533.00	-3	0	NULL
real	LL	756	22	15	    1.00	1	   -1.00	1	11	4812671.00	15	0	NULL
real	ER	757	23	-15	   -2.00	1	   -1.00	1	8	  890.92	-3	7	NULL
real	JL	758	23	15	   -2.00	1	   -1.00	1	11	4820582.00	-15	0	NULL
real	IL	759	23	-15	   -1.00	1	   -1.00	1	11	4824190.00	-15	0	NULL
real	BL	760	23	15	    1.00	1	   -1.00	1	11	  373.49	-15	7	NULL
real	FR	761	23	-15	   -1.00	1	   -1.00	1	12	  487.88	-3	5	NULL
real	RL	762	23	15	   -3.00	0	    1.00	0	10	  688.36	-15	5	NULL
real	JR	763	23	15	   -2.00	0	    1.00	0	9	4838712.00	-15	0	NULL
real	HL	764	23	15	   -1.00	1	   -1.00	0	11	  856.04	-3	5	NULL
real	KR	765	23	-15	   -4.00	0	    1.00	0	11	4849071.00	15	0	NULL
real	NR	766	23	15	   -3.00	0	    1.00	1	9	4852867.00	-3	0	NULL
real	OL	767	23	-15	   -4.00	0	    1.00	0	10	4859001.00	15	5	NULL
real	CL	768	23	-15	   -3.00	0	    1.00	0	10	4863590.00	15	7	NULL
real	EL	769	23	-15	   -1.00	0	    1.00	0	10	  650.14	-3	7	NULL
real	MR	770	23	-15	   -1.00	0	    1.00	0	9	4872542.00	-3	0	NULL
real	OR	771	23	-15	   -2.00	1	   -1.00	1	12	4877799.00	15	5	NULL
real	LL	772	23	15	    0.00	0	    1.00	1	12	4882892.00	15	0	NULL
real	PL	773	23	15	    0.00	0	    1.00	0	10	4888931.00	15	5	NULL
real	HL	774	24	15	   -2.00	0	    1.00	1	12	  863.67	-3	5	NULL
real	KR	775	24	-15	   -3.00	0	    1.00	0	11	4898547.00	15	0	NULL
real	JL	776	24	15	   -3.00	0	    1.00	1	12	4903032.00	-15	0	NULL
real	ER	777	24	-15	   -3.00	0	    1.00	1	9	  771.23	-3	7	NULL
real	OL	778	24	-15	   -3.00	0	    1.00	0	10	4913676.00	15	5	NULL
real	NR	779	24	15	   -2.00	0	    1.00	0	9	4918798.00	-3	0	NULL
real	MR	780	24	-15	    0.00	1	   -1.00	1	10	4923304.00	-3	0	NULL
real	IL	781	24	-15	   -2.00	0	    1.00	1	12	4927157.00	-15	0	NULL
real	CL	782	24	-15	   -2.00	1	   -1.00	1	11	4932024.00	15	7	NULL
real	JR	783	24	15	   -1.00	1	   -1.00	1	10	4936015.00	-15	0	NULL
real	RL	784	24	15	   -2.00	0	    1.00	0	10	  690.63	-15	5	NULL
real	BL	785	24	15	    0.00	1	   -1.00	0	11	  714.63	-15	7	NULL
real	EL	786	24	-15	    0.00	1	   -1.00	1	11	  575.54	-3	7	NULL
real	PL	787	24	15	    1.00	1	   -1.00	1	11	4953247.00	15	5	NULL
real	EL	788	25	-15	   -1.00	1	   -1.00	0	11	  738.38	-3	7	NULL
real	NR	789	25	15	   -1.00	1	   -1.00	1	10	4962060.00	-3	0	NULL
real	BL	790	25	15	   -1.00	0	    1.00	1	12	  546.99	-15	7	NULL
real	RL	791	25	15	   -1.00	0	    1.00	0	10	  919.19	-15	5	NULL
real	CL	792	25	-15	   -3.00	0	    1.00	1	12	4978624.00	15	7	NULL
real	JR	793	25	15	   -2.00	0	    1.00	1	11	4983729.00	-15	0	NULL
real	MR	794	25	-15	   -1.00	1	   -1.00	0	10	4988162.00	-3	0	NULL
real	PL	795	25	15	    0.00	1	   -1.00	0	11	4992890.00	15	5	NULL
real	OL	796	25	-15	   -2.00	1	   -1.00	1	11	4997675.00	15	5	NULL
real	KR	797	25	-15	   -2.00	1	   -1.00	1	12	5002023.00	15	0	NULL
real	ER	798	25	-15	   -2.00	1	   -1.00	1	10	  439.70	-3	7	NULL
real	NR	799	26	15	   -2.00	1	   -1.00	0	10	5011478.00	-3	0	NULL
real	PL	800	26	15	   -1.00	0	    1.00	1	12	5085563.00	15	5	NULL
real	OL	801	26	-15	   -3.00	0	    1.00	1	12	5090156.00	15	5	NULL
real	ER	802	26	-15	   -3.00	1	   -1.00	0	10	 1299.89	-3	7	NULL
real	MR	803	26	-15	   -2.00	1	   -1.00	0	10	5099169.00	-3	0	NULL
real	JR	804	26	15	   -1.00	1	   -1.00	1	12	5103878.00	-15	0	NULL
real	RL	805	26	15	    0.00	1	   -1.00	1	11	  522.27	-15	5	NULL
real	EL	806	26	-15	   -2.00	1	   -1.00	0	11	  782.08	-3	7	NULL
real	MR	807	27	-15	   -3.00	1	   -1.00	0	10	5115141.00	-3	0	NULL
real	ER	808	27	-15	   -4.00	1	   -1.00	0	10	  614.82	-3	7	NULL
real	EL	809	27	-15	   -3.00	1	   -1.00	0	11	  766.58	-3	7	NULL
real	RL	810	27	15	   -1.00	1	   -1.00	0	11	  658.81	-15	5	NULL
real	NR	811	27	15	   -3.00	0	    1.00	1	11	5131376.00	-3	0	NULL
real	NR	812	28	15	   -2.00	0	    1.00	0	11	5135315.00	-3	0	NULL
real	EL	813	28	-15	   -4.00	0	    1.00	1	12	  729.02	-3	7	NULL
real	ER	814	28	-15	   -5.00	0	    1.00	1	11	 2493.36	-3	7	NULL
real	MR	815	28	-15	   -4.00	1	   -1.00	0	10	5150546.00	-3	0	NULL
real	RL	816	28	15	   -2.00	1	   -1.00	0	11	  869.59	-15	5	NULL
real	RL	817	29	15	   -3.00	1	   -1.00	0	11	 1048.24	-15	5	NULL
real	MR	818	29	-15	   -5.00	0	    1.00	1	11	5163372.00	-3	0	NULL
real	NR	819	29	15	   -1.00	0	    1.00	0	11	5169631.00	-3	0	NULL
real	ER	820	29	-15	   -4.00	0	    1.00	0	11	  941.01	-3	7	NULL
real	MR	821	30	-15	   -4.00	0	    1.00	0	11	5178442.00	-3	0	NULL
real	NR	822	30	15	    0.00	0	    1.00	0	11	5182823.00	-3	0	NULL
real	RL	823	30	15	   -4.00	0	    1.00	1	12	  530.00	-15	5	NULL
real	ER	824	30	-15	   -3.00	0	    1.00	0	11	 1053.92	-3	7	NULL
real	ER	825	31	-15	   -2.00	1	   -1.00	1	12	 1137.18	-3	7	NULL
real	MR	826	31	-15	   -3.00	0	    1.00	0	11	5203690.00	-3	0	NULL
real	NR	827	31	15	    1.00	1	   -1.00	1	12	5207772.00	-3	0	NULL
real	MR	828	32	-15	   -2.00	1	   -1.00	1	12	5212630.00	-3	0	NULL
