TRIAL_TYPE	trial_variant	TRIAL_NUMBER	TRIAL_ITERATION_VAL	frame_tilt	rod_tilt	response	step_size	reversal	reversal_num	RT	probe_del	alpha_entrain_refreshes	rod_tilt_val
real	FR	1	1	-15	   20.00	1	   -8.00	0	0	10508.39	-3	5	NULL
real	OR	2	1	-15	   20.00	1	   -8.00	0	0	462126.00	15	5	NULL
real	IL	3	1	-15	  -20.00	0	    8.00	0	0	468634.00	-15	0	NULL
real	CR	4	1	-15	   20.00	1	   -8.00	0	0	478554.00	15	7	NULL
real	PL	5	1	15	  -20.00	0	    8.00	0	0	484605.00	15	5	NULL
real	IR	6	1	-15	   20.00	1	   -8.00	0	0	491146.00	-15	0	NULL
real	JL	7	1	15	  -20.00	0	    8.00	0	0	495135.00	-15	0	NULL
real	EL	8	1	-15	  -20.00	0	    8.00	0	0	  691.43	-3	7	NULL
real	RL	9	1	15	  -20.00	0	    8.00	0	0	  626.68	-15	5	NULL
real	AL	10	1	-15	  -20.00	0	    8.00	0	0	  693.71	-15	7	NULL
real	KR	11	1	-15	   20.00	1	   -8.00	0	0	514951.00	15	0	NULL
real	RR	12	1	15	   20.00	1	   -8.00	0	0	  695.10	-15	5	NULL
real	QR	13	1	-15	   20.00	1	   -8.00	0	0	 1093.31	-15	5	NULL
real	AR	14	1	-15	   20.00	1	   -8.00	0	0	  942.72	-15	7	NULL
real	BR	15	1	15	   20.00	1	   -8.00	0	0	 1605.77	-15	7	NULL
real	GR	16	1	15	   20.00	1	   -8.00	0	0	  548.80	-3	7	NULL
real	NL	17	1	15	  -20.00	0	    8.00	0	0	546194.00	-3	0	NULL
real	DR	18	1	15	   20.00	1	   -8.00	0	0	552308.00	15	7	NULL
real	QL	19	1	-15	  -20.00	0	    8.00	0	0	  557.37	-15	5	NULL
real	ER	20	1	-15	   20.00	1	   -8.00	0	0	  518.16	-3	7	NULL
real	LR	21	1	15	   20.00	1	   -8.00	0	0	564288.00	15	0	NULL
real	JR	22	1	15	   20.00	1	   -8.00	0	0	568195.00	-15	0	NULL
real	FL	23	1	-15	  -20.00	0	    8.00	0	0	  570.10	-3	5	NULL
real	BL	24	1	15	  -20.00	0	    8.00	0	0	  701.59	-15	7	NULL
real	KL	25	1	-15	  -20.00	0	    8.00	0	0	581670.00	15	0	NULL
real	PR	26	1	15	   20.00	1	   -8.00	0	0	585952.00	15	5	NULL
real	LL	27	1	15	  -20.00	0	    8.00	0	0	590239.00	15	0	NULL
real	GL	28	1	15	  -20.00	0	    8.00	0	0	  549.60	-3	7	NULL
real	ML	29	1	-15	  -20.00	0	    8.00	0	0	600528.00	-3	0	NULL
real	CL	30	1	-15	  -20.00	0	    8.00	0	0	606499.00	15	7	NULL
real	DL	31	1	15	  -20.00	0	    8.00	0	0	611059.00	15	7	NULL
real	HL	32	1	15	  -20.00	0	    8.00	0	0	  557.69	-3	5	NULL
real	OL	33	1	-15	  -20.00	0	    8.00	0	0	619323.00	15	5	NULL
real	NR	34	1	15	   20.00	1	   -8.00	0	0	623906.00	-3	0	NULL
real	MR	35	1	-15	   20.00	1	   -8.00	0	0	631160.00	-3	0	NULL
real	HR	36	1	15	   20.00	1	   -8.00	0	0	  623.45	-3	5	NULL
real	HL	37	2	15	  -12.00	0	    8.00	0	0	  689.54	-3	5	NULL
real	AL	38	2	-15	  -12.00	0	    8.00	0	0	  599.27	-15	7	NULL
real	GR	39	2	15	   12.00	1	   -8.00	0	0	  681.86	-3	7	NULL
real	BR	40	2	15	   12.00	1	   -8.00	0	0	  551.66	-15	7	NULL
real	AR	41	2	-15	   12.00	1	   -8.00	0	0	  477.47	-15	7	NULL
real	FR	42	2	-15	   12.00	1	   -8.00	0	0	  461.43	-3	5	NULL
real	DR	43	2	15	   12.00	1	   -8.00	0	0	679884.00	15	7	NULL
real	KR	44	2	-15	   12.00	1	   -8.00	0	0	684281.00	15	0	NULL
real	OR	45	2	-15	   12.00	1	   -8.00	0	0	689181.00	15	5	NULL
real	CR	46	2	-15	   12.00	1	   -8.00	0	0	697723.00	15	7	NULL
real	PR	47	2	15	   12.00	1	   -8.00	0	0	702438.00	15	5	NULL
real	QR	48	2	-15	   12.00	1	   -8.00	0	0	  575.97	-15	5	NULL
real	KL	49	2	-15	  -12.00	0	    8.00	0	0	713576.00	15	0	NULL
real	EL	50	2	-15	  -12.00	0	    8.00	0	0	  707.34	-3	7	NULL
real	QL	51	2	-15	  -12.00	0	    8.00	0	0	  538.27	-15	5	NULL
real	NL	52	2	15	  -12.00	0	    8.00	0	0	733466.00	-3	0	NULL
real	RL	53	2	15	  -12.00	0	    8.00	0	0	  599.24	-15	5	NULL
real	IL	54	2	-15	  -12.00	0	    8.00	0	0	745242.00	-15	0	NULL
real	JR	55	2	15	   12.00	1	   -8.00	0	0	751773.00	-15	0	NULL
real	LR	56	2	15	   12.00	1	   -8.00	0	0	757583.00	15	0	NULL
real	HR	57	2	15	   12.00	1	   -8.00	0	0	  581.95	-3	5	NULL
real	OL	58	2	-15	  -12.00	0	    8.00	0	0	770338.00	15	5	NULL
real	FL	59	2	-15	  -12.00	0	    8.00	0	0	  500.21	-3	5	NULL
real	PL	60	2	15	  -12.00	0	    8.00	0	0	781697.00	15	5	NULL
real	ER	61	2	-15	   12.00	1	   -8.00	0	0	  588.80	-3	7	NULL
real	GL	62	2	15	  -12.00	0	    8.00	0	0	  672.05	-3	7	NULL
real	NR	63	2	15	   12.00	1	   -8.00	0	0	798066.00	-3	0	NULL
real	JL	64	2	15	  -12.00	0	    8.00	0	0	803388.00	-15	0	NULL
real	RR	65	2	15	   12.00	1	   -8.00	0	0	  545.00	-15	5	NULL
real	BL	66	2	15	  -12.00	0	    8.00	0	0	  677.50	-15	7	NULL
real	MR	67	2	-15	   12.00	1	   -8.00	0	0	821996.00	-3	0	NULL
real	DL	68	2	15	  -12.00	0	    8.00	0	0	826648.00	15	7	NULL
real	CL	69	2	-15	  -12.00	0	    8.00	0	0	831577.00	15	7	NULL
real	LL	70	2	15	  -12.00	0	    8.00	0	0	839349.00	15	0	NULL
real	IR	71	2	-15	   12.00	1	   -8.00	0	0	844860.00	-15	0	NULL
real	ML	72	2	-15	  -12.00	0	    8.00	0	0	851715.00	-3	0	NULL
real	LR	73	3	15	    4.00	1	   -8.00	0	0	861652.00	15	0	NULL
real	QL	74	3	-15	   -4.00	0	    8.00	0	0	 1148.78	-15	5	NULL
real	AR	75	3	-15	    4.00	1	   -8.00	0	0	  600.84	-15	7	NULL
real	JL	76	3	15	   -4.00	0	    8.00	0	0	888929.00	-15	0	NULL
real	DR	77	3	15	    4.00	1	   -8.00	0	0	899136.00	15	7	NULL
real	JR	78	3	15	    4.00	1	   -8.00	0	0	904016.00	-15	0	NULL
real	ER	79	3	-15	    4.00	1	   -8.00	0	0	  499.80	-3	7	NULL
real	OR	80	3	-15	    4.00	1	   -8.00	0	0	912663.00	15	5	NULL
real	OL	81	3	-15	   -4.00	0	    8.00	0	0	919353.00	15	5	NULL
real	HL	82	3	15	   -4.00	0	    8.00	0	0	  495.87	-3	5	NULL
real	CL	83	3	-15	   -4.00	0	    8.00	0	0	935185.00	15	7	NULL
real	KL	84	3	-15	   -4.00	0	    8.00	0	0	939194.00	15	0	NULL
real	PR	85	3	15	    4.00	1	   -8.00	0	0	947660.00	15	5	NULL
real	NR	86	3	15	    4.00	1	   -8.00	0	0	953720.00	-3	0	NULL
real	RR	87	3	15	    4.00	1	   -8.00	0	0	  419.83	-15	5	NULL
real	PL	88	3	15	   -4.00	0	    8.00	0	0	973703.00	15	5	NULL
real	GR	89	3	15	    4.00	1	   -8.00	0	0	  476.10	-3	7	NULL
real	AL	90	3	-15	   -4.00	0	    8.00	0	0	  525.81	-15	7	NULL
real	FR	91	3	-15	    4.00	1	   -8.00	0	0	  483.01	-3	5	NULL
real	LL	92	3	15	   -4.00	0	    8.00	0	0	1006046.00	15	0	NULL
real	ML	93	3	-15	   -4.00	1	   -4.00	1	1	1010618.00	-3	0	NULL
real	GL	94	3	15	   -4.00	0	    8.00	0	0	  814.93	-3	7	NULL
real	DL	95	3	15	   -4.00	0	    8.00	0	0	1021653.00	15	7	NULL
real	QR	96	3	-15	    4.00	1	   -8.00	0	0	  567.32	-15	5	NULL
real	HR	97	3	15	    4.00	1	   -8.00	0	0	  520.09	-3	5	NULL
real	MR	98	3	-15	    4.00	1	   -8.00	0	0	1045094.00	-3	0	NULL
real	CR	99	3	-15	    4.00	1	   -8.00	0	0	1051855.00	15	7	NULL
real	IR	100	3	-15	    4.00	1	   -8.00	0	0	1056372.00	-15	0	NULL
real	BR	101	3	15	    4.00	1	   -8.00	0	0	  393.86	-15	7	NULL
real	RL	102	3	15	   -4.00	0	    8.00	0	0	  592.51	-15	5	NULL
real	BL	103	3	15	   -4.00	0	    8.00	0	0	  562.15	-15	7	NULL
real	KR	104	3	-15	    4.00	1	   -8.00	0	0	1075860.00	15	0	NULL
real	EL	105	3	-15	   -4.00	0	    8.00	0	0	  525.82	-3	7	NULL
real	FL	106	3	-15	   -4.00	0	    8.00	0	0	  578.47	-3	5	NULL
real	IL	107	3	-15	   -4.00	0	    8.00	0	0	1100001.00	-15	0	NULL
real	NL	108	3	15	   -4.00	0	    8.00	0	0	1105450.00	-3	0	NULL
real	FL	109	4	-15	    4.00	1	   -4.00	1	1	  590.95	-3	5	NULL
real	GR	110	4	15	   -4.00	0	    4.00	1	1	  432.44	-3	7	NULL
real	CL	111	4	-15	    4.00	1	   -4.00	1	1	1120518.00	15	7	NULL
real	IR	112	4	-15	   -4.00	0	    4.00	1	1	1127073.00	-15	0	NULL
real	AR	113	4	-15	   -4.00	0	    4.00	1	1	  468.21	-15	7	NULL
real	NL	114	4	15	    4.00	1	   -4.00	1	1	1140066.00	-3	0	NULL
real	QR	115	4	-15	   -4.00	0	    4.00	1	1	  513.44	-15	5	NULL
real	AL	116	4	-15	    4.00	1	   -4.00	1	1	  494.27	-15	7	NULL
real	FR	117	4	-15	   -4.00	0	    4.00	1	1	 1196.11	-3	5	NULL
real	QL	118	4	-15	    4.00	1	   -4.00	1	1	  497.77	-15	5	NULL
real	RR	119	4	15	   -4.00	0	    4.00	1	1	  645.88	-15	5	NULL
real	ER	120	4	-15	   -4.00	1	   -8.00	0	0	  764.68	-3	7	NULL
real	RL	121	4	15	    4.00	1	   -4.00	1	1	  466.02	-15	5	NULL
real	PL	122	4	15	    4.00	1	   -4.00	1	1	1197469.00	15	5	NULL
real	HR	123	4	15	   -4.00	0	    4.00	1	1	  541.44	-3	5	NULL
real	EL	124	4	-15	    4.00	1	   -4.00	1	1	  466.40	-3	7	NULL
real	IL	125	4	-15	    4.00	1	   -4.00	1	1	1213642.00	-15	0	NULL
real	OL	126	4	-15	    4.00	1	   -4.00	1	1	1222001.00	15	5	NULL
real	GL	127	4	15	    4.00	1	   -4.00	1	1	  860.12	-3	7	NULL
real	DR	128	4	15	   -4.00	0	    4.00	1	1	1249529.00	15	7	NULL
real	NR	129	4	15	   -4.00	0	    4.00	1	1	1255945.00	-3	0	NULL
real	KR	130	4	-15	   -4.00	0	    4.00	1	1	1269623.00	15	0	NULL
real	CR	131	4	-15	   -4.00	1	   -8.00	0	0	1277172.00	15	7	NULL
real	LL	132	4	15	    4.00	1	   -4.00	1	1	1287198.00	15	0	NULL
real	ML	133	4	-15	   -8.00	0	    2.00	1	2	1291975.00	-3	0	NULL
real	OR	134	4	-15	   -4.00	0	    4.00	1	1	1306785.00	15	5	NULL
real	JL	135	4	15	    4.00	1	   -4.00	1	1	1310136.00	-15	0	NULL
real	DL	136	4	15	    4.00	1	   -4.00	1	1	1323360.00	15	7	NULL
real	BL	137	4	15	    4.00	1	   -4.00	1	1	  403.74	-15	7	NULL
real	MR	138	4	-15	   -4.00	1	   -8.00	0	0	1340697.00	-3	0	NULL
real	LR	139	4	15	   -4.00	0	    4.00	1	1	1345197.00	15	0	NULL
real	PR	140	4	15	   -4.00	0	    4.00	1	1	1361001.00	15	5	NULL
real	KL	141	4	-15	    4.00	1	   -4.00	1	1	1365323.00	15	0	NULL
real	JR	142	4	15	   -4.00	1	   -8.00	0	0	1375545.00	-15	0	NULL
real	HL	143	4	15	    4.00	1	   -4.00	1	1	  361.50	-3	5	NULL
real	BR	144	4	15	   -4.00	0	    4.00	1	1	  892.58	-15	7	NULL
real	HR	145	5	15	    0.00	0	    4.00	0	1	  762.59	-3	5	NULL
real	RR	146	5	15	    0.00	1	   -2.00	1	2	 1165.82	-15	5	NULL
real	GR	147	5	15	    0.00	0	    4.00	0	1	 1746.72	-3	7	NULL
real	FR	148	5	-15	    0.00	1	   -2.00	1	2	  476.22	-3	5	NULL
real	DL	149	5	15	    0.00	0	    2.00	1	2	1601631.00	15	7	NULL
real	ML	150	5	-15	   -6.00	0	    2.00	0	2	1606057.00	-3	0	NULL
real	FL	151	5	-15	    0.00	1	   -4.00	0	1	  491.01	-3	5	NULL
real	OL	152	5	-15	    0.00	1	   -4.00	0	1	1622004.00	15	5	NULL
real	LR	153	5	15	    0.00	1	   -2.00	1	2	1626851.00	15	0	NULL
real	QR	154	5	-15	    0.00	1	   -2.00	1	2	 1225.75	-15	5	NULL
real	CL	155	5	-15	    0.00	1	   -4.00	0	1	1635074.00	15	7	NULL
real	PR	156	5	15	    0.00	0	    4.00	0	1	1642648.00	15	5	NULL
real	MR	157	5	-15	  -12.00	0	    4.00	1	1	1648191.00	-3	0	NULL
real	NR	158	5	15	    0.00	1	   -2.00	1	2	1653272.00	-3	0	NULL
real	QL	159	5	-15	    0.00	1	   -4.00	0	1	  673.08	-15	5	NULL
real	KL	160	5	-15	    0.00	1	   -4.00	0	1	1669078.00	15	0	NULL
real	CR	161	5	-15	  -12.00	0	    4.00	1	1	1674119.00	15	7	NULL
real	BR	162	5	15	    0.00	1	   -2.00	1	2	  623.81	-15	7	NULL
real	EL	163	5	-15	    0.00	1	   -4.00	0	1	  406.53	-3	7	NULL
real	BL	164	5	15	    0.00	1	   -4.00	0	1	  619.88	-15	7	NULL
real	IR	165	5	-15	    0.00	1	   -2.00	1	2	1694036.00	-15	0	NULL
real	JR	166	5	15	  -12.00	0	    4.00	1	1	1699091.00	-15	0	NULL
real	IL	167	5	-15	    0.00	1	   -4.00	0	1	1703250.00	-15	0	NULL
real	HL	168	5	15	    0.00	1	   -4.00	0	1	  414.00	-3	5	NULL
real	NL	169	5	15	    0.00	0	    2.00	1	2	1712040.00	-3	0	NULL
real	AL	170	5	-15	    0.00	1	   -4.00	0	1	 1789.71	-15	7	NULL
real	KR	171	5	-15	    0.00	1	   -2.00	1	2	1727424.00	15	0	NULL
real	LL	172	5	15	    0.00	1	   -4.00	0	1	1732785.00	15	0	NULL
real	GL	173	5	15	    0.00	0	    2.00	1	2	 1042.02	-3	7	NULL
real	DR	174	5	15	    0.00	0	    4.00	0	1	1744097.00	15	7	NULL
real	RL	175	5	15	    0.00	1	   -4.00	0	1	 1099.61	-15	5	NULL
real	JL	176	5	15	    0.00	1	   -4.00	0	1	1753414.00	-15	0	NULL
real	AR	177	5	-15	    0.00	1	   -2.00	1	2	  835.32	-15	7	NULL
real	PL	178	5	15	    0.00	0	    2.00	1	2	1767121.00	15	5	NULL
real	ER	179	5	-15	  -12.00	0	    4.00	1	1	  695.20	-3	7	NULL
real	OR	180	5	-15	    0.00	1	   -2.00	1	2	1776811.00	15	5	NULL
real	QR	181	6	-15	   -2.00	0	    1.00	1	3	  937.75	-15	5	NULL
real	RL	182	6	15	   -4.00	0	    2.00	1	2	 1142.31	-15	5	NULL
real	BL	183	6	15	   -4.00	0	    2.00	1	2	 1027.09	-15	7	NULL
real	ML	184	6	-15	   -4.00	1	   -1.00	1	3	1801918.00	-3	0	NULL
real	GR	185	6	15	    4.00	1	   -2.00	1	2	  659.38	-3	7	NULL
real	HR	186	6	15	    4.00	1	   -2.00	1	2	  719.32	-3	5	NULL
real	QL	187	6	-15	   -4.00	0	    2.00	1	2	  605.07	-15	5	NULL
real	MR	188	6	-15	   -8.00	0	    4.00	0	1	1832363.00	-3	0	NULL
real	HL	189	6	15	   -4.00	0	    2.00	1	2	  647.31	-3	5	NULL
real	JL	190	6	15	   -4.00	0	    2.00	1	2	1844812.00	-15	0	NULL
real	LR	191	6	15	   -2.00	0	    1.00	1	3	1850614.00	15	0	NULL
real	EL	192	6	-15	   -4.00	1	   -4.00	0	1	 2122.39	-3	7	NULL
real	ER	193	6	-15	   -8.00	0	    4.00	0	1	  333.56	-3	7	NULL
real	CL	194	6	-15	   -4.00	0	    2.00	1	2	1867855.00	15	7	NULL
real	BR	195	6	15	   -2.00	0	    1.00	1	3	 1134.48	-15	7	NULL
real	GL	196	6	15	    2.00	1	   -1.00	1	3	  569.72	-3	7	NULL
real	PL	197	6	15	    2.00	0	    2.00	0	2	1886515.00	15	5	NULL
real	DL	198	6	15	    2.00	1	   -1.00	1	3	1894697.00	15	7	NULL
real	LL	199	6	15	   -4.00	0	    2.00	1	2	1899656.00	15	0	NULL
real	FR	200	6	-15	   -2.00	1	   -2.00	0	2	 1049.86	-3	5	NULL
real	AL	201	6	-15	   -4.00	0	    2.00	1	2	  675.31	-15	7	NULL
real	KL	202	6	-15	   -4.00	0	    2.00	1	2	1915323.00	15	0	NULL
real	KR	203	6	-15	   -2.00	0	    1.00	1	3	1923277.00	15	0	NULL
real	OR	204	6	-15	   -2.00	1	   -2.00	0	2	1930291.00	15	5	NULL
real	JR	205	6	15	   -8.00	0	    4.00	0	1	1934469.00	-15	0	NULL
real	FL	206	6	-15	   -4.00	0	    2.00	1	2	  860.80	-3	5	NULL
real	RR	207	6	15	   -2.00	0	    1.00	1	3	  675.38	-15	5	NULL
real	IL	208	6	-15	   -4.00	0	    2.00	1	2	1948377.00	-15	0	NULL
real	NL	209	6	15	    2.00	1	   -1.00	1	3	1952499.00	-3	0	NULL
real	AR	210	6	-15	   -2.00	0	    1.00	1	3	  744.57	-15	7	NULL
real	CR	211	6	-15	   -8.00	0	    4.00	0	1	1968323.00	15	7	NULL
real	IR	212	6	-15	   -2.00	1	   -2.00	0	2	1975875.00	-15	0	NULL
real	PR	213	6	15	    4.00	1	   -2.00	1	2	1980027.00	15	5	NULL
real	OL	214	6	-15	   -4.00	0	    2.00	1	2	1984811.00	15	5	NULL
real	DR	215	6	15	    4.00	1	   -2.00	1	2	1990929.00	15	7	NULL
real	NR	216	6	15	   -2.00	0	    1.00	1	3	1999381.00	-3	0	NULL
real	EL	217	7	-15	   -8.00	0	    2.00	1	2	  761.20	-3	7	NULL
real	NR	218	7	15	   -1.00	0	    1.00	0	3	2010633.00	-3	0	NULL
real	DL	219	7	15	    1.00	1	   -1.00	0	3	2014937.00	15	7	NULL
real	LR	220	7	15	   -1.00	1	   -1.00	1	4	2031459.00	15	0	NULL
real	JL	221	7	15	   -2.00	0	    2.00	0	2	2037468.00	-15	0	NULL
real	RL	222	7	15	   -2.00	0	    2.00	0	2	  924.25	-15	5	NULL
real	PL	223	7	15	    4.00	1	   -1.00	1	3	2058889.00	15	5	NULL
real	OR	224	7	-15	   -4.00	0	    1.00	1	3	2062962.00	15	5	NULL
real	AR	225	7	-15	   -1.00	1	   -1.00	1	4	  635.92	-15	7	NULL
real	FR	226	7	-15	   -4.00	0	    1.00	1	3	 1397.40	-3	5	NULL
real	QR	227	7	-15	   -1.00	1	   -1.00	1	4	  653.55	-15	5	NULL
real	HL	228	7	15	   -2.00	0	    2.00	0	2	 1790.63	-3	5	NULL
real	ML	229	7	-15	   -5.00	0	    1.00	1	4	2091979.00	-3	0	NULL
real	BR	230	7	15	   -1.00	0	    1.00	0	3	  722.74	-15	7	NULL
real	ER	231	7	-15	   -4.00	0	    4.00	0	1	  441.03	-3	7	NULL
real	RR	232	7	15	   -1.00	0	    1.00	0	3	  461.24	-15	5	NULL
real	NL	233	7	15	    1.00	1	   -1.00	0	3	2119011.00	-3	0	NULL
real	GR	234	7	15	    2.00	1	   -2.00	0	2	  823.80	-3	7	NULL
real	CL	235	7	-15	   -2.00	0	    2.00	0	2	2138821.00	15	7	NULL
real	IR	236	7	-15	   -4.00	0	    1.00	1	3	2142517.00	-15	0	NULL
real	JR	237	7	15	   -4.00	0	    4.00	0	1	2146773.00	-15	0	NULL
real	LL	238	7	15	   -2.00	0	    2.00	0	2	2157758.00	15	0	NULL
real	CR	239	7	-15	   -4.00	0	    4.00	0	1	2163401.00	15	7	NULL
real	AL	240	7	-15	   -2.00	0	    2.00	0	2	  809.05	-15	7	NULL
real	KR	241	7	-15	   -1.00	1	   -1.00	1	4	2177295.00	15	0	NULL
real	QL	242	7	-15	   -2.00	0	    2.00	0	2	 1625.58	-15	5	NULL
real	MR	243	7	-15	   -4.00	0	    4.00	0	1	2187974.00	-3	0	NULL
real	PR	244	7	15	    2.00	1	   -2.00	0	2	2192337.00	15	5	NULL
real	IL	245	7	-15	   -2.00	0	    2.00	0	2	2199733.00	-15	0	NULL
real	KL	246	7	-15	   -2.00	0	    2.00	0	2	2203535.00	15	0	NULL
real	OL	247	7	-15	   -2.00	0	    2.00	0	2	2207574.00	15	5	NULL
real	DR	248	7	15	    2.00	1	   -2.00	0	2	2212164.00	15	7	NULL
real	GL	249	7	15	    1.00	0	    1.00	1	4	 1056.69	-3	7	NULL
real	BL	250	7	15	   -2.00	1	   -1.00	1	3	  590.94	-15	7	NULL
real	HR	251	7	15	    2.00	1	   -2.00	0	2	  439.88	-3	5	NULL
real	FL	252	7	-15	   -2.00	0	    2.00	0	2	  997.87	-3	5	NULL
real	FR	253	8	-15	   -3.00	0	    1.00	0	3	  584.34	-3	5	NULL
real	LL	254	8	15	    0.00	0	    2.00	0	2	2244014.00	15	0	NULL
real	NL	255	8	15	    0.00	1	   -1.00	0	3	2247779.00	-3	0	NULL
real	CL	256	8	-15	    0.00	1	   -1.00	1	3	2251721.00	15	7	NULL
real	IL	257	8	-15	    0.00	1	   -1.00	1	3	2260153.00	-15	0	NULL
real	DL	258	8	15	    0.00	0	    1.00	1	4	2264836.00	15	7	NULL
real	OR	259	8	-15	   -3.00	0	    1.00	0	3	2270359.00	15	5	NULL
real	JL	260	8	15	    0.00	1	   -1.00	1	3	2278482.00	-15	0	NULL
real	HL	261	8	15	    0.00	1	   -1.00	1	3	 1642.17	-3	5	NULL
real	GR	262	8	15	    0.00	1	   -2.00	0	2	 1236.85	-3	7	NULL
real	CR	263	8	-15	    0.00	1	   -2.00	1	2	2294204.00	15	7	NULL
real	IR	264	8	-15	   -3.00	0	    1.00	0	3	2297776.00	-15	0	NULL
real	AR	265	8	-15	   -2.00	0	    1.00	1	5	  445.64	-15	7	NULL
real	AL	266	8	-15	    0.00	1	   -1.00	1	3	  739.51	-15	7	NULL
real	HR	267	8	15	    0.00	1	   -2.00	0	2	  372.25	-3	5	NULL
real	RL	268	8	15	    0.00	1	   -1.00	1	3	  438.68	-15	5	NULL
real	KR	269	8	-15	   -2.00	1	   -1.00	0	4	2327187.00	15	0	NULL
real	RR	270	8	15	    0.00	1	   -1.00	1	4	  394.64	-15	5	NULL
real	QL	271	8	-15	    0.00	1	   -1.00	1	3	  382.23	-15	5	NULL
real	EL	272	8	-15	   -6.00	1	   -1.00	1	3	  224.02	-3	7	NULL
real	NR	273	8	15	    0.00	1	   -1.00	1	4	2340749.00	-3	0	NULL
real	GL	274	8	15	    2.00	1	   -1.00	1	5	  407.49	-3	7	NULL
real	JR	275	8	15	    0.00	1	   -2.00	1	2	2358652.00	-15	0	NULL
real	ER	276	8	-15	    0.00	1	   -2.00	1	2	  476.29	-3	7	NULL
real	QR	277	8	-15	   -2.00	0	    1.00	1	5	  404.61	-15	5	NULL
real	PR	278	8	15	    0.00	0	    1.00	1	3	2391144.00	15	5	NULL
real	BR	279	8	15	    0.00	1	   -1.00	1	4	  534.88	-15	7	NULL
real	DR	280	8	15	    0.00	1	   -2.00	0	2	2407447.00	15	7	NULL
real	ML	281	8	-15	   -4.00	0	    1.00	0	4	2417309.00	-3	0	NULL
real	PL	282	8	15	    3.00	1	   -1.00	0	3	2421887.00	15	5	NULL
real	LR	283	8	15	   -2.00	0	    1.00	1	5	2427096.00	15	0	NULL
real	FL	284	8	-15	    0.00	1	   -1.00	1	3	 1283.97	-3	5	NULL
real	BL	285	8	15	   -3.00	0	    1.00	1	4	  549.45	-15	7	NULL
real	KL	286	8	-15	    0.00	1	   -1.00	1	3	2448430.00	15	0	NULL
real	MR	287	8	-15	    0.00	1	   -2.00	1	2	2454373.00	-3	0	NULL
real	OL	288	8	-15	    0.00	1	   -1.00	1	3	2459297.00	15	5	NULL
real	OL	289	9	-15	   -1.00	1	   -1.00	0	3	2463471.00	15	5	NULL
real	MR	290	9	-15	   -2.00	1	   -2.00	0	2	2467614.00	-3	0	NULL
real	HL	291	9	15	   -1.00	0	    1.00	1	4	  612.37	-3	5	NULL
real	KR	292	9	-15	   -3.00	0	    1.00	1	5	2481697.00	15	0	NULL
real	QL	293	9	-15	   -1.00	0	    1.00	1	4	  438.19	-15	5	NULL
real	BR	294	9	15	   -1.00	0	    1.00	1	5	  487.59	-15	7	NULL
real	OR	295	9	-15	   -2.00	1	   -1.00	1	4	2497919.00	15	5	NULL
real	DL	296	9	15	    1.00	1	   -1.00	1	5	2502074.00	15	7	NULL
real	EL	297	9	-15	   -7.00	0	    1.00	1	4	  557.97	-3	7	NULL
real	DR	298	9	15	   -2.00	0	    1.00	1	3	2510177.00	15	7	NULL
real	CL	299	9	-15	   -1.00	1	   -1.00	0	3	2514698.00	15	7	NULL
real	ER	300	9	-15	   -2.00	1	   -2.00	0	2	  693.03	-3	7	NULL
real	AL	301	9	-15	   -1.00	1	   -1.00	0	3	  893.28	-15	7	NULL
real	JL	302	9	15	   -1.00	0	    1.00	1	4	2527014.00	-15	0	NULL
real	GL	303	9	15	    1.00	1	   -1.00	0	5	  630.73	-3	7	NULL
real	AR	304	9	-15	   -1.00	1	   -1.00	1	6	 1287.77	-15	7	NULL
real	PL	305	9	15	    2.00	1	   -1.00	0	3	2542932.00	15	5	NULL
real	PR	306	9	15	    1.00	1	   -1.00	1	4	2549541.00	15	5	NULL
real	QR	307	9	-15	   -1.00	0	    1.00	0	5	 1054.47	-15	5	NULL
real	NL	308	9	15	   -1.00	0	    1.00	1	4	2593335.00	-3	0	NULL
real	GR	309	9	15	   -2.00	0	    1.00	1	3	  463.41	-3	7	NULL
real	RL	310	9	15	   -1.00	0	    1.00	1	4	  483.82	-15	5	NULL
real	NR	311	9	15	   -1.00	0	    1.00	1	5	2645239.00	-3	0	NULL
real	KL	312	9	-15	   -1.00	1	   -1.00	0	3	2649878.00	15	0	NULL
real	BL	313	9	15	   -2.00	0	    1.00	0	4	  764.14	-15	7	NULL
real	FR	314	9	-15	   -2.00	1	   -1.00	1	4	  619.48	-3	5	NULL
real	FL	315	9	-15	   -1.00	1	   -1.00	0	3	  762.94	-3	5	NULL
real	HR	316	9	15	   -2.00	0	    1.00	1	3	  541.41	-3	5	NULL
real	JR	317	9	15	   -2.00	0	    1.00	1	3	2679260.00	-15	0	NULL
real	IL	318	9	-15	   -1.00	1	   -1.00	0	3	2684477.00	-15	0	NULL
real	ML	319	9	-15	   -3.00	0	    1.00	0	4	2689927.00	-3	0	NULL
real	RR	320	9	15	   -1.00	0	    1.00	1	5	 1659.03	-15	5	NULL
real	LL	321	9	15	    2.00	1	   -1.00	1	3	2709616.00	15	0	NULL
real	CR	322	9	-15	   -2.00	1	   -2.00	0	2	2714331.00	15	7	NULL
real	IR	323	9	-15	   -2.00	0	    1.00	0	3	2719932.00	-15	0	NULL
real	LR	324	9	15	   -1.00	1	   -1.00	1	6	2725576.00	15	0	NULL
real	MR	325	10	-15	   -4.00	0	    1.00	1	3	2731802.00	-3	0	NULL
real	IL	326	10	-15	   -2.00	0	    1.00	1	4	2735260.00	-15	0	NULL
real	KL	327	10	-15	   -2.00	0	    1.00	1	4	2748348.00	15	0	NULL
real	KR	328	10	-15	   -2.00	1	   -1.00	1	6	2754412.00	15	0	NULL
real	GL	329	10	15	    0.00	1	   -1.00	0	5	  543.12	-3	7	NULL
real	NL	330	10	15	    0.00	1	   -1.00	1	5	2762374.00	-3	0	NULL
real	FL	331	10	-15	   -2.00	1	   -1.00	0	3	  805.18	-3	5	NULL
real	RL	332	10	15	    0.00	1	   -1.00	1	5	  512.40	-15	5	NULL
real	CL	333	10	-15	   -2.00	0	    1.00	1	4	2782607.00	15	7	NULL
real	BR	334	10	15	    0.00	1	   -1.00	1	6	  472.46	-15	7	NULL
real	HR	335	10	15	   -1.00	1	   -1.00	1	4	 1426.68	-3	5	NULL
real	GR	336	10	15	   -1.00	0	    1.00	0	3	 1016.02	-3	7	NULL
real	QR	337	10	-15	    0.00	1	   -1.00	1	6	  697.21	-15	5	NULL
real	ER	338	10	-15	   -4.00	0	    1.00	1	3	  616.86	-3	7	NULL
real	PR	339	10	15	    0.00	1	   -1.00	0	4	2828895.00	15	5	NULL
real	HL	340	10	15	    0.00	1	   -1.00	1	5	  432.14	-3	5	NULL
real	JL	341	10	15	    0.00	1	   -1.00	1	5	2836402.00	-15	0	NULL
real	PL	342	10	15	    1.00	1	   -1.00	0	3	2862138.00	15	5	NULL
real	NR	343	10	15	    0.00	0	    1.00	0	5	2870190.00	-3	0	NULL
real	QL	344	10	-15	    0.00	0	    1.00	0	4	  628.40	-15	5	NULL
real	LR	345	10	15	   -2.00	0	    1.00	1	7	2880026.00	15	0	NULL
real	OR	346	10	-15	   -3.00	0	    1.00	1	5	2896032.00	15	5	NULL
real	AR	347	10	-15	   -2.00	1	   -1.00	0	6	  733.49	-15	7	NULL
real	AL	348	10	-15	   -2.00	1	   -1.00	0	3	  362.47	-15	7	NULL
real	ML	349	10	-15	   -2.00	1	   -1.00	1	5	2912944.00	-3	0	NULL
real	IR	350	10	-15	   -1.00	1	   -1.00	1	4	2917950.00	-15	0	NULL
real	DR	351	10	15	   -1.00	1	   -1.00	1	4	2922625.00	15	7	NULL
real	EL	352	10	-15	   -6.00	0	    1.00	0	4	  485.35	-3	7	NULL
real	JR	353	10	15	   -1.00	1	   -1.00	1	4	2932081.00	-15	0	NULL
real	LL	354	10	15	    1.00	1	   -1.00	0	3	2938871.00	15	0	NULL
real	DL	355	10	15	    0.00	0	    1.00	1	6	2948906.00	15	7	NULL
real	RR	356	10	15	    0.00	1	   -1.00	1	6	 1281.59	-15	5	NULL
real	BL	357	10	15	   -1.00	1	   -1.00	1	5	  778.04	-15	7	NULL
real	OL	358	10	-15	   -2.00	1	   -1.00	0	3	2981605.00	15	5	NULL
real	CR	359	10	-15	   -4.00	0	    1.00	1	3	2986259.00	15	7	NULL
real	FR	360	10	-15	   -3.00	1	   -1.00	0	4	  552.78	-3	5	NULL
real	GR	361	11	15	    0.00	1	   -1.00	1	4	  456.75	-3	7	NULL
real	HL	362	11	15	   -1.00	0	    1.00	1	6	  807.10	-3	5	NULL
real	KL	363	11	-15	   -1.00	1	   -1.00	1	5	3003730.00	15	0	NULL
real	OL	364	11	-15	   -3.00	1	   -1.00	0	3	3008770.00	15	5	NULL
real	QR	365	11	-15	   -1.00	1	   -1.00	0	6	  527.20	-15	5	NULL
real	AL	366	11	-15	   -3.00	0	    1.00	1	4	  734.59	-15	7	NULL
real	MR	367	11	-15	   -3.00	0	    1.00	0	3	3033461.00	-3	0	NULL
real	RL	368	11	15	   -1.00	1	   -1.00	0	5	  867.28	-15	5	NULL
real	CL	369	11	-15	   -1.00	1	   -1.00	1	5	3043501.00	15	7	NULL
real	JL	370	11	15	   -1.00	0	    1.00	1	6	3049974.00	-15	0	NULL
real	ER	371	11	-15	   -3.00	1	   -1.00	1	4	  923.06	-3	7	NULL
real	DR	372	11	15	   -2.00	0	    1.00	1	5	3066590.00	15	7	NULL
real	PL	373	11	15	    0.00	1	   -1.00	0	3	3073162.00	15	5	NULL
real	RR	374	11	15	   -1.00	1	   -1.00	0	6	  855.52	-15	5	NULL
real	AR	375	11	-15	   -3.00	0	    1.00	1	7	  714.99	-15	7	NULL
real	IL	376	11	-15	   -1.00	1	   -1.00	1	5	3100717.00	-15	0	NULL
real	BR	377	11	15	   -1.00	1	   -1.00	0	6	 1050.54	-15	7	NULL
real	OR	378	11	-15	   -2.00	1	   -1.00	1	6	3147051.00	15	5	NULL
real	NL	379	11	15	   -1.00	0	    1.00	1	6	3150939.00	-3	0	NULL
real	EL	380	11	-15	   -5.00	0	    1.00	0	4	  816.56	-3	7	NULL
real	LR	381	11	15	   -1.00	0	    1.00	0	7	3159896.00	15	0	NULL
real	QL	382	11	-15	    1.00	1	   -1.00	1	5	  782.47	-15	5	NULL
real	GL	383	11	15	   -1.00	0	    1.00	1	6	  614.89	-3	7	NULL
real	JR	384	11	15	   -2.00	0	    1.00	1	5	3186660.00	-15	0	NULL
real	IR	385	11	-15	   -2.00	0	    1.00	1	5	3191733.00	-15	0	NULL
real	PR	386	11	15	   -1.00	0	    1.00	1	5	3195831.00	15	5	NULL
real	FL	387	11	-15	   -3.00	0	    1.00	1	4	  446.52	-3	5	NULL
real	KR	388	11	-15	   -3.00	0	    1.00	1	7	3213351.00	15	0	NULL
real	FR	389	11	-15	   -4.00	0	    1.00	1	5	 1239.32	-3	5	NULL
real	BL	390	11	15	   -2.00	1	   -1.00	0	5	  932.08	-15	7	NULL
real	ML	391	11	-15	   -3.00	0	    1.00	1	6	3242205.00	-3	0	NULL
real	HR	392	11	15	   -2.00	0	    1.00	1	5	  739.93	-3	5	NULL
real	LL	393	11	15	    0.00	1	   -1.00	0	3	3259578.00	15	0	NULL
real	DL	394	11	15	    1.00	1	   -1.00	1	7	3264473.00	15	7	NULL
real	NR	395	11	15	    1.00	1	   -1.00	1	6	3272804.00	-3	0	NULL
real	CR	396	11	-15	   -3.00	1	   -1.00	1	4	3279280.00	15	7	NULL
real	RR	397	12	15	   -2.00	0	    1.00	1	7	  832.89	-15	5	NULL
real	NL	398	12	15	    0.00	0	    1.00	0	6	3287778.00	-3	0	NULL
real	EL	399	12	-15	   -4.00	0	    1.00	0	4	  545.60	-3	7	NULL
real	ER	400	12	-15	   -4.00	0	    1.00	1	5	  435.13	-3	7	NULL
real	CL	401	12	-15	   -2.00	1	   -1.00	0	5	3605431.00	15	7	NULL
real	GL	402	12	15	    0.00	1	   -1.00	1	7	  852.24	-3	7	NULL
real	CR	403	12	-15	   -4.00	0	    1.00	1	5	3615462.00	15	7	NULL
real	IR	404	12	-15	   -1.00	0	    1.00	0	5	3619534.00	-15	0	NULL
real	NR	405	12	15	    0.00	1	   -1.00	0	6	3623689.00	-3	0	NULL
real	DR	406	12	15	   -1.00	0	    1.00	0	5	3628270.00	15	7	NULL
real	HR	407	12	15	   -1.00	0	    1.00	0	5	  492.08	-3	5	NULL
real	FL	408	12	-15	   -2.00	0	    1.00	0	4	  350.57	-3	5	NULL
real	KR	409	12	-15	   -2.00	1	   -1.00	1	8	3642973.00	15	0	NULL
real	OR	410	12	-15	   -3.00	0	    1.00	1	7	3648112.00	15	5	NULL
real	PR	411	12	15	    0.00	1	   -1.00	1	6	3652118.00	15	5	NULL
real	JR	412	12	15	   -1.00	0	    1.00	0	5	3658935.00	-15	0	NULL
real	DL	413	12	15	    0.00	1	   -1.00	0	7	3662751.00	15	7	NULL
real	IL	414	12	-15	   -2.00	0	    1.00	1	6	3666349.00	-15	0	NULL
real	BL	415	12	15	   -3.00	0	    1.00	1	6	  998.37	-15	7	NULL
real	QR	416	12	-15	   -2.00	0	    1.00	1	7	  460.06	-15	5	NULL
real	HL	417	12	15	    0.00	1	   -1.00	1	7	  760.78	-3	5	NULL
real	AR	418	12	-15	   -2.00	0	    1.00	0	7	  598.15	-15	7	NULL
real	QL	419	12	-15	    0.00	1	   -1.00	0	5	  540.09	-15	5	NULL
real	OL	420	12	-15	   -4.00	0	    1.00	1	4	3696022.00	15	5	NULL
real	PL	421	12	15	   -1.00	1	   -1.00	0	3	3699929.00	15	5	NULL
real	RL	422	12	15	   -2.00	0	    1.00	1	6	  693.08	-15	5	NULL
real	LR	423	12	15	    0.00	1	   -1.00	1	8	3707909.00	15	0	NULL
real	MR	424	12	-15	   -2.00	0	    1.00	0	3	3712244.00	-3	0	NULL
real	AL	425	12	-15	   -2.00	0	    1.00	0	4	  558.54	-15	7	NULL
real	JL	426	12	15	    0.00	1	   -1.00	1	7	3720098.00	-15	0	NULL
real	BR	427	12	15	   -2.00	0	    1.00	1	7	  600.03	-15	7	NULL
real	LL	428	12	15	   -1.00	0	    1.00	1	4	3727872.00	15	0	NULL
real	GR	429	12	15	   -1.00	0	    1.00	1	5	  541.91	-3	7	NULL
real	KL	430	12	-15	   -2.00	1	   -1.00	0	5	3736461.00	15	0	NULL
real	FR	431	12	-15	   -3.00	1	   -1.00	1	6	 1774.03	-3	5	NULL
real	ML	432	12	-15	   -2.00	1	   -1.00	1	7	3745184.00	-3	0	NULL
real	GR	433	13	15	    0.00	1	   -1.00	1	6	  721.50	-3	7	NULL
real	BR	434	13	15	   -1.00	1	   -1.00	1	8	  543.48	-15	7	NULL
real	BL	435	13	15	   -2.00	0	    1.00	0	6	  745.69	-15	7	NULL
real	OL	436	13	-15	   -3.00	1	   -1.00	1	5	3763364.00	15	5	NULL
real	NL	437	13	15	    1.00	1	   -1.00	1	7	3767590.00	-3	0	NULL
real	FR	438	13	-15	   -4.00	0	    1.00	1	7	  611.91	-3	5	NULL
real	EL	439	13	-15	   -3.00	0	    1.00	0	4	  448.53	-3	7	NULL
real	PR	440	13	15	   -1.00	1	   -1.00	0	6	3781894.00	15	5	NULL
real	JL	441	13	15	   -1.00	1	   -1.00	0	7	3785343.00	-15	0	NULL
real	CL	442	13	-15	   -3.00	0	    1.00	1	6	3791469.00	15	7	NULL
real	IR	443	13	-15	    0.00	1	   -1.00	1	6	3795393.00	-15	0	NULL
real	LL	444	13	15	    0.00	0	    1.00	0	4	3799504.00	15	0	NULL
real	QL	445	13	-15	   -1.00	0	    1.00	1	6	  710.65	-15	5	NULL
real	MR	446	13	-15	   -1.00	0	    1.00	0	3	3807502.00	-3	0	NULL
real	RL	447	13	15	   -1.00	0	    1.00	0	6	  397.75	-15	5	NULL
real	DR	448	13	15	    0.00	0	    1.00	0	5	3817555.00	15	7	NULL
real	QR	449	13	-15	   -1.00	0	    1.00	0	7	  438.69	-15	5	NULL
real	AL	450	13	-15	   -1.00	0	    1.00	0	4	  615.81	-15	7	NULL
real	ER	451	13	-15	   -3.00	0	    1.00	0	5	  565.93	-3	7	NULL
real	RR	452	13	15	   -1.00	0	    1.00	0	7	  669.30	-15	5	NULL
real	ML	453	13	-15	   -3.00	0	    1.00	1	8	3840379.00	-3	0	NULL
real	KL	454	13	-15	   -3.00	0	    1.00	1	6	3849655.00	15	0	NULL
real	OR	455	13	-15	   -2.00	1	   -1.00	1	8	3853941.00	15	5	NULL
real	NR	456	13	15	   -1.00	1	   -1.00	0	6	3857769.00	-3	0	NULL
real	PL	457	13	15	   -2.00	0	    1.00	1	4	3862242.00	15	5	NULL
real	CR	458	13	-15	   -3.00	1	   -1.00	1	6	3876014.00	15	7	NULL
real	KR	459	13	-15	   -3.00	1	   -1.00	0	8	3883566.00	15	0	NULL
real	FL	460	13	-15	   -1.00	1	   -1.00	1	5	  448.28	-3	5	NULL
real	AR	461	13	-15	   -1.00	1	   -1.00	1	8	  441.01	-15	7	NULL
real	IL	462	13	-15	   -1.00	0	    1.00	0	6	3897486.00	-15	0	NULL
real	GL	463	13	15	   -1.00	0	    1.00	1	8	  818.23	-3	7	NULL
real	DL	464	13	15	   -1.00	0	    1.00	1	8	3905709.00	15	7	NULL
real	JR	465	13	15	    0.00	1	   -1.00	1	6	3916087.00	-15	0	NULL
real	HL	466	13	15	   -1.00	0	    1.00	1	8	  577.67	-3	5	NULL
real	LR	467	13	15	   -1.00	0	    1.00	1	9	3924016.00	15	0	NULL
real	HR	468	13	15	    0.00	0	    1.00	0	5	  681.72	-3	5	NULL
real	PR	469	14	15	   -2.00	0	    1.00	1	7	3935677.00	15	5	NULL
real	OL	470	14	-15	   -4.00	1	   -1.00	0	5	3939710.00	15	5	NULL
real	PL	471	14	15	   -1.00	0	    1.00	0	4	3944261.00	15	5	NULL
real	RL	472	14	15	    0.00	1	   -1.00	1	7	  864.88	-15	5	NULL
real	DR	473	14	15	    1.00	1	   -1.00	1	6	3958525.00	15	7	NULL
real	QL	474	14	-15	    0.00	1	   -1.00	1	7	  433.47	-15	5	NULL
real	AR	475	14	-15	   -2.00	1	   -1.00	0	8	 1109.18	-15	7	NULL
real	LL	476	14	15	    1.00	1	   -1.00	1	5	3974330.00	15	0	NULL
real	CR	477	14	-15	   -4.00	0	    1.00	1	7	3978627.00	15	7	NULL
real	AL	478	14	-15	    0.00	1	   -1.00	1	5	  620.87	-15	7	NULL
real	DL	479	14	15	    0.00	0	    1.00	0	8	3987093.00	15	7	NULL
real	IR	480	14	-15	   -1.00	1	   -1.00	0	6	3991022.00	-15	0	NULL
real	NL	481	14	15	    0.00	1	   -1.00	0	7	3994720.00	-3	0	NULL
real	JR	482	14	15	   -1.00	1	   -1.00	0	6	3998794.00	-15	0	NULL
real	QR	483	14	-15	    0.00	1	   -1.00	1	8	  513.93	-15	5	NULL
real	HL	484	14	15	    0.00	0	    1.00	0	8	  554.70	-3	5	NULL
real	JL	485	14	15	   -2.00	0	    1.00	1	8	4019598.00	-15	0	NULL
real	KR	486	14	-15	   -4.00	1	   -1.00	0	8	4024040.00	15	0	NULL
real	RR	487	14	15	    0.00	1	   -1.00	1	8	  477.23	-15	5	NULL
real	CL	488	14	-15	   -2.00	1	   -1.00	1	7	4039401.00	15	7	NULL
real	OR	489	14	-15	   -3.00	0	    1.00	1	9	4046953.00	15	5	NULL
real	MR	490	14	-15	    0.00	1	   -1.00	1	4	4050888.00	-3	0	NULL
real	BR	491	14	15	   -2.00	0	    1.00	1	9	 1202.56	-15	7	NULL
real	NR	492	14	15	   -2.00	0	    1.00	1	7	4062892.00	-3	0	NULL
real	ML	493	14	-15	   -2.00	1	   -1.00	1	9	4067248.00	-3	0	NULL
real	GR	494	14	15	   -1.00	1	   -1.00	0	6	 1102.33	-3	7	NULL
real	FR	495	14	-15	   -3.00	0	    1.00	0	7	 1159.92	-3	5	NULL
real	LR	496	14	15	    0.00	1	   -1.00	1	10	4082081.00	15	0	NULL
real	HR	497	14	15	    1.00	1	   -1.00	1	6	  928.50	-3	5	NULL
real	BL	498	14	15	   -1.00	1	   -1.00	1	7	  645.28	-15	7	NULL
real	IL	499	14	-15	    0.00	1	   -1.00	1	7	4094574.00	-15	0	NULL
real	ER	500	14	-15	   -2.00	0	    1.00	0	5	 1666.02	-3	7	NULL
real	FL	501	14	-15	   -2.00	1	   -1.00	0	5	  601.40	-3	5	NULL
real	EL	502	14	-15	   -2.00	1	   -1.00	1	5	  672.37	-3	7	NULL
real	KL	503	14	-15	   -2.00	1	   -1.00	1	7	4115951.00	15	0	NULL
real	GL	504	14	15	    0.00	1	   -1.00	1	9	  444.77	-3	7	NULL
real	QL	505	15	-15	   -1.00	1	   -1.00	0	7	  770.56	-15	5	NULL
real	PR	506	15	15	   -1.00	0	    1.00	0	7	4129193.00	15	5	NULL
real	RL	507	15	15	   -1.00	0	    1.00	1	8	 1549.80	-15	5	NULL
real	LL	508	15	15	    0.00	1	   -1.00	0	5	4139187.00	15	0	NULL
real	OL	509	15	-15	   -5.00	0	    1.00	1	6	4144501.00	15	5	NULL
real	FL	510	15	-15	   -3.00	0	    1.00	1	6	  702.14	-3	5	NULL
real	EL	511	15	-15	   -3.00	0	    1.00	1	6	  512.69	-3	7	NULL
real	NR	512	15	15	   -1.00	1	   -1.00	1	8	4158543.00	-3	0	NULL
real	LR	513	15	15	   -1.00	0	    1.00	1	11	4162760.00	15	0	NULL
real	PL	514	15	15	    0.00	0	    1.00	0	4	4168057.00	15	5	NULL
real	QR	515	15	-15	   -1.00	0	    1.00	1	9	  676.19	-15	5	NULL
real	IR	516	15	-15	   -2.00	0	    1.00	1	7	4181300.00	-15	0	NULL
real	HL	517	15	15	    1.00	1	   -1.00	1	9	  546.31	-3	5	NULL
real	KL	518	15	-15	   -3.00	0	    1.00	1	8	4189790.00	15	0	NULL
real	MR	519	15	-15	   -1.00	1	   -1.00	0	4	4193765.00	-3	0	NULL
real	AL	520	15	-15	   -1.00	1	   -1.00	0	5	  595.08	-15	7	NULL
real	KR	521	15	-15	   -5.00	0	    1.00	1	9	4207753.00	15	0	NULL
real	RR	522	15	15	   -1.00	1	   -1.00	0	8	  524.44	-15	5	NULL
real	ML	523	15	-15	   -3.00	0	    1.00	1	10	4217919.00	-3	0	NULL
real	IL	524	15	-15	   -1.00	1	   -1.00	0	7	4223629.00	-15	0	NULL
real	CL	525	15	-15	   -3.00	0	    1.00	1	8	4227971.00	15	7	NULL
real	GL	526	15	15	   -1.00	0	    1.00	1	10	  666.13	-3	7	NULL
real	ER	527	15	-15	   -1.00	1	   -1.00	1	6	 1295.01	-3	7	NULL
real	GR	528	15	15	   -2.00	0	    1.00	1	7	  562.83	-3	7	NULL
real	AR	529	15	-15	   -3.00	0	    1.00	1	9	  480.27	-15	7	NULL
real	FR	530	15	-15	   -2.00	0	    1.00	0	7	  519.97	-3	5	NULL
real	DR	531	15	15	    0.00	0	    1.00	1	7	4255068.00	15	7	NULL
real	DL	532	15	15	    1.00	0	    1.00	0	8	4259959.00	15	7	NULL
real	JL	533	15	15	   -1.00	0	    1.00	0	8	4263829.00	-15	0	NULL
real	HR	534	15	15	    0.00	0	    1.00	1	7	  611.29	-3	5	NULL
real	BL	535	15	15	   -2.00	0	    1.00	1	8	  365.50	-15	7	NULL
real	NL	536	15	15	   -1.00	0	    1.00	1	8	4280132.00	-3	0	NULL
real	JR	537	15	15	   -2.00	0	    1.00	1	7	4285942.00	-15	0	NULL
real	OR	538	15	-15	   -2.00	1	   -1.00	1	10	4290527.00	15	5	NULL
real	CR	539	15	-15	   -3.00	1	   -1.00	1	8	4298071.00	15	7	NULL
real	BR	540	15	15	   -1.00	1	   -1.00	1	10	  462.93	-15	7	NULL
real	PL	541	16	15	    1.00	1	   -1.00	1	5	4305872.00	15	5	NULL
real	HR	542	16	15	    1.00	1	   -1.00	1	8	  754.17	-3	5	NULL
real	AR	543	16	-15	   -2.00	0	    1.00	0	9	  859.67	-15	7	NULL
real	RR	544	16	15	   -2.00	0	    1.00	1	9	  547.49	-15	5	NULL
real	ER	545	16	-15	   -2.00	1	   -1.00	0	6	  935.99	-3	7	NULL
real	HL	546	16	15	    0.00	0	    1.00	1	10	  676.65	-3	5	NULL
real	FL	547	16	-15	   -2.00	1	   -1.00	1	7	  687.19	-3	5	NULL
real	JR	548	16	15	   -1.00	1	   -1.00	1	8	4338484.00	-15	0	NULL
real	QL	549	16	-15	   -2.00	0	    1.00	1	8	  865.04	-15	5	NULL
real	JL	550	16	15	    0.00	1	   -1.00	1	9	4347171.00	-15	0	NULL
real	LL	551	16	15	   -1.00	0	    1.00	1	6	4352855.00	15	0	NULL
real	IL	552	16	-15	   -2.00	0	    1.00	1	8	4370554.00	-15	0	NULL
real	CR	553	16	-15	   -4.00	0	    1.00	1	9	4375698.00	15	7	NULL
real	MR	554	16	-15	   -2.00	1	   -1.00	0	4	4379749.00	-3	0	NULL
real	FR	555	16	-15	   -1.00	1	   -1.00	1	8	  566.80	-3	5	NULL
real	GL	556	16	15	    0.00	0	    1.00	0	10	  785.79	-3	7	NULL
real	EL	557	16	-15	   -2.00	1	   -1.00	1	7	 1224.28	-3	7	NULL
real	QR	558	16	-15	    0.00	1	   -1.00	1	10	  994.77	-15	5	NULL
real	ML	559	16	-15	   -2.00	0	    1.00	0	10	4403011.00	-3	0	NULL
real	PR	560	16	15	    0.00	0	    1.00	0	7	4410213.00	15	5	NULL
real	OL	561	16	-15	   -4.00	0	    1.00	0	6	4415111.00	15	5	NULL
real	DL	562	16	15	    2.00	1	   -1.00	1	9	4419801.00	15	7	NULL
real	KL	563	16	-15	   -2.00	1	   -1.00	1	9	4427595.00	15	0	NULL
real	LR	564	16	15	    0.00	1	   -1.00	1	12	4432025.00	15	0	NULL
real	BR	565	16	15	   -2.00	0	    1.00	1	11	  652.48	-15	7	NULL
real	DR	566	16	15	    1.00	1	   -1.00	1	8	4440500.00	15	7	NULL
real	IR	567	16	-15	   -1.00	1	   -1.00	1	8	4444439.00	-15	0	NULL
real	NR	568	16	15	   -2.00	0	    1.00	1	9	4452728.00	-3	0	NULL
real	OR	569	16	-15	   -3.00	0	    1.00	1	11	4460004.00	15	5	NULL
real	AL	570	16	-15	   -2.00	0	    1.00	1	6	  530.26	-15	7	NULL
real	GR	571	16	15	   -1.00	0	    1.00	0	7	  601.53	-3	7	NULL
real	NL	572	16	15	    0.00	0	    1.00	0	8	4475428.00	-3	0	NULL
real	CL	573	16	-15	   -2.00	0	    1.00	0	8	4482941.00	15	7	NULL
real	KR	574	16	-15	   -4.00	0	    1.00	0	9	4489492.00	15	0	NULL
real	BL	575	16	15	   -1.00	1	   -1.00	1	9	  595.38	-15	7	NULL
real	RL	576	16	15	    0.00	1	   -1.00	1	9	  706.78	-15	5	NULL
real	JL	577	17	15	   -1.00	1	   -1.00	0	9	4510486.00	-15	0	NULL
real	RL	578	17	15	   -1.00	1	   -1.00	0	9	  380.90	-15	5	NULL
real	IR	579	17	-15	   -2.00	0	    1.00	1	9	4537582.00	-15	0	NULL
real	DR	580	17	15	    0.00	1	   -1.00	0	8	4546872.00	15	7	NULL
real	OR	581	17	-15	   -2.00	0	    1.00	0	11	4553913.00	15	5	NULL
real	JR	582	17	15	   -2.00	0	    1.00	1	9	4558364.00	-15	0	NULL
real	CR	583	17	-15	   -3.00	0	    1.00	0	9	4565035.00	15	7	NULL
real	CL	584	17	-15	   -1.00	1	   -1.00	1	9	4571284.00	15	7	NULL
real	PR	585	17	15	    1.00	1	   -1.00	1	8	4577091.00	15	5	NULL
real	MR	586	17	-15	   -3.00	1	   -1.00	0	4	4581646.00	-3	0	NULL
real	FL	587	17	-15	   -3.00	0	    1.00	1	8	  533.29	-3	5	NULL
real	ER	588	17	-15	   -3.00	0	    1.00	1	7	  521.11	-3	7	NULL
real	NL	589	17	15	    1.00	1	   -1.00	1	9	4600949.00	-3	0	NULL
real	HL	590	17	15	    1.00	0	    1.00	0	10	  636.19	-3	5	NULL
real	AR	591	17	-15	   -1.00	0	    1.00	0	9	  612.87	-15	7	NULL
real	RR	592	17	15	   -1.00	0	    1.00	0	9	  645.47	-15	5	NULL
real	GR	593	17	15	    0.00	1	   -1.00	1	8	 1269.25	-3	7	NULL
real	BL	594	17	15	   -2.00	0	    1.00	1	10	  509.02	-15	7	NULL
real	ML	595	17	-15	   -1.00	1	   -1.00	1	11	4635753.00	-3	0	NULL
real	QR	596	17	-15	   -1.00	1	   -1.00	0	10	  743.07	-15	5	NULL
real	KL	597	17	-15	   -3.00	0	    1.00	1	10	4646052.00	15	0	NULL
real	QL	598	17	-15	   -1.00	0	    1.00	0	8	  783.90	-15	5	NULL
real	GL	599	17	15	    1.00	0	    1.00	0	10	  638.55	-3	7	NULL
real	EL	600	17	-15	   -3.00	0	    1.00	1	8	  541.35	-3	7	NULL
real	DL	601	17	15	    1.00	1	   -1.00	0	9	4672705.00	15	7	NULL
real	OL	602	17	-15	   -3.00	0	    1.00	0	6	4678286.00	15	5	NULL
real	HR	603	17	15	    0.00	1	   -1.00	0	8	  530.42	-3	5	NULL
real	LL	604	17	15	    0.00	0	    1.00	0	6	4692249.00	15	0	NULL
real	NR	605	17	15	   -1.00	0	    1.00	0	9	4696171.00	-3	0	NULL
real	PL	606	17	15	    0.00	0	    1.00	1	6	4703042.00	15	5	NULL
real	BR	607	17	15	   -1.00	0	    1.00	0	11	  599.05	-15	7	NULL
real	FR	608	17	-15	   -2.00	0	    1.00	1	9	  742.64	-3	5	NULL
real	KR	609	17	-15	   -3.00	1	   -1.00	1	10	4720554.00	15	0	NULL
real	IL	610	17	-15	   -1.00	0	    1.00	0	8	4725771.00	-15	0	NULL
real	AL	611	17	-15	   -1.00	1	   -1.00	1	7	  723.92	-15	7	NULL
real	OR	612	18	-15	   -1.00	1	   -1.00	1	12	4738326.00	15	5	NULL
real	JL	613	18	15	   -2.00	1	   -1.00	0	9	4742430.00	-15	0	NULL
real	KL	614	18	-15	   -2.00	1	   -1.00	1	11	4746300.00	15	0	NULL
real	GR	615	18	15	   -1.00	0	    1.00	1	9	  492.16	-3	7	NULL
real	OL	616	18	-15	   -2.00	1	   -1.00	1	7	4764668.00	15	5	NULL
real	FR	617	18	-15	   -1.00	1	   -1.00	1	10	  480.64	-3	5	NULL
real	GL	618	18	15	    2.00	1	   -1.00	1	11	  467.28	-3	7	NULL
real	EL	619	18	-15	   -2.00	0	    1.00	0	8	  605.74	-3	7	NULL
real	PR	620	18	15	    0.00	1	   -1.00	0	8	4797859.00	15	5	NULL
real	ER	621	18	-15	   -2.00	1	   -1.00	1	8	  524.29	-3	7	NULL
real	BR	622	18	15	    0.00	1	   -1.00	1	12	  455.32	-15	7	NULL
real	IL	623	18	-15	    0.00	1	   -1.00	1	9	4809302.00	-15	0	NULL
real	NR	624	18	15	    0.00	1	   -1.00	1	10	4813406.00	-3	0	NULL
real	KR	625	18	-15	   -4.00	0	    1.00	1	11	4826305.00	15	0	NULL
real	CL	626	18	-15	   -2.00	1	   -1.00	0	9	4830636.00	15	7	NULL
real	DR	627	18	15	   -1.00	1	   -1.00	0	8	4835144.00	15	7	NULL
real	FL	628	18	-15	   -2.00	1	   -1.00	1	9	  573.97	-3	5	NULL
real	DL	629	18	15	    0.00	1	   -1.00	0	9	4853289.00	15	7	NULL
real	NL	630	18	15	    0.00	1	   -1.00	0	9	4857531.00	-3	0	NULL
real	QL	631	18	-15	    0.00	1	   -1.00	1	9	  378.04	-15	5	NULL
real	IR	632	18	-15	   -1.00	0	    1.00	0	9	4864606.00	-15	0	NULL
real	PL	633	18	15	    1.00	0	    1.00	0	6	4869402.00	15	5	NULL
real	AR	634	18	-15	    0.00	1	   -1.00	1	10	  930.89	-15	7	NULL
real	MR	635	18	-15	   -4.00	0	    1.00	1	5	4877335.00	-3	0	NULL
real	LL	636	18	15	    1.00	1	   -1.00	1	7	4881699.00	15	0	NULL
real	HR	637	18	15	   -1.00	0	    1.00	1	9	  859.39	-3	5	NULL
real	QR	638	18	-15	   -2.00	1	   -1.00	0	10	  695.85	-15	5	NULL
real	HL	639	18	15	    2.00	1	   -1.00	1	11	  381.52	-3	5	NULL
real	JR	640	18	15	   -1.00	1	   -1.00	1	10	4903128.00	-15	0	NULL
real	RR	641	18	15	    0.00	1	   -1.00	1	10	  490.92	-15	5	NULL
real	ML	642	18	-15	   -2.00	1	   -1.00	0	11	4915232.00	-3	0	NULL
real	RL	643	18	15	   -2.00	0	    1.00	1	10	 1009.96	-15	5	NULL
real	CR	644	18	-15	   -2.00	1	   -1.00	1	10	4935057.00	15	7	NULL
real	BL	645	18	15	   -1.00	1	   -1.00	1	11	  735.40	-15	7	NULL
real	AL	646	18	-15	   -2.00	0	    1.00	1	8	  522.26	-15	7	NULL
real	BL	647	19	15	   -2.00	0	    1.00	1	12	  506.14	-15	7	NULL
real	OL	648	19	-15	   -3.00	0	    1.00	1	8	4967324.00	15	5	NULL
real	ER	649	19	-15	   -3.00	0	    1.00	1	9	  468.83	-3	7	NULL
real	FL	650	19	-15	   -3.00	0	    1.00	1	10	 1118.41	-3	5	NULL
real	JR	651	19	15	   -2.00	0	    1.00	1	11	4981031.00	-15	0	NULL
real	IL	652	19	-15	   -1.00	1	   -1.00	0	9	4985091.00	-15	0	NULL
real	CR	653	19	-15	   -3.00	0	    1.00	1	11	4989927.00	15	7	NULL
real	EL	654	19	-15	   -1.00	0	    1.00	0	8	  397.80	-3	7	NULL
real	NL	655	19	15	   -1.00	0	    1.00	1	10	4998818.00	-3	0	NULL
real	IR	656	19	-15	    0.00	1	   -1.00	1	10	5003674.00	-15	0	NULL
real	ML	657	19	-15	   -3.00	1	   -1.00	0	11	5008582.00	-3	0	NULL
real	GL	658	19	15	    1.00	1	   -1.00	0	11	  483.53	-3	7	NULL
real	JL	659	19	15	   -3.00	1	   -1.00	0	9	5019247.00	-15	0	NULL
real	QL	660	19	-15	   -1.00	0	    1.00	1	10	  581.92	-15	5	NULL
real	AL	661	19	-15	   -1.00	0	    1.00	0	8	  426.23	-15	7	NULL
real	PR	662	19	15	   -1.00	0	    1.00	1	9	5037842.00	15	5	NULL
real	PL	663	19	15	    2.00	1	   -1.00	1	7	5042249.00	15	5	NULL
real	RR	664	19	15	   -1.00	0	    1.00	1	11	  498.68	-15	5	NULL
real	CL	665	19	-15	   -3.00	0	    1.00	1	10	5061188.00	15	7	NULL
real	QR	666	19	-15	   -3.00	1	   -1.00	0	10	  416.04	-15	5	NULL
real	FR	667	19	-15	   -2.00	1	   -1.00	0	10	  564.89	-3	5	NULL
real	KL	668	19	-15	   -3.00	1	   -1.00	0	11	5077331.00	15	0	NULL
real	DR	669	19	15	   -2.00	0	    1.00	1	9	5084288.00	15	7	NULL
real	DL	670	19	15	   -1.00	1	   -1.00	0	9	5088407.00	15	7	NULL
real	RL	671	19	15	   -1.00	1	   -1.00	1	11	  582.47	-15	5	NULL
real	MR	672	19	-15	   -3.00	1	   -1.00	1	6	5096622.00	-3	0	NULL
real	HL	673	19	15	    1.00	1	   -1.00	0	11	  729.02	-3	5	NULL
real	GR	674	19	15	    0.00	1	   -1.00	1	10	 1274.64	-3	7	NULL
real	HR	675	19	15	    0.00	0	    1.00	0	9	  592.95	-3	5	NULL
real	AR	676	19	-15	   -1.00	0	    1.00	1	11	  417.58	-15	7	NULL
real	NR	677	19	15	   -1.00	0	    1.00	1	11	5127958.00	-3	0	NULL
real	LL	678	19	15	    0.00	1	   -1.00	0	7	5132174.00	15	0	NULL
real	KR	679	19	-15	   -3.00	1	   -1.00	1	12	5137093.00	15	0	NULL
real	HR	680	20	15	    1.00	1	   -1.00	1	10	  450.40	-3	5	NULL
real	JL	681	20	15	   -4.00	0	    1.00	1	10	5150142.00	-15	0	NULL
real	CL	682	20	-15	   -2.00	1	   -1.00	1	11	5155345.00	15	7	NULL
real	AR	683	20	-15	    0.00	1	   -1.00	1	12	  437.45	-15	7	NULL
real	RL	684	20	15	   -2.00	0	    1.00	1	12	  645.29	-15	5	NULL
real	EL	685	20	-15	    0.00	1	   -1.00	1	9	  421.34	-3	7	NULL
real	AL	686	20	-15	    0.00	1	   -1.00	1	9	  599.89	-15	7	NULL
real	MR	687	20	-15	   -4.00	0	    1.00	1	7	5180600.00	-3	0	NULL
real	JR	688	20	15	   -1.00	1	   -1.00	1	12	5191754.00	-15	0	NULL
real	IR	689	20	-15	   -1.00	1	   -1.00	0	10	5195106.00	-15	0	NULL
real	NR	690	20	15	    0.00	1	   -1.00	1	12	5202768.00	-3	0	NULL
real	PR	691	20	15	    0.00	0	    1.00	0	9	5213619.00	15	5	NULL
real	FR	692	20	-15	   -3.00	1	   -1.00	0	10	  520.40	-3	5	NULL
real	KL	693	20	-15	   -4.00	0	    1.00	1	12	5221747.00	15	0	NULL
real	NL	694	20	15	    0.00	1	   -1.00	1	11	5225333.00	-3	0	NULL
real	ML	695	20	-15	   -4.00	0	    1.00	1	12	5229807.00	-3	0	NULL
real	LL	696	20	15	   -1.00	1	   -1.00	0	7	5233737.00	15	0	NULL
real	GR	697	20	15	   -1.00	0	    1.00	1	11	  756.48	-3	7	NULL
real	QR	698	20	-15	   -4.00	0	    1.00	1	11	  697.76	-15	5	NULL
real	OL	699	20	-15	   -2.00	1	   -1.00	1	9	5257146.00	15	5	NULL
real	PL	700	20	15	    1.00	1	   -1.00	0	7	5262984.00	15	5	NULL
real	CR	701	20	-15	   -2.00	0	    1.00	0	11	5267197.00	15	7	NULL
real	RR	702	20	15	    0.00	1	   -1.00	1	12	  646.39	-15	5	NULL
real	HL	703	20	15	    0.00	1	   -1.00	0	11	  523.85	-3	5	NULL
real	IL	704	20	-15	   -2.00	0	    1.00	1	10	5282201.00	-15	0	NULL
real	GL	705	20	15	    0.00	0	    1.00	1	12	  654.09	-3	7	NULL
real	QL	706	20	-15	    0.00	0	    1.00	0	10	  736.88	-15	5	NULL
real	FL	707	20	-15	   -2.00	0	    1.00	0	10	  549.20	-3	5	NULL
real	DL	708	20	15	   -2.00	0	    1.00	1	10	5326972.00	15	7	NULL
real	ER	709	20	-15	   -2.00	1	   -1.00	1	10	  655.06	-3	7	NULL
real	DR	710	20	15	   -1.00	0	    1.00	0	9	5339144.00	15	7	NULL
real	NL	711	21	15	   -1.00	0	    1.00	1	12	5345248.00	-3	0	NULL
real	AL	712	21	-15	   -1.00	1	   -1.00	0	9	  653.93	-15	7	NULL
real	JL	713	21	15	   -3.00	0	    1.00	0	10	5357805.00	-15	0	NULL
real	DL	714	21	15	   -1.00	1	   -1.00	1	11	5362893.00	15	7	NULL
real	OL	715	21	-15	   -3.00	0	    1.00	1	10	5372018.00	15	5	NULL
real	CL	716	21	-15	   -3.00	0	    1.00	1	12	5394341.00	15	7	NULL
real	EL	717	21	-15	   -1.00	1	   -1.00	0	9	  606.41	-3	7	NULL
real	IL	718	21	-15	   -1.00	1	   -1.00	1	11	5402081.00	-15	0	NULL
real	PR	719	21	15	    1.00	1	   -1.00	1	10	5410500.00	15	5	NULL
real	MR	720	21	-15	   -3.00	1	   -1.00	1	8	5414504.00	-3	0	NULL
real	LL	721	21	15	   -2.00	0	    1.00	1	8	5419237.00	15	0	NULL
real	QR	722	21	-15	   -3.00	0	    1.00	0	11	  567.77	-15	5	NULL
real	HR	723	21	15	    0.00	0	    1.00	1	11	  934.93	-3	5	NULL
real	FR	724	21	-15	   -4.00	0	    1.00	1	11	  525.34	-3	5	NULL
real	CR	725	21	-15	   -1.00	1	   -1.00	1	12	5458318.00	15	7	NULL
real	FL	726	21	-15	   -1.00	1	   -1.00	1	11	  520.06	-3	5	NULL
real	HL	727	21	15	   -1.00	0	    1.00	1	12	  570.79	-3	5	NULL
real	GR	728	21	15	    0.00	1	   -1.00	1	12	  625.30	-3	7	NULL
real	ER	729	21	-15	   -3.00	0	    1.00	1	11	  538.57	-3	7	NULL
real	IR	730	21	-15	   -2.00	0	    1.00	1	11	5482266.00	-15	0	NULL
real	DR	731	21	15	    0.00	1	   -1.00	1	10	5488605.00	15	7	NULL
real	PL	732	21	15	    0.00	1	   -1.00	0	7	5493395.00	15	5	NULL
real	QL	733	21	-15	    1.00	1	   -1.00	1	11	  466.67	-15	5	NULL
real	PL	734	22	15	   -1.00	1	   -1.00	0	7	5503023.00	15	5	NULL
real	AL	735	22	-15	   -2.00	0	    1.00	1	10	  713.72	-15	7	NULL
real	DL	736	22	15	   -2.00	0	    1.00	1	12	5513600.00	15	7	NULL
real	PR	737	22	15	    0.00	1	   -1.00	0	10	5517800.00	15	5	NULL
real	QL	738	22	-15	    0.00	1	   -1.00	0	11	  400.99	-15	5	NULL
real	JL	739	22	15	   -2.00	0	    1.00	0	10	5527302.00	-15	0	NULL
real	OL	740	22	-15	   -2.00	1	   -1.00	1	11	5532551.00	15	5	NULL
real	MR	741	22	-15	   -4.00	1	   -1.00	0	8	5537156.00	-3	0	NULL
real	QR	742	22	-15	   -2.00	1	   -1.00	1	12	  487.25	-15	5	NULL
real	FL	743	22	-15	   -2.00	1	   -1.00	0	11	  509.84	-3	5	NULL
real	IL	744	22	-15	   -2.00	1	   -1.00	0	11	5552642.00	-15	0	NULL
real	HR	745	22	15	    1.00	1	   -1.00	1	12	  451.84	-3	5	NULL
real	IR	746	22	-15	   -1.00	1	   -1.00	1	12	5565396.00	-15	0	NULL
real	ER	747	22	-15	   -2.00	1	   -1.00	1	12	  669.68	-3	7	NULL
real	LL	748	22	15	   -1.00	0	    1.00	0	8	5573832.00	15	0	NULL
real	EL	749	22	-15	   -2.00	1	   -1.00	0	9	  560.42	-3	7	NULL
real	FR	750	22	-15	   -3.00	0	    1.00	0	11	  591.63	-3	5	NULL
real	DR	751	22	15	   -1.00	0	    1.00	1	11	5588521.00	15	7	NULL
real	EL	752	23	-15	   -3.00	0	    1.00	1	10	  675.85	-3	7	NULL
real	FL	753	23	-15	   -3.00	1	   -1.00	0	11	 1056.04	-3	5	NULL
real	FR	754	23	-15	   -2.00	1	   -1.00	1	12	  619.91	-3	5	NULL
real	IL	755	23	-15	   -3.00	0	    1.00	1	12	5613111.00	-15	0	NULL
real	DR	756	23	15	    0.00	1	   -1.00	1	12	5617731.00	15	7	NULL
real	QL	757	23	-15	   -1.00	1	   -1.00	0	11	  707.64	-15	5	NULL
real	PL	758	23	15	   -2.00	0	    1.00	1	8	5626370.00	15	5	NULL
real	AL	759	23	-15	   -1.00	0	    1.00	0	10	  685.17	-15	7	NULL
real	MR	760	23	-15	   -5.00	0	    1.00	1	9	5638175.00	-3	0	NULL
real	OL	761	23	-15	   -3.00	0	    1.00	1	12	5643153.00	15	5	NULL
real	JL	762	23	15	   -1.00	1	   -1.00	1	11	5648091.00	-15	0	NULL
real	LL	763	23	15	    0.00	1	   -1.00	1	9	5652471.00	15	0	NULL
real	PR	764	23	15	   -1.00	0	    1.00	1	11	5662924.00	15	5	NULL
real	MR	765	24	-15	   -4.00	0	    1.00	0	9	5669016.00	-3	0	NULL
real	AL	766	24	-15	    0.00	1	   -1.00	1	11	  666.61	-15	7	NULL
real	JL	767	24	15	   -2.00	0	    1.00	1	12	5707454.00	-15	0	NULL
real	PR	768	24	15	    0.00	1	   -1.00	1	12	5718472.00	15	5	NULL
real	PL	769	24	15	   -1.00	0	    1.00	0	8	5723226.00	15	5	NULL
real	QL	770	24	-15	   -2.00	0	    1.00	1	12	  678.85	-15	5	NULL
real	LL	771	24	15	   -1.00	0	    1.00	1	10	5732860.00	15	0	NULL
real	FL	772	24	-15	   -4.00	0	    1.00	1	12	  652.21	-3	5	NULL
real	EL	773	24	-15	   -2.00	1	   -1.00	1	11	  797.71	-3	7	NULL
real	EL	774	25	-15	   -3.00	0	    1.00	1	12	  739.22	-3	7	NULL
real	MR	775	25	-15	   -3.00	1	   -1.00	1	10	5766750.00	-3	0	NULL
real	PL	776	25	15	    0.00	1	   -1.00	1	9	5778462.00	15	5	NULL
real	LL	777	25	15	    0.00	1	   -1.00	1	11	5783140.00	15	0	NULL
real	AL	778	25	-15	   -1.00	1	   -1.00	0	11	  689.77	-15	7	NULL
real	LL	779	26	15	   -1.00	0	    1.00	1	12	5791553.00	15	0	NULL
real	AL	780	26	-15	   -2.00	0	    1.00	1	12	  500.67	-15	7	NULL
real	MR	781	26	-15	   -4.00	0	    1.00	1	11	5864585.00	-3	0	NULL
real	PL	782	26	15	   -1.00	0	    1.00	1	10	5869864.00	15	5	NULL
real	PL	783	27	15	    0.00	1	   -1.00	1	11	5875508.00	15	5	NULL
real	MR	784	27	-15	   -3.00	0	    1.00	0	11	5884020.00	-3	0	NULL
real	PL	785	28	15	   -1.00	0	    1.00	1	12	5896355.00	15	5	NULL
real	MR	786	28	-15	   -2.00	1	   -1.00	1	12	5914339.00	-3	0	NULL
