TRIAL_TYPE	trial_variant	TRIAL_NUMBER	TRIAL_ITERATION_VAL	frame_tilt	rod_tilt	response	step_size	reversal	reversal_num	RT	probe_del	alpha_entrain_refreshes	rod_tilt_val
real	NL	1	1	15	  -20.00	1	   -8.00	0	0	525149.00	-3	0	NULL
real	ER	2	1	-15	   20.00	1	   -8.00	0	0	17849.67	-3	7	NULL
real	LL	3	1	15	  -20.00	0	    8.00	0	0	559806.00	15	0	NULL
real	CL	4	1	-15	  -20.00	0	    8.00	0	0	584906.00	15	7	NULL
real	OR	5	1	-15	   20.00	1	   -8.00	0	0	590959.00	15	5	NULL
real	RL	6	1	15	  -20.00	0	    8.00	0	0	 1185.44	-15	5	NULL
real	NR	7	1	15	   20.00	1	   -8.00	0	0	600883.00	-3	0	NULL
real	DR	8	1	15	   20.00	1	   -8.00	0	0	606018.00	15	7	NULL
real	HR	9	1	15	   20.00	1	   -8.00	0	0	  793.65	-3	5	NULL
real	KL	10	1	-15	  -20.00	0	    8.00	0	0	615466.00	15	0	NULL
real	GR	11	1	15	   20.00	1	   -8.00	0	0	 1124.75	-3	7	NULL
real	QL	12	1	-15	  -20.00	0	    8.00	0	0	  654.50	-15	5	NULL
real	QR	13	1	-15	   20.00	1	   -8.00	0	0	  912.02	-15	5	NULL
real	HL	14	1	15	  -20.00	0	    8.00	0	0	  771.62	-3	5	NULL
real	PL	15	1	15	  -20.00	0	    8.00	0	0	639245.00	15	5	NULL
real	FL	16	1	-15	  -20.00	0	    8.00	0	0	  586.78	-3	5	NULL
real	RR	17	1	15	   20.00	1	   -8.00	0	0	  647.47	-15	5	NULL
real	IL	18	1	-15	  -20.00	0	    8.00	0	0	651893.00	-15	0	NULL
real	ML	19	1	-15	  -20.00	0	    8.00	0	0	655886.00	-3	0	NULL
real	PR	20	1	15	   20.00	1	   -8.00	0	0	660190.00	15	5	NULL
real	AR	21	1	-15	   20.00	1	   -8.00	0	0	  700.47	-15	7	NULL
real	CR	22	1	-15	   20.00	1	   -8.00	0	0	673041.00	15	7	NULL
real	MR	23	1	-15	   20.00	1	   -8.00	0	0	678148.00	-3	0	NULL
real	KR	24	1	-15	   20.00	1	   -8.00	0	0	685738.00	15	0	NULL
real	BL	25	1	15	  -20.00	0	    8.00	0	0	  965.47	-15	7	NULL
real	EL	26	1	-15	  -20.00	0	    8.00	0	0	  731.01	-3	7	NULL
real	JR	27	1	15	   20.00	1	   -8.00	0	0	701681.00	-15	0	NULL
real	FR	28	1	-15	   20.00	1	   -8.00	0	0	  459.72	-3	5	NULL
real	IR	29	1	-15	   20.00	1	   -8.00	0	0	712221.00	-15	0	NULL
real	LR	30	1	15	   20.00	1	   -8.00	0	0	717883.00	15	0	NULL
real	JL	31	1	15	  -20.00	0	    8.00	0	0	722063.00	-15	0	NULL
real	BR	32	1	15	   20.00	1	   -8.00	0	0	  787.93	-15	7	NULL
real	AL	33	1	-15	  -20.00	0	    8.00	0	0	  577.04	-15	7	NULL
real	OL	34	1	-15	  -20.00	0	    8.00	0	0	735992.00	15	5	NULL
real	GL	35	1	15	  -20.00	0	    8.00	0	0	  941.48	-3	7	NULL
real	DL	36	1	15	  -20.00	0	    8.00	0	0	745694.00	15	7	NULL
real	QL	37	2	-15	  -12.00	0	    8.00	0	0	  770.12	-15	5	NULL
real	ER	38	2	-15	   12.00	1	   -8.00	0	0	  613.92	-3	7	NULL
real	GR	39	2	15	   12.00	1	   -8.00	0	0	  744.34	-3	7	NULL
real	MR	40	2	-15	   12.00	1	   -8.00	0	0	762163.00	-3	0	NULL
real	HR	41	2	15	   12.00	1	   -8.00	0	0	  747.02	-3	5	NULL
real	EL	42	2	-15	  -12.00	0	    8.00	0	0	  485.25	-3	7	NULL
real	FL	43	2	-15	  -12.00	0	    8.00	0	0	  582.35	-3	5	NULL
real	QR	44	2	-15	   12.00	1	   -8.00	0	0	  684.63	-15	5	NULL
real	GL	45	2	15	  -12.00	0	    8.00	0	0	  567.04	-3	7	NULL
real	LR	46	2	15	   12.00	1	   -8.00	0	0	790684.00	15	0	NULL
real	RL	47	2	15	  -12.00	0	    8.00	0	0	  718.83	-15	5	NULL
real	LL	48	2	15	  -12.00	0	    8.00	0	0	803678.00	15	0	NULL
real	RR	49	2	15	   12.00	1	   -8.00	0	0	  899.06	-15	5	NULL
real	JL	50	2	15	  -12.00	0	    8.00	0	0	813434.00	-15	0	NULL
real	NL	51	2	15	-20	0	    4.00	1	1	817631.00	-3	0	NULL
real	OL	52	2	-15	  -12.00	0	    8.00	0	0	821974.00	15	5	NULL
real	BL	53	2	15	  -12.00	0	    8.00	0	0	  668.44	-15	7	NULL
real	IL	54	2	-15	  -12.00	0	    8.00	0	0	831349.00	-15	0	NULL
real	PR	55	2	15	   12.00	1	   -8.00	0	0	835569.00	15	5	NULL
real	OR	56	2	-15	   12.00	1	   -8.00	0	0	840119.00	15	5	NULL
real	DL	57	2	15	  -12.00	0	    8.00	0	0	844694.00	15	7	NULL
real	CR	58	2	-15	   12.00	1	   -8.00	0	0	849588.00	15	7	NULL
real	IR	59	2	-15	   12.00	1	   -8.00	0	0	854780.00	-15	0	NULL
real	BR	60	2	15	   12.00	1	   -8.00	0	0	  733.27	-15	7	NULL
real	HL	61	2	15	  -12.00	0	    8.00	0	0	  483.17	-3	5	NULL
real	KR	62	2	-15	   12.00	1	   -8.00	0	0	870167.00	15	0	NULL
real	DR	63	2	15	   12.00	1	   -8.00	0	0	878154.00	15	7	NULL
real	PL	64	2	15	  -12.00	0	    8.00	0	0	885323.00	15	5	NULL
real	AL	65	2	-15	  -12.00	0	    8.00	0	0	  641.71	-15	7	NULL
real	JR	66	2	15	   12.00	1	   -8.00	0	0	894294.00	-15	0	NULL
real	AR	67	2	-15	   12.00	1	   -8.00	0	0	 1064.84	-15	7	NULL
real	FR	68	2	-15	   12.00	1	   -8.00	0	0	  595.27	-3	5	NULL
real	CL	69	2	-15	  -12.00	0	    8.00	0	0	915134.00	15	7	NULL
real	KL	70	2	-15	  -12.00	0	    8.00	0	0	919670.00	15	0	NULL
real	NR	71	2	15	   12.00	1	   -8.00	0	0	924821.00	-3	0	NULL
real	ML	72	2	-15	  -12.00	0	    8.00	0	0	929310.00	-3	0	NULL
real	FL	73	3	-15	   -4.00	0	    8.00	0	0	  681.30	-3	5	NULL
real	PL	74	3	15	   -4.00	0	    8.00	0	0	937679.00	15	5	NULL
real	AR	75	3	-15	    4.00	1	   -8.00	0	0	  640.71	-15	7	NULL
real	RL	76	3	15	   -4.00	0	    8.00	0	0	  638.15	-15	5	NULL
real	OL	77	3	-15	   -4.00	0	    8.00	0	0	953366.00	15	5	NULL
real	BL	78	3	15	   -4.00	0	    8.00	0	0	  545.94	-15	7	NULL
real	BR	79	3	15	    4.00	1	   -8.00	0	0	  602.79	-15	7	NULL
real	KL	80	3	-15	   -4.00	0	    8.00	0	0	968880.00	15	0	NULL
real	IR	81	3	-15	    4.00	1	   -8.00	0	0	973150.00	-15	0	NULL
real	HL	82	3	15	   -4.00	0	    8.00	0	0	  592.90	-3	5	NULL
real	GR	83	3	15	    4.00	0	    4.00	1	1	  731.52	-3	7	NULL
real	LR	84	3	15	    4.00	1	   -8.00	0	0	989885.00	15	0	NULL
real	JR	85	3	15	    4.00	1	   -8.00	0	0	994114.00	-15	0	NULL
real	IL	86	3	-15	   -4.00	0	    8.00	0	0	1001891.00	-15	0	NULL
real	HR	87	3	15	    4.00	1	   -8.00	0	0	 1451.01	-3	5	NULL
real	DR	88	3	15	    4.00	1	   -8.00	0	0	1016077.00	15	7	NULL
real	NR	89	3	15	    4.00	1	   -8.00	0	0	1023995.00	-3	0	NULL
real	AL	90	3	-15	   -4.00	0	    8.00	0	0	  737.98	-15	7	NULL
real	DL	91	3	15	   -4.00	0	    8.00	0	0	1034364.00	15	7	NULL
real	MR	92	3	-15	    4.00	1	   -8.00	0	0	1038636.00	-3	0	NULL
real	CL	93	3	-15	   -4.00	0	    8.00	0	0	1043104.00	15	7	NULL
real	QL	94	3	-15	   -4.00	0	    8.00	0	0	  497.72	-15	5	NULL
real	RR	95	3	15	    4.00	1	   -8.00	0	0	  515.11	-15	5	NULL
real	JL	96	3	15	   -4.00	0	    8.00	0	0	1056573.00	-15	0	NULL
real	OR	97	3	-15	    4.00	1	   -8.00	0	0	1061330.00	15	5	NULL
real	ER	98	3	-15	    4.00	1	   -8.00	0	0	  494.44	-3	7	NULL
real	EL	99	3	-15	   -4.00	0	    8.00	0	0	  874.33	-3	7	NULL
real	CR	100	3	-15	    4.00	1	   -8.00	0	0	1075419.00	15	7	NULL
real	GL	101	3	15	   -4.00	0	    8.00	0	0	  431.39	-3	7	NULL
real	PR	102	3	15	    4.00	1	   -8.00	0	0	1084769.00	15	5	NULL
real	LL	103	3	15	   -4.00	0	    8.00	0	0	1089510.00	15	0	NULL
real	NL	104	3	15	  -16.00	0	    4.00	0	1	1102428.00	-3	0	NULL
real	FR	105	3	-15	    4.00	1	   -8.00	0	0	  492.54	-3	5	NULL
real	QR	106	3	-15	    4.00	1	   -8.00	0	0	  474.51	-15	5	NULL
real	KR	107	3	-15	    4.00	1	   -8.00	0	0	1116755.00	15	0	NULL
real	ML	108	3	-15	   -4.00	0	    8.00	0	0	1122184.00	-3	0	NULL
real	OL	109	4	-15	    4.00	1	   -4.00	1	1	1127216.00	15	5	NULL
real	NL	110	4	15	  -12.00	0	    4.00	0	1	1132075.00	-3	0	NULL
real	GR	111	4	15	    8.00	1	   -2.00	1	2	  695.05	-3	7	NULL
real	MR	112	4	-15	   -4.00	0	    4.00	1	1	1146052.00	-3	0	NULL
real	QL	113	4	-15	    4.00	1	   -4.00	1	1	  720.90	-15	5	NULL
real	DL	114	4	15	    4.00	1	   -4.00	1	1	1156283.00	15	7	NULL
real	QR	115	4	-15	   -4.00	0	    4.00	1	1	  825.21	-15	5	NULL
real	GL	116	4	15	    4.00	0	    8.00	0	0	  644.42	-3	7	NULL
real	JR	117	4	15	   -4.00	0	    4.00	1	1	1178313.00	-15	0	NULL
real	LR	118	4	15	   -4.00	0	    4.00	1	1	1185516.00	15	0	NULL
real	IL	119	4	-15	    4.00	1	   -4.00	1	1	1190650.00	-15	0	NULL
real	PR	120	4	15	   -4.00	0	    4.00	1	1	1196820.00	15	5	NULL
real	BL	121	4	15	    4.00	1	   -4.00	1	1	  573.55	-15	7	NULL
real	JL	122	4	15	    4.00	1	   -4.00	1	1	1206236.00	-15	0	NULL
real	AR	123	4	-15	   -4.00	0	    4.00	1	1	  669.29	-15	7	NULL
real	IR	124	4	-15	   -4.00	0	    4.00	1	1	1219292.00	-15	0	NULL
real	FR	125	4	-15	   -4.00	0	    4.00	1	1	  566.40	-3	5	NULL
real	HR	126	4	15	   -4.00	0	    4.00	1	1	 1250.02	-3	5	NULL
real	KR	127	4	-15	   -4.00	0	    4.00	1	1	1241947.00	15	0	NULL
real	KL	128	4	-15	    4.00	1	   -4.00	1	1	1247176.00	15	0	NULL
real	ML	129	4	-15	    4.00	1	   -4.00	1	1	1251708.00	-3	0	NULL
real	HL	130	4	15	    4.00	1	   -4.00	1	1	  932.96	-3	5	NULL
real	AL	131	4	-15	    4.00	1	   -4.00	1	1	  735.89	-15	7	NULL
real	RL	132	4	15	    4.00	1	   -4.00	1	1	  769.01	-15	5	NULL
real	CL	133	4	-15	    4.00	1	   -4.00	1	1	1272760.00	15	7	NULL
real	ER	134	4	-15	   -4.00	0	    4.00	1	1	  668.60	-3	7	NULL
real	NR	135	4	15	   -4.00	0	    4.00	1	1	1282264.00	-3	0	NULL
real	OR	136	4	-15	   -4.00	0	    4.00	1	1	1287262.00	15	5	NULL
real	RR	137	4	15	   -4.00	0	    4.00	1	1	  455.60	-15	5	NULL
real	FL	138	4	-15	    4.00	1	   -4.00	1	1	  559.24	-3	5	NULL
real	LL	139	4	15	    4.00	1	   -4.00	1	1	1305831.00	15	0	NULL
real	BR	140	4	15	   -4.00	0	    4.00	1	1	  785.75	-15	7	NULL
real	PL	141	4	15	    4.00	1	   -4.00	1	1	1333845.00	15	5	NULL
real	CR	142	4	-15	   -4.00	0	    4.00	1	1	1338296.00	15	7	NULL
real	DR	143	4	15	   -4.00	0	    4.00	1	1	1343098.00	15	7	NULL
real	EL	144	4	-15	    4.00	1	   -4.00	1	1	  586.56	-3	7	NULL
real	KR	145	5	-15	    0.00	1	   -2.00	1	2	1356293.00	15	0	NULL
real	DR	146	5	15	    0.00	0	    4.00	0	1	1361623.00	15	7	NULL
real	NR	147	5	15	    0.00	0	    4.00	0	1	1370232.00	-3	0	NULL
real	FR	148	5	-15	    0.00	1	   -2.00	1	2	  756.46	-3	5	NULL
real	GR	149	5	15	    6.00	1	   -2.00	0	2	  581.92	-3	7	NULL
real	LL	150	5	15	    0.00	0	    2.00	1	2	1406458.00	15	0	NULL
real	JR	151	5	15	    0.00	0	    4.00	0	1	1410910.00	-15	0	NULL
real	RR	152	5	15	    0.00	0	    4.00	0	1	  868.75	-15	5	NULL
real	KL	153	5	-15	    0.00	0	    2.00	1	2	1433482.00	15	0	NULL
real	NL	154	5	15	   -8.00	0	    4.00	0	1	1437729.00	-3	0	NULL
real	IR	155	5	-15	    0.00	0	    4.00	0	1	1441896.00	-15	0	NULL
real	ER	156	5	-15	    0.00	1	   -2.00	1	2	  708.10	-3	7	NULL
real	AL	157	5	-15	    0.00	0	    2.00	1	2	  643.66	-15	7	NULL
real	LR	158	5	15	    0.00	0	    4.00	0	1	1467600.00	15	0	NULL
real	OL	159	5	-15	    0.00	0	    2.00	1	2	1476996.00	15	5	NULL
real	FL	160	5	-15	    0.00	0	    2.00	1	2	  742.71	-3	5	NULL
real	RL	161	5	15	    0.00	0	    2.00	1	2	 1254.17	-15	5	NULL
real	JL	162	5	15	    0.00	0	    2.00	1	2	1499499.00	-15	0	NULL
real	AR	163	5	-15	    0.00	0	    4.00	0	1	 1580.67	-15	7	NULL
real	ML	164	5	-15	    0.00	0	    2.00	1	2	1548900.00	-3	0	NULL
real	GL	165	5	15	   12.00	1	   -4.00	1	1	  470.73	-3	7	NULL
real	BR	166	5	15	    0.00	0	    4.00	0	1	  663.47	-15	7	NULL
real	DL	167	5	15	    0.00	0	    2.00	1	2	1565024.00	15	7	NULL
real	OR	168	5	-15	    0.00	0	    4.00	0	1	1570715.00	15	5	NULL
real	EL	169	5	-15	    0.00	0	    2.00	1	2	 1254.94	-3	7	NULL
real	CL	170	5	-15	    0.00	0	    2.00	1	2	1582299.00	15	7	NULL
real	CR	171	5	-15	    0.00	0	    4.00	0	1	1587486.00	15	7	NULL
real	PL	172	5	15	    0.00	0	    2.00	1	2	1601000.00	15	5	NULL
real	IL	173	5	-15	    0.00	0	    2.00	1	2	1605536.00	-15	0	NULL
real	PR	174	5	15	    0.00	0	    4.00	0	1	1613668.00	15	5	NULL
real	QL	175	5	-15	    0.00	0	    2.00	1	2	  627.19	-15	5	NULL
real	BL	176	5	15	    0.00	0	    2.00	1	2	  632.03	-15	7	NULL
real	MR	177	5	-15	    0.00	0	    4.00	0	1	1626706.00	-3	0	NULL
real	HL	178	5	15	    0.00	0	    2.00	1	2	  489.41	-3	5	NULL
real	HR	179	5	15	    0.00	0	    4.00	0	1	 1368.25	-3	5	NULL
real	QR	180	5	-15	    0.00	0	    4.00	0	1	 1496.81	-15	5	NULL
real	KL	181	6	-15	    2.00	1	   -1.00	1	3	1668896.00	15	0	NULL
real	DL	182	6	15	    2.00	1	   -1.00	1	3	1673682.00	15	7	NULL
real	OR	183	6	-15	    4.00	1	   -2.00	1	2	1678473.00	15	5	NULL
real	LR	184	6	15	    4.00	1	   -2.00	1	2	1683589.00	15	0	NULL
real	JR	185	6	15	    4.00	1	   -2.00	1	2	1688523.00	-15	0	NULL
real	AL	186	6	-15	    2.00	1	   -1.00	1	3	  413.20	-15	7	NULL
real	BR	187	6	15	    4.00	1	   -2.00	1	2	  592.74	-15	7	NULL
real	IL	188	6	-15	    2.00	1	   -1.00	1	3	1716586.00	-15	0	NULL
real	BL	189	6	15	    2.00	1	   -1.00	1	3	  771.08	-15	7	NULL
real	IR	190	6	-15	    4.00	1	   -2.00	1	2	1729296.00	-15	0	NULL
real	PR	191	6	15	    4.00	1	   -2.00	1	2	1734239.00	15	5	NULL
real	KR	192	6	-15	   -2.00	0	    1.00	1	3	1742163.00	15	0	NULL
real	ER	193	6	-15	   -2.00	0	    1.00	1	3	  599.90	-3	7	NULL
real	HL	194	6	15	    2.00	0	    2.00	0	2	  580.44	-3	5	NULL
real	CR	195	6	-15	    4.00	1	   -2.00	1	2	1769548.00	15	7	NULL
real	HR	196	6	15	    4.00	1	   -2.00	1	2	  699.23	-3	5	NULL
real	RR	197	6	15	    4.00	1	   -2.00	1	2	  503.02	-15	5	NULL
real	QL	198	6	-15	    2.00	1	   -1.00	1	3	  785.86	-15	5	NULL
real	AR	199	6	-15	    4.00	1	   -2.00	1	2	  759.64	-15	7	NULL
real	PL	200	6	15	    2.00	0	    2.00	0	2	1817912.00	15	5	NULL
real	QR	201	6	-15	    4.00	1	   -2.00	1	2	  517.39	-15	5	NULL
real	DR	202	6	15	    4.00	1	   -2.00	1	2	1826994.00	15	7	NULL
real	LL	203	6	15	    2.00	1	   -1.00	1	3	1831539.00	15	0	NULL
real	FR	204	6	-15	   -2.00	0	    1.00	1	3	  888.47	-3	5	NULL
real	RL	205	6	15	    2.00	1	   -1.00	1	3	  669.79	-15	5	NULL
real	GL	206	6	15	    8.00	1	   -4.00	0	1	  453.01	-3	7	NULL
real	FL	207	6	-15	    2.00	1	   -1.00	1	3	  469.17	-3	5	NULL
real	GR	208	6	15	    4.00	1	   -2.00	0	2	  616.09	-3	7	NULL
real	NL	209	6	15	   -4.00	0	    4.00	0	1	1870670.00	-3	0	NULL
real	ML	210	6	-15	    2.00	1	   -1.00	1	3	1875036.00	-3	0	NULL
real	CL	211	6	-15	    2.00	1	   -1.00	1	3	1883607.00	15	7	NULL
real	MR	212	6	-15	    4.00	1	   -2.00	1	2	1890951.00	-3	0	NULL
real	JL	213	6	15	    2.00	1	   -1.00	1	3	1897904.00	-15	0	NULL
real	EL	214	6	-15	    2.00	1	   -1.00	1	3	  598.89	-3	7	NULL
real	NR	215	6	15	    4.00	1	   -2.00	1	2	1910525.00	-3	0	NULL
real	OL	216	6	-15	    2.00	1	   -1.00	1	3	1914822.00	15	5	NULL
real	OL	217	7	-15	    1.00	1	   -1.00	0	3	1920470.00	15	5	NULL
real	FL	218	7	-15	    1.00	1	   -1.00	0	3	  523.96	-3	5	NULL
real	PL	219	7	15	    4.00	1	   -1.00	1	3	1939519.00	15	5	NULL
real	QR	220	7	-15	    2.00	1	   -2.00	0	2	  753.02	-15	5	NULL
real	IL	221	7	-15	    1.00	1	   -1.00	0	3	1952224.00	-15	0	NULL
real	ML	222	7	-15	    1.00	1	   -1.00	0	3	1964571.00	-3	0	NULL
real	JL	223	7	15	    1.00	0	    1.00	1	4	1970507.00	-15	0	NULL
real	BL	224	7	15	    1.00	0	    1.00	1	4	  748.50	-15	7	NULL
real	CL	225	7	-15	    1.00	0	    1.00	1	4	1983796.00	15	7	NULL
real	RR	226	7	15	    2.00	1	   -2.00	0	2	  933.70	-15	5	NULL
real	ER	227	7	-15	   -1.00	0	    1.00	0	3	  692.70	-3	7	NULL
real	LR	228	7	15	    2.00	0	    1.00	1	3	2012656.00	15	0	NULL
real	KL	229	7	-15	    1.00	0	    1.00	1	4	2019245.00	15	0	NULL
real	EL	230	7	-15	    1.00	1	   -1.00	0	3	  611.16	-3	7	NULL
real	FR	231	7	-15	   -1.00	0	    1.00	0	3	  733.27	-3	5	NULL
real	BR	232	7	15	    2.00	1	   -2.00	0	2	  566.07	-15	7	NULL
real	DL	233	7	15	    1.00	0	    1.00	1	4	2040433.00	15	7	NULL
real	QL	234	7	-15	    1.00	0	    1.00	1	4	  490.81	-15	5	NULL
real	PR	235	7	15	    2.00	1	   -2.00	0	2	2054200.00	15	5	NULL
real	DR	236	7	15	    2.00	1	   -2.00	0	2	2058978.00	15	7	NULL
real	JR	237	7	15	    2.00	1	   -2.00	0	2	2077561.00	-15	0	NULL
real	MR	238	7	-15	    2.00	1	   -2.00	0	2	2082018.00	-3	0	NULL
real	NR	239	7	15	    2.00	0	    1.00	1	3	2086512.00	-3	0	NULL
real	OR	240	7	-15	    2.00	1	   -2.00	0	2	2094736.00	15	5	NULL
real	AR	241	7	-15	    2.00	1	   -2.00	0	2	  677.95	-15	7	NULL
real	NL	242	7	15	    0.00	0	    4.00	0	1	2103110.00	-3	0	NULL
real	CR	243	7	-15	    2.00	1	   -2.00	0	2	2123707.00	15	7	NULL
real	HL	244	7	15	    4.00	1	   -1.00	1	3	  792.82	-3	5	NULL
real	AL	245	7	-15	    1.00	1	   -1.00	0	3	  777.33	-15	7	NULL
real	GR	246	7	15	    2.00	0	    1.00	1	3	  569.73	-3	7	NULL
real	KR	247	7	-15	   -1.00	0	    1.00	0	3	2147678.00	15	0	NULL
real	HR	248	7	15	    2.00	0	    1.00	1	3	  618.16	-3	5	NULL
real	GL	249	7	15	    4.00	1	   -4.00	0	1	  441.06	-3	7	NULL
real	LL	250	7	15	    1.00	0	    1.00	1	4	2160587.00	15	0	NULL
real	RL	251	7	15	    1.00	0	    1.00	1	4	 1523.89	-15	5	NULL
real	IR	252	7	-15	    2.00	1	   -2.00	0	2	2190843.00	-15	0	NULL
real	HR	253	8	15	    3.00	0	    1.00	0	3	  708.71	-3	5	NULL
real	ML	254	8	-15	    0.00	1	   -1.00	0	3	2203054.00	-3	0	NULL
real	FR	255	8	-15	    0.00	1	   -1.00	1	4	  562.34	-3	5	NULL
real	IR	256	8	-15	    0.00	0	    1.00	1	3	2213245.00	-15	0	NULL
real	LR	257	8	15	    3.00	1	   -1.00	1	4	2218427.00	15	0	NULL
real	PL	258	8	15	    3.00	1	   -1.00	0	3	2223621.00	15	5	NULL
real	HL	259	8	15	    3.00	1	   -1.00	0	3	  644.34	-3	5	NULL
real	NL	260	8	15	    4.00	1	   -2.00	1	2	2247419.00	-3	0	NULL
real	ER	261	8	-15	    0.00	0	    1.00	0	3	  589.44	-3	7	NULL
real	QR	262	8	-15	    0.00	0	    1.00	1	3	  844.17	-15	5	NULL
real	PR	263	8	15	    0.00	0	    1.00	1	3	2264984.00	15	5	NULL
real	QL	264	8	-15	    2.00	1	   -1.00	1	5	  939.11	-15	5	NULL
real	LL	265	8	15	    2.00	1	   -1.00	1	5	2291256.00	15	0	NULL
real	MR	266	8	-15	    0.00	1	   -2.00	0	2	2295898.00	-3	0	NULL
real	AR	267	8	-15	    0.00	0	    1.00	1	3	  779.50	-15	7	NULL
real	OL	268	8	-15	    0.00	0	    1.00	1	4	2317762.00	15	5	NULL
real	JL	269	8	15	    2.00	0	    1.00	0	4	2321660.00	-15	0	NULL
real	OR	270	8	-15	    0.00	0	    1.00	1	3	2329083.00	15	5	NULL
real	NR	271	8	15	    3.00	1	   -1.00	1	4	2333914.00	-3	0	NULL
real	KR	272	8	-15	    0.00	0	    1.00	0	3	2347665.00	15	0	NULL
real	EL	273	8	-15	    0.00	0	    1.00	1	4	  648.75	-3	7	NULL
real	JR	274	8	15	    0.00	0	    1.00	1	3	2378277.00	-15	0	NULL
real	BL	275	8	15	    2.00	1	   -1.00	1	5	  817.34	-15	7	NULL
real	IL	276	8	-15	    0.00	1	   -1.00	0	3	2387328.00	-15	0	NULL
real	GR	277	8	15	    3.00	1	   -1.00	1	4	  648.14	-3	7	NULL
real	RR	278	8	15	    0.00	0	    1.00	1	3	  511.72	-15	5	NULL
real	GL	279	8	15	    0.00	0	    2.00	1	2	  465.71	-3	7	NULL
real	DR	280	8	15	    0.00	0	    1.00	1	3	2426459.00	15	7	NULL
real	BR	281	8	15	    0.00	0	    1.00	1	3	  580.44	-15	7	NULL
real	CL	282	8	-15	    2.00	0	    1.00	0	4	2510622.00	15	7	NULL
real	FL	283	8	-15	    0.00	0	    1.00	1	4	  791.51	-3	5	NULL
real	KL	284	8	-15	    2.00	1	   -1.00	1	5	2534973.00	15	0	NULL
real	AL	285	8	-15	    0.00	0	    1.00	1	4	 1625.28	-15	7	NULL
real	DL	286	8	15	    2.00	0	    1.00	0	4	2562540.00	15	7	NULL
real	CR	287	8	-15	    0.00	0	    1.00	1	3	2568408.00	15	7	NULL
real	RL	288	8	15	    2.00	1	   -1.00	1	5	  646.27	-15	5	NULL
real	KL	289	9	-15	    1.00	1	   -1.00	0	5	2577058.00	15	0	NULL
real	MR	290	9	-15	   -2.00	0	    1.00	1	3	2581523.00	-3	0	NULL
real	FR	291	9	-15	   -1.00	0	    1.00	1	5	  725.72	-3	5	NULL
real	GL	292	9	15	    2.00	0	    2.00	0	2	  982.23	-3	7	NULL
real	ER	293	9	-15	    1.00	1	   -1.00	1	4	  605.36	-3	7	NULL
real	NL	294	9	15	    2.00	0	    1.00	1	3	2602671.00	-3	0	NULL
real	DL	295	9	15	    3.00	1	   -1.00	1	5	2611321.00	15	7	NULL
real	OR	296	9	-15	    1.00	1	   -1.00	1	4	2615795.00	15	5	NULL
real	CL	297	9	-15	    3.00	1	   -1.00	1	5	2620187.00	15	7	NULL
real	LR	298	9	15	    2.00	0	    1.00	1	5	2627829.00	15	0	NULL
real	FL	299	9	-15	    1.00	1	   -1.00	1	5	  478.86	-3	5	NULL
real	CR	300	9	-15	    1.00	1	   -1.00	1	4	2639510.00	15	7	NULL
real	HR	301	9	15	    4.00	1	   -1.00	1	4	  413.20	-3	5	NULL
real	RR	302	9	15	    1.00	1	   -1.00	1	4	  753.12	-15	5	NULL
real	ML	303	9	-15	   -1.00	0	    1.00	1	4	2655969.00	-3	0	NULL
real	JL	304	9	15	    3.00	1	   -1.00	1	5	2660242.00	-15	0	NULL
real	QL	305	9	-15	    1.00	1	   -1.00	0	5	  835.35	-15	5	NULL
real	GR	306	9	15	    2.00	1	   -1.00	0	4	  396.91	-3	7	NULL
real	OL	307	9	-15	    1.00	0	    1.00	0	4	2672973.00	15	5	NULL
real	AR	308	9	-15	    1.00	0	    1.00	0	3	  570.58	-15	7	NULL
real	NR	309	9	15	    2.00	0	    1.00	1	5	2690462.00	-3	0	NULL
real	PR	310	9	15	    1.00	0	    1.00	0	3	2699197.00	15	5	NULL
real	JR	311	9	15	    1.00	0	    1.00	0	3	2709841.00	-15	0	NULL
real	QR	312	9	-15	    1.00	0	    1.00	0	3	  609.41	-15	5	NULL
real	RL	313	9	15	    1.00	1	   -1.00	0	5	  682.75	-15	5	NULL
real	AL	314	9	-15	    1.00	1	   -1.00	1	5	  834.66	-15	7	NULL
real	PL	315	9	15	    2.00	1	   -1.00	0	3	2734743.00	15	5	NULL
real	BL	316	9	15	    1.00	1	   -1.00	0	5	  715.11	-15	7	NULL
real	DR	317	9	15	    1.00	0	    1.00	0	3	2772506.00	15	7	NULL
real	KR	318	9	-15	    1.00	0	    1.00	0	3	2790161.00	15	0	NULL
real	IL	319	9	-15	   -1.00	0	    1.00	1	4	2797065.00	-15	0	NULL
real	EL	320	9	-15	    1.00	1	   -1.00	1	5	  593.97	-3	7	NULL
real	HL	321	9	15	    2.00	0	    1.00	1	4	  634.11	-3	5	NULL
real	LL	322	9	15	    1.00	0	    1.00	1	6	2831952.00	15	0	NULL
real	IR	323	9	-15	    1.00	1	   -1.00	1	4	2837020.00	-15	0	NULL
real	BR	324	9	15	    1.00	1	   -1.00	1	4	 1507.01	-15	7	NULL
real	ML	325	10	-15	    0.00	0	    1.00	0	4	2849645.00	-3	0	NULL
real	KL	326	10	-15	    0.00	0	    1.00	1	6	2854320.00	15	0	NULL
real	HR	327	10	15	    3.00	0	    1.00	1	5	  678.11	-3	5	NULL
real	NR	328	10	15	    3.00	1	   -1.00	1	6	2912161.00	-3	0	NULL
real	IL	329	10	-15	    0.00	0	    1.00	0	4	2917002.00	-15	0	NULL
real	MR	330	10	-15	   -1.00	0	    1.00	0	3	2921534.00	-3	0	NULL
real	LL	331	10	15	    2.00	1	   -1.00	1	7	2937383.00	15	0	NULL
real	DL	332	10	15	    2.00	1	   -1.00	0	5	2942297.00	15	7	NULL
real	QL	333	10	-15	    0.00	0	    1.00	1	6	 1199.16	-15	5	NULL
real	CR	334	10	-15	    0.00	0	    1.00	1	5	3007995.00	15	7	NULL
real	QR	335	10	-15	    2.00	1	   -1.00	1	4	  706.77	-15	5	NULL
real	LR	336	10	15	    3.00	1	   -1.00	1	6	3125882.00	15	0	NULL
real	KR	337	10	-15	    2.00	1	   -1.00	1	4	3130426.00	15	0	NULL
real	HL	338	10	15	    3.00	1	   -1.00	1	5	  405.00	-3	5	NULL
real	BL	339	10	15	    0.00	0	    1.00	1	6	  470.43	-15	7	NULL
real	PR	340	10	15	    2.00	0	    1.00	0	3	3143351.00	15	5	NULL
real	OL	341	10	-15	    2.00	1	   -1.00	1	5	3147754.00	15	5	NULL
real	GR	342	10	15	    1.00	0	    1.00	1	5	  437.98	-3	7	NULL
real	JL	343	10	15	    2.00	1	   -1.00	0	5	3155916.00	-15	0	NULL
real	FL	344	10	-15	    0.00	0	    1.00	1	6	  622.22	-3	5	NULL
real	CL	345	10	-15	    2.00	1	   -1.00	0	5	3164688.00	15	7	NULL
real	JR	346	10	15	    2.00	1	   -1.00	1	4	3169140.00	-15	0	NULL
real	RR	347	10	15	    0.00	0	    1.00	1	5	  437.98	-15	5	NULL
real	IR	348	10	-15	    0.00	0	    1.00	1	5	3177003.00	-15	0	NULL
real	PL	349	10	15	    1.00	0	    1.00	1	4	3181330.00	15	5	NULL
real	EL	350	10	-15	    0.00	0	    1.00	1	6	  474.05	-3	7	NULL
real	RL	351	10	15	    0.00	0	    1.00	1	6	  453.64	-15	5	NULL
real	FR	352	10	-15	    0.00	1	   -1.00	1	6	  437.00	-3	5	NULL
real	BR	353	10	15	    0.00	0	    1.00	1	5	  426.40	-15	7	NULL
real	AR	354	10	-15	    2.00	1	   -1.00	1	4	  675.96	-15	7	NULL
real	OR	355	10	-15	    0.00	1	   -1.00	0	4	3206579.00	15	5	NULL
real	DR	356	10	15	    2.00	0	    1.00	0	3	3210659.00	15	7	NULL
real	AL	357	10	-15	    0.00	0	    1.00	1	6	  517.93	-15	7	NULL
real	GL	358	10	15	    4.00	1	   -1.00	1	3	  374.39	-3	7	NULL
real	NL	359	10	15	    3.00	1	   -1.00	1	4	3222657.00	-3	0	NULL
real	ER	360	10	-15	    0.00	0	    1.00	1	5	  505.59	-3	7	NULL
real	ER	361	11	-15	    1.00	1	   -1.00	1	6	  497.84	-3	7	NULL
real	OL	362	11	-15	    1.00	0	    1.00	1	6	3236955.00	15	5	NULL
real	KL	363	11	-15	    1.00	1	   -1.00	1	7	3241249.00	15	0	NULL
real	BR	364	11	15	    1.00	0	    1.00	0	5	  542.54	-15	7	NULL
real	LR	365	11	15	    2.00	0	    1.00	1	7	3250593.00	15	0	NULL
real	OR	366	11	-15	   -1.00	0	    1.00	1	5	3255671.00	15	5	NULL
real	LL	367	11	15	    1.00	0	    1.00	1	8	3261091.00	15	0	NULL
real	AR	368	11	-15	    1.00	0	    1.00	1	5	  807.10	-15	7	NULL
real	HL	369	11	15	    2.00	0	    1.00	1	6	  562.73	-3	5	NULL
real	PR	370	11	15	    3.00	1	   -1.00	1	4	3275396.00	15	5	NULL
real	EL	371	11	-15	    1.00	1	   -1.00	1	7	  487.62	-3	7	NULL
real	NL	372	11	15	    2.00	1	   -1.00	0	4	3284822.00	-3	0	NULL
real	IR	373	11	-15	    1.00	1	   -1.00	1	6	3289130.00	-15	0	NULL
real	QL	374	11	-15	    1.00	0	    1.00	0	6	 1047.95	-15	5	NULL
real	JR	375	11	15	    1.00	1	   -1.00	0	4	3305410.00	-15	0	NULL
real	KR	376	11	-15	    1.00	0	    1.00	1	5	3310659.00	15	0	NULL
real	GR	377	11	15	    2.00	0	    1.00	0	5	  568.67	-3	7	NULL
real	CR	378	11	-15	    1.00	0	    1.00	0	5	3319924.00	15	7	NULL
real	RR	379	11	15	    1.00	0	    1.00	0	5	  469.55	-15	5	NULL
real	RL	380	11	15	    1.00	0	    1.00	0	6	  630.58	-15	5	NULL
real	DR	381	11	15	    3.00	1	   -1.00	1	4	3342021.00	15	7	NULL
real	AL	382	11	-15	    1.00	1	   -1.00	1	7	  911.83	-15	7	NULL
real	CL	383	11	-15	    1.00	1	   -1.00	0	5	3359183.00	15	7	NULL
real	JL	384	11	15	    1.00	1	   -1.00	0	5	3363424.00	-15	0	NULL
real	BL	385	11	15	    1.00	1	   -1.00	1	7	  458.84	-15	7	NULL
real	NR	386	11	15	    2.00	1	   -1.00	0	6	3371768.00	-3	0	NULL
real	MR	387	11	-15	    0.00	1	   -1.00	1	4	3375670.00	-3	0	NULL
real	PL	388	11	15	    2.00	0	    1.00	0	4	3380340.00	15	5	NULL
real	IL	389	11	-15	    1.00	0	    1.00	0	4	3384418.00	-15	0	NULL
real	FL	390	11	-15	    1.00	1	   -1.00	1	7	  451.69	-3	5	NULL
real	FR	391	11	-15	   -1.00	0	    1.00	1	7	  416.98	-3	5	NULL
real	DL	392	11	15	    1.00	0	    1.00	1	6	3398889.00	15	7	NULL
real	ML	393	11	-15	    1.00	1	   -1.00	1	5	3403045.00	-3	0	NULL
real	QR	394	11	-15	    1.00	0	    1.00	1	5	  689.24	-15	5	NULL
real	GL	395	11	15	    3.00	1	   -1.00	0	3	  433.21	-3	7	NULL
real	HR	396	11	15	    4.00	1	   -1.00	1	6	  491.50	-3	5	NULL
real	QL	397	12	-15	    2.00	1	   -1.00	1	7	  474.54	-15	5	NULL
real	AR	398	12	-15	    2.00	1	   -1.00	1	6	  380.90	-15	7	NULL
real	ER	399	12	-15	    0.00	1	   -1.00	0	6	  365.05	-3	7	NULL
real	HL	400	12	15	    3.00	1	   -1.00	1	7	  666.03	-3	5	NULL
real	AL	401	12	-15	    0.00	0	    1.00	1	8	  454.84	-15	7	NULL
real	DR	402	12	15	    2.00	0	    1.00	1	5	3583847.00	15	7	NULL
real	JL	403	12	15	    0.00	0	    1.00	1	6	3587710.00	-15	0	NULL
real	KR	404	12	-15	    2.00	1	   -1.00	1	6	3591911.00	15	0	NULL
real	KL	405	12	-15	    0.00	0	    1.00	1	8	3599457.00	15	0	NULL
real	LL	406	12	15	    2.00	1	   -1.00	1	9	3603968.00	15	0	NULL
real	BR	407	12	15	    2.00	1	   -1.00	1	6	  520.35	-15	7	NULL
real	NL	408	12	15	    1.00	0	    1.00	1	5	3611925.00	-3	0	NULL
real	OR	409	12	-15	    0.00	0	    1.00	0	5	3616072.00	15	5	NULL
real	PL	410	12	15	    3.00	1	   -1.00	1	5	3620251.00	15	5	NULL
real	CL	411	12	-15	    0.00	0	    1.00	1	6	3624403.00	15	7	NULL
real	RR	412	12	15	    2.00	1	   -1.00	1	6	  460.55	-15	5	NULL
real	IR	413	12	-15	    0.00	0	    1.00	1	7	3631789.00	-15	0	NULL
real	RL	414	12	15	    2.00	1	   -1.00	1	7	  483.36	-15	5	NULL
real	QR	415	12	-15	    2.00	1	   -1.00	1	6	  895.22	-15	5	NULL
real	BL	416	12	15	    0.00	0	    1.00	1	8	  609.70	-15	7	NULL
real	IL	417	12	-15	    2.00	1	   -1.00	1	5	3658071.00	-15	0	NULL
real	FL	418	12	-15	    0.00	0	    1.00	1	8	  659.54	-3	5	NULL
real	PR	419	12	15	    2.00	0	    1.00	1	5	3666446.00	15	5	NULL
real	FR	420	12	-15	    0.00	0	    1.00	0	7	 1151.38	-3	5	NULL
real	EL	421	12	-15	    0.00	0	    1.00	1	8	  455.60	-3	7	NULL
real	MR	422	12	-15	   -1.00	0	    1.00	1	5	3679355.00	-3	0	NULL
real	LR	423	12	15	    3.00	1	   -1.00	1	8	3684569.00	15	0	NULL
real	DL	424	12	15	    2.00	1	   -1.00	1	7	3688875.00	15	7	NULL
real	GL	425	12	15	    2.00	1	   -1.00	0	3	  544.83	-3	7	NULL
real	CR	426	12	-15	    2.00	1	   -1.00	1	6	3697677.00	15	7	NULL
real	JR	427	12	15	    0.00	0	    1.00	1	5	3701517.00	-15	0	NULL
real	NR	428	12	15	    1.00	0	    1.00	1	7	3705491.00	-3	0	NULL
real	HR	429	12	15	    3.00	1	   -1.00	0	6	  411.29	-3	5	NULL
real	GR	430	12	15	    3.00	1	   -1.00	1	6	  382.42	-3	7	NULL
real	OL	431	12	-15	    2.00	1	   -1.00	1	7	3717492.00	15	5	NULL
real	ML	432	12	-15	    0.00	1	   -1.00	0	5	3722204.00	-3	0	NULL
real	LR	433	13	15	    2.00	1	   -1.00	0	8	3726504.00	15	0	NULL
real	CL	434	13	-15	    1.00	1	   -1.00	1	7	3730899.00	15	7	NULL
real	FR	435	13	-15	    1.00	1	   -1.00	1	8	  805.68	-3	5	NULL
real	JL	436	13	15	    1.00	0	    1.00	0	6	3741048.00	-15	0	NULL
real	ER	437	13	-15	   -1.00	0	    1.00	1	7	  395.80	-3	7	NULL
real	DR	438	13	15	    3.00	1	   -1.00	1	6	3749923.00	15	7	NULL
real	IL	439	13	-15	    1.00	1	   -1.00	0	5	3754214.00	-15	0	NULL
real	FL	440	13	-15	    1.00	1	   -1.00	1	9	  411.88	-3	5	NULL
real	JR	441	13	15	    1.00	1	   -1.00	1	6	3762605.00	-15	0	NULL
real	ML	442	13	-15	   -1.00	0	    1.00	1	6	3767936.00	-3	0	NULL
real	OL	443	13	-15	    1.00	1	   -1.00	0	7	3773144.00	15	5	NULL
real	NR	444	13	15	    2.00	1	   -1.00	1	8	3777414.00	-3	0	NULL
real	DL	445	13	15	    1.00	0	    1.00	1	8	3782748.00	15	7	NULL
real	KL	446	13	-15	    1.00	0	    1.00	0	8	3787203.00	15	0	NULL
real	KR	447	13	-15	    1.00	0	    1.00	1	7	3791746.00	15	0	NULL
real	RR	448	13	15	    1.00	0	    1.00	1	7	  535.24	-15	5	NULL
real	NL	449	13	15	    2.00	0	    1.00	0	5	3800184.00	-3	0	NULL
real	EL	450	13	-15	    1.00	1	   -1.00	1	9	  539.93	-3	7	NULL
real	HL	451	13	15	    2.00	0	    1.00	1	8	  741.35	-3	5	NULL
real	QL	452	13	-15	    1.00	0	    1.00	1	8	  604.25	-15	5	NULL
real	GL	453	13	15	    1.00	0	    1.00	1	4	  481.24	-3	7	NULL
real	RL	454	13	15	    1.00	0	    1.00	1	8	  733.53	-15	5	NULL
real	BR	455	13	15	    1.00	0	    1.00	1	7	  453.30	-15	7	NULL
real	HR	456	13	15	    2.00	0	    1.00	1	7	  469.17	-3	5	NULL
real	PR	457	13	15	    3.00	1	   -1.00	1	6	3840078.00	15	5	NULL
real	GR	458	13	15	    2.00	1	   -1.00	0	6	  614.22	-3	7	NULL
real	CR	459	13	-15	    1.00	1	   -1.00	0	6	3848927.00	15	7	NULL
real	LL	460	13	15	    1.00	1	   -1.00	0	9	3854063.00	15	0	NULL
real	BL	461	13	15	    1.00	1	   -1.00	1	9	  645.47	-15	7	NULL
real	IR	462	13	-15	    1.00	1	   -1.00	1	8	3863543.00	-15	0	NULL
real	AL	463	13	-15	    1.00	1	   -1.00	1	9	  796.78	-15	7	NULL
real	PL	464	13	15	    2.00	1	   -1.00	0	5	3872507.00	15	5	NULL
real	QR	465	13	-15	    1.00	1	   -1.00	0	6	  593.00	-15	5	NULL
real	MR	466	13	-15	    0.00	1	   -1.00	1	6	3882019.00	-3	0	NULL
real	OR	467	13	-15	    1.00	1	   -1.00	1	6	3887124.00	15	5	NULL
real	AR	468	13	-15	    1.00	1	   -1.00	0	6	  429.72	-15	7	NULL
real	ER	469	14	-15	    0.00	1	   -1.00	1	8	  491.24	-3	7	NULL
real	CL	470	14	-15	    0.00	1	   -1.00	0	7	3905238.00	15	7	NULL
real	QL	471	14	-15	    2.00	1	   -1.00	1	9	  438.74	-15	5	NULL
real	IL	472	14	-15	    0.00	1	   -1.00	0	5	3917913.00	-15	0	NULL
real	NL	473	14	15	    3.00	1	   -1.00	1	6	3921826.00	-3	0	NULL
real	LR	474	14	15	    1.00	0	    1.00	1	9	3936721.00	15	0	NULL
real	BL	475	14	15	    0.00	0	    1.00	1	10	  630.29	-15	7	NULL
real	PR	476	14	15	    2.00	0	    1.00	1	7	3945337.00	15	5	NULL
real	DL	477	14	15	    2.00	1	   -1.00	1	9	3954958.00	15	7	NULL
real	NR	478	14	15	    1.00	0	    1.00	1	9	3959498.00	-3	0	NULL
real	BR	479	14	15	    2.00	1	   -1.00	1	8	  474.25	-15	7	NULL
real	MR	480	14	-15	   -1.00	1	   -1.00	0	6	3972146.00	-3	0	NULL
real	KL	481	14	-15	    2.00	1	   -1.00	1	9	3987419.00	15	0	NULL
real	GL	482	14	15	    2.00	1	   -1.00	1	5	  680.39	-3	7	NULL
real	HL	483	14	15	    3.00	1	   -1.00	1	9	  445.48	-3	5	NULL
real	FR	484	14	-15	    0.00	0	    1.00	1	9	  645.73	-3	5	NULL
real	CR	485	14	-15	    0.00	0	    1.00	1	7	4005782.00	15	7	NULL
real	OL	486	14	-15	    0.00	1	   -1.00	0	7	4027765.00	15	5	NULL
real	AR	487	14	-15	    0.00	0	    1.00	1	7	  512.32	-15	7	NULL
real	FL	488	14	-15	    0.00	0	    1.00	1	10	  355.55	-3	5	NULL
real	ML	489	14	-15	    0.00	1	   -1.00	1	7	4043045.00	-3	0	NULL
real	OR	490	14	-15	    0.00	1	   -1.00	0	6	4047966.00	15	5	NULL
real	QR	491	14	-15	    0.00	0	    1.00	1	7	  482.00	-15	5	NULL
real	RL	492	14	15	    2.00	1	   -1.00	1	9	  500.14	-15	5	NULL
real	GR	493	14	15	    1.00	0	    1.00	1	7	  573.13	-3	7	NULL
real	PL	494	14	15	    1.00	0	    1.00	1	6	4066053.00	15	5	NULL
real	EL	495	14	-15	    0.00	1	   -1.00	0	9	  452.16	-3	7	NULL
real	AL	496	14	-15	    0.00	0	    1.00	1	10	  441.87	-15	7	NULL
real	LL	497	14	15	    0.00	0	    1.00	1	10	4079651.00	15	0	NULL
real	HR	498	14	15	    3.00	1	   -1.00	1	8	  443.10	-3	5	NULL
real	JL	499	14	15	    2.00	1	   -1.00	1	7	4090783.00	-15	0	NULL
real	DR	500	14	15	    2.00	0	    1.00	1	7	4095218.00	15	7	NULL
real	RR	501	14	15	    2.00	0	    1.00	0	7	  744.62	-15	5	NULL
real	IR	502	14	-15	    0.00	0	    1.00	1	9	4103588.00	-15	0	NULL
real	JR	503	14	15	    0.00	0	    1.00	1	7	4107557.00	-15	0	NULL
real	KR	504	14	-15	    2.00	1	   -1.00	1	8	4112018.00	15	0	NULL
real	CL	505	15	-15	   -1.00	0	    1.00	1	8	4119217.00	15	7	NULL
real	IR	506	15	-15	    1.00	0	    1.00	0	9	4123474.00	-15	0	NULL
real	JL	507	15	15	    1.00	1	   -1.00	0	7	4131053.00	-15	0	NULL
real	JR	508	15	15	    1.00	0	    1.00	0	7	4135107.00	-15	0	NULL
real	HL	509	15	15	    2.00	0	    1.00	1	10	  840.61	-3	5	NULL
real	AL	510	15	-15	    1.00	1	   -1.00	1	11	  768.50	-15	7	NULL
real	GL	511	15	15	    1.00	0	    1.00	1	6	  458.26	-3	7	NULL
real	RR	512	15	15	    3.00	1	   -1.00	1	8	  458.95	-15	5	NULL
real	KL	513	15	-15	    1.00	1	   -1.00	0	9	4156292.00	15	0	NULL
real	KR	514	15	-15	    1.00	1	   -1.00	0	8	4160704.00	15	0	NULL
real	IL	515	15	-15	   -1.00	0	    1.00	1	6	4165116.00	-15	0	NULL
real	LR	516	15	15	    2.00	1	   -1.00	1	10	4169815.00	15	0	NULL
real	CR	517	15	-15	    1.00	1	   -1.00	1	8	4174468.00	15	7	NULL
real	ER	518	15	-15	   -1.00	0	    1.00	1	9	  448.60	-3	7	NULL
real	DL	519	15	15	    1.00	0	    1.00	1	10	4184772.00	15	7	NULL
real	AR	520	15	-15	    1.00	0	    1.00	0	7	  597.87	-15	7	NULL
real	BL	521	15	15	    1.00	0	    1.00	0	10	  465.20	-15	7	NULL
real	FR	522	15	-15	    1.00	1	   -1.00	1	10	  573.88	-3	5	NULL
real	DR	523	15	15	    3.00	1	   -1.00	1	8	4220871.00	15	7	NULL
real	MR	524	15	-15	   -2.00	0	    1.00	1	7	4225181.00	-3	0	NULL
real	RL	525	15	15	    1.00	0	    1.00	1	10	 1009.16	-15	5	NULL
real	QL	526	15	-15	    1.00	0	    1.00	1	10	  760.33	-15	5	NULL
real	FL	527	15	-15	    1.00	1	   -1.00	1	11	  436.13	-3	5	NULL
real	BR	528	15	15	    1.00	0	    1.00	1	9	  934.70	-15	7	NULL
real	HR	529	15	15	    2.00	0	    1.00	1	9	  414.03	-3	5	NULL
real	NL	530	15	15	    2.00	1	   -1.00	0	6	4256285.00	-3	0	NULL
real	PR	531	15	15	    3.00	1	   -1.00	1	8	4261362.00	15	5	NULL
real	OL	532	15	-15	   -1.00	0	    1.00	1	8	4265768.00	15	5	NULL
real	GR	533	15	15	    2.00	0	    1.00	0	7	  543.34	-3	7	NULL
real	NR	534	15	15	    2.00	0	    1.00	0	9	4274169.00	-3	0	NULL
real	OR	535	15	-15	   -1.00	0	    1.00	1	7	4278911.00	15	5	NULL
real	QR	536	15	-15	    1.00	0	    1.00	0	7	  605.25	-15	5	NULL
real	EL	537	15	-15	   -1.00	0	    1.00	1	10	  523.09	-3	7	NULL
real	PL	538	15	15	    2.00	0	    1.00	0	6	4293136.00	15	5	NULL
real	ML	539	15	-15	   -1.00	0	    1.00	1	8	4306449.00	-3	0	NULL
real	LL	540	15	15	    1.00	0	    1.00	0	10	4311095.00	15	0	NULL
real	DL	541	16	15	    2.00	0	    1.00	0	10	4315783.00	15	7	NULL
real	OL	542	16	-15	    0.00	0	    1.00	0	8	4320819.00	15	5	NULL
real	FR	543	16	-15	    0.00	0	    1.00	1	11	  695.23	-3	5	NULL
real	EL	544	16	-15	    0.00	0	    1.00	0	10	  761.02	-3	7	NULL
real	ML	545	16	-15	    0.00	0	    1.00	0	8	4341711.00	-3	0	NULL
real	KL	546	16	-15	    0.00	0	    1.00	1	10	4346184.00	15	0	NULL
real	CR	547	16	-15	    0.00	1	   -1.00	0	8	4350680.00	15	7	NULL
real	PL	548	16	15	    3.00	0	    1.00	0	6	4355119.00	15	5	NULL
real	BR	549	16	15	    2.00	1	   -1.00	1	10	  478.36	-15	7	NULL
real	IR	550	16	-15	    2.00	1	   -1.00	1	10	4383209.00	-15	0	NULL
real	PR	551	16	15	    2.00	1	   -1.00	0	8	4387961.00	15	5	NULL
real	HR	552	16	15	    3.00	1	   -1.00	1	10	  383.93	-3	5	NULL
real	JL	553	16	15	    0.00	1	   -1.00	0	7	4396181.00	-15	0	NULL
real	JR	554	16	15	    2.00	1	   -1.00	1	8	4402562.00	-15	0	NULL
real	FL	555	16	-15	    0.00	1	   -1.00	0	11	  443.14	-3	5	NULL
real	NR	556	16	15	    3.00	1	   -1.00	1	10	4411071.00	-3	0	NULL
real	RL	557	16	15	    2.00	1	   -1.00	1	11	  445.81	-15	5	NULL
real	ER	558	16	-15	    0.00	1	   -1.00	1	10	  624.27	-3	7	NULL
real	QL	559	16	-15	    2.00	1	   -1.00	1	11	  421.56	-15	5	NULL
real	LR	560	16	15	    1.00	1	   -1.00	0	10	4435981.00	15	0	NULL
real	LL	561	16	15	    2.00	1	   -1.00	1	11	4445372.00	15	0	NULL
real	IL	562	16	-15	    0.00	0	    1.00	0	6	4464876.00	-15	0	NULL
real	OR	563	16	-15	    0.00	1	   -1.00	1	8	4469460.00	15	5	NULL
real	DR	564	16	15	    2.00	0	    1.00	1	9	4473941.00	15	7	NULL
real	RR	565	16	15	    2.00	1	   -1.00	0	8	  724.58	-15	5	NULL
real	MR	566	16	-15	   -1.00	0	    1.00	0	7	4483873.00	-3	0	NULL
real	GR	567	16	15	    3.00	0	    1.00	0	7	  584.33	-3	7	NULL
real	GL	568	16	15	    2.00	1	   -1.00	1	7	  480.44	-3	7	NULL
real	CL	569	16	-15	    0.00	1	   -1.00	1	9	4498680.00	15	7	NULL
real	BL	570	16	15	    2.00	1	   -1.00	1	11	  549.13	-15	7	NULL
real	NL	571	16	15	    1.00	0	    1.00	1	7	4508265.00	-3	0	NULL
real	KR	572	16	-15	    0.00	0	    1.00	1	9	4513110.00	15	0	NULL
real	AR	573	16	-15	    2.00	1	   -1.00	1	8	  480.28	-15	7	NULL
real	HL	574	16	15	    3.00	0	    1.00	0	10	  655.40	-3	5	NULL
real	QR	575	16	-15	    2.00	1	   -1.00	1	8	  473.51	-15	5	NULL
real	AL	576	16	-15	    0.00	0	    1.00	1	12	  565.09	-15	7	NULL
real	CL	577	17	-15	   -1.00	0	    1.00	1	10	4547340.00	15	7	NULL
real	HR	578	17	15	    2.00	1	   -1.00	0	10	  450.30	-3	5	NULL
real	RR	579	17	15	    1.00	1	   -1.00	0	8	  787.42	-15	5	NULL
real	IR	580	17	-15	    1.00	1	   -1.00	0	10	4562387.00	-15	0	NULL
real	DR	581	17	15	    3.00	1	   -1.00	1	10	4572811.00	15	7	NULL
real	QL	582	17	-15	    1.00	0	    1.00	1	12	  478.11	-15	5	NULL
real	QR	583	17	-15	    1.00	0	    1.00	1	9	  558.33	-15	5	NULL
real	EL	584	17	-15	    1.00	1	   -1.00	1	11	  487.55	-3	7	NULL
real	BL	585	17	15	    1.00	0	    1.00	1	12	  439.92	-15	7	NULL
real	BR	586	17	15	    1.00	1	   -1.00	0	10	  482.57	-15	7	NULL
real	NL	587	17	15	    2.00	0	    1.00	0	7	4598162.00	-3	0	NULL
real	DL	588	17	15	    3.00	1	   -1.00	1	11	4602679.00	15	7	NULL
real	PL	589	17	15	    4.00	1	   -1.00	1	7	4607270.00	15	5	NULL
real	JR	590	17	15	    1.00	1	   -1.00	0	8	4611246.00	-15	0	NULL
real	JL	591	17	15	   -1.00	0	    1.00	1	8	4617712.00	-15	0	NULL
real	ML	592	17	-15	    1.00	1	   -1.00	1	9	4622405.00	-3	0	NULL
real	GR	593	17	15	    4.00	1	   -1.00	1	8	  416.54	-3	7	NULL
real	OR	594	17	-15	   -1.00	0	    1.00	1	9	4630841.00	15	5	NULL
real	FL	595	17	-15	   -1.00	0	    1.00	1	12	  406.28	-3	5	NULL
real	RL	596	17	15	    1.00	0	    1.00	1	12	  712.06	-15	5	NULL
real	HL	597	17	15	    4.00	1	   -1.00	1	11	  509.71	-3	5	NULL
real	ER	598	17	-15	   -1.00	0	    1.00	1	11	  426.43	-3	7	NULL
real	PR	599	17	15	    1.00	0	    1.00	1	9	4660003.00	15	5	NULL
real	IL	600	17	-15	    1.00	0	    1.00	0	6	4665572.00	-15	0	NULL
real	GL	601	17	15	    1.00	0	    1.00	1	8	  441.16	-3	7	NULL
real	KL	602	17	-15	    1.00	0	    1.00	0	10	4674856.00	15	0	NULL
real	NR	603	17	15	    2.00	0	    1.00	1	11	4679028.00	-3	0	NULL
real	FR	604	17	-15	    1.00	1	   -1.00	1	12	  630.88	-3	5	NULL
real	LR	605	17	15	    0.00	0	    1.00	1	11	4688075.00	15	0	NULL
real	KR	606	17	-15	    1.00	1	   -1.00	1	10	4699234.00	15	0	NULL
real	AR	607	17	-15	    1.00	0	    1.00	1	9	  709.47	-15	7	NULL
real	MR	608	17	-15	    0.00	0	    1.00	0	7	4708333.00	-3	0	NULL
real	OL	609	17	-15	    1.00	0	    1.00	0	8	4721122.00	15	5	NULL
real	CR	610	17	-15	   -1.00	0	    1.00	1	9	4725699.00	15	7	NULL
real	LL	611	17	15	    1.00	0	    1.00	1	12	4739105.00	15	0	NULL
real	HL	612	18	15	    3.00	1	   -1.00	0	11	  419.45	-3	5	NULL
real	OR	613	18	-15	    0.00	1	   -1.00	1	10	4751244.00	15	5	NULL
real	JR	614	18	15	    0.00	1	   -1.00	0	8	4755333.00	-15	0	NULL
real	DR	615	18	15	    2.00	0	    1.00	1	11	4759741.00	15	7	NULL
real	AR	616	18	-15	    2.00	0	    1.00	0	9	  465.71	-15	7	NULL
real	PL	617	18	15	    3.00	1	   -1.00	0	7	4771476.00	15	5	NULL
real	LR	618	18	15	    1.00	0	    1.00	0	11	4776688.00	15	0	NULL
real	PR	619	18	15	    2.00	0	    1.00	0	9	4787170.00	15	5	NULL
real	KR	620	18	-15	    0.00	1	   -1.00	0	10	4791632.00	15	0	NULL
real	MR	621	18	-15	    1.00	1	   -1.00	1	8	4795701.00	-3	0	NULL
real	IR	622	18	-15	    0.00	0	    1.00	1	11	4799933.00	-15	0	NULL
real	KL	623	18	-15	    2.00	1	   -1.00	1	11	4804146.00	15	0	NULL
real	ML	624	18	-15	    0.00	0	    1.00	1	10	4814769.00	-3	0	NULL
real	RR	625	18	15	    0.00	0	    1.00	1	9	  420.55	-15	5	NULL
real	CR	626	18	-15	    0.00	1	   -1.00	1	10	4825127.00	15	7	NULL
real	OL	627	18	-15	    2.00	1	   -1.00	1	9	4833873.00	15	5	NULL
real	EL	628	18	-15	    0.00	0	    1.00	1	12	  560.93	-3	7	NULL
real	DL	629	18	15	    2.00	1	   -1.00	0	11	4843701.00	15	7	NULL
real	QR	630	18	-15	    2.00	1	   -1.00	1	10	  413.07	-15	5	NULL
real	GL	631	18	15	    2.00	0	    1.00	0	8	  379.41	-3	7	NULL
real	JL	632	18	15	    0.00	0	    1.00	0	8	4860816.00	-15	0	NULL
real	CL	633	18	-15	    0.00	0	    1.00	0	10	4865763.00	15	7	NULL
real	ER	634	18	-15	    0.00	1	   -1.00	1	12	  604.16	-3	7	NULL
real	HR	635	18	15	    1.00	0	    1.00	1	11	  459.18	-3	5	NULL
real	IL	636	18	-15	    2.00	1	   -1.00	1	7	4882980.00	-15	0	NULL
real	GR	637	18	15	    3.00	1	   -1.00	0	8	 1385.73	-3	7	NULL
real	BR	638	18	15	    0.00	0	    1.00	1	11	  681.66	-15	7	NULL
real	NL	639	18	15	    3.00	1	   -1.00	1	8	4900038.00	-3	0	NULL
real	NR	640	18	15	    3.00	1	   -1.00	1	12	4912281.00	-3	0	NULL
real	DL	641	19	15	    1.00	0	    1.00	1	12	4916902.00	15	7	NULL
real	KL	642	19	-15	    1.00	1	   -1.00	0	11	4921443.00	15	0	NULL
real	RR	643	19	15	    1.00	1	   -1.00	1	10	  534.29	-15	5	NULL
real	PL	644	19	15	    2.00	0	    1.00	1	8	4929743.00	15	5	NULL
real	GL	645	19	15	    3.00	0	    1.00	0	8	  582.42	-3	7	NULL
real	HL	646	19	15	    2.00	0	    1.00	1	12	  633.42	-3	5	NULL
real	CR	647	19	-15	   -1.00	0	    1.00	1	11	4942987.00	15	7	NULL
real	KR	648	19	-15	   -1.00	0	    1.00	1	11	4948552.00	15	0	NULL
real	CL	649	19	-15	    1.00	0	    1.00	0	10	4953076.00	15	7	NULL
real	IR	650	19	-15	    1.00	0	    1.00	0	11	4958932.00	-15	0	NULL
real	AR	651	19	-15	    3.00	1	   -1.00	1	10	  410.41	-15	7	NULL
real	LR	652	19	15	    2.00	0	    1.00	0	11	4970417.00	15	0	NULL
real	BR	653	19	15	    1.00	0	    1.00	0	11	  531.62	-15	7	NULL
real	MR	654	19	-15	    0.00	0	    1.00	1	9	4978729.00	-3	0	NULL
real	ML	655	19	-15	    1.00	0	    1.00	0	10	4983530.00	-3	0	NULL
real	NL	656	19	15	    2.00	0	    1.00	1	9	4997884.00	-3	0	NULL
real	PR	657	19	15	    3.00	1	   -1.00	1	10	5002637.00	15	5	NULL
real	JL	658	19	15	    1.00	0	    1.00	0	8	5006931.00	-15	0	NULL
real	OR	659	19	-15	   -1.00	0	    1.00	1	11	5011428.00	15	5	NULL
real	GR	660	19	15	    2.00	0	    1.00	1	9	  458.41	-3	7	NULL
real	JR	661	19	15	   -1.00	0	    1.00	1	9	5023325.00	-15	0	NULL
real	DR	662	19	15	    3.00	1	   -1.00	1	12	5029956.00	15	7	NULL
real	HR	663	19	15	    2.00	1	   -1.00	1	12	  516.66	-3	5	NULL
real	IL	664	19	-15	    1.00	1	   -1.00	0	7	5043357.00	-15	0	NULL
real	OL	665	19	-15	    1.00	0	    1.00	1	10	5057895.00	15	5	NULL
real	QR	666	19	-15	    1.00	0	    1.00	1	11	  385.95	-15	5	NULL
real	CL	667	20	-15	    2.00	1	   -1.00	1	11	5066438.00	15	7	NULL
real	QR	668	20	-15	    2.00	1	   -1.00	1	12	  471.91	-15	5	NULL
real	NL	669	20	15	    3.00	1	   -1.00	1	10	5075309.00	-3	0	NULL
real	KL	670	20	-15	    0.00	1	   -1.00	0	11	5079641.00	15	0	NULL
real	CR	671	20	-15	    0.00	0	    1.00	0	11	5084570.00	15	7	NULL
real	JR	672	20	15	    0.00	0	    1.00	0	9	5098440.00	-15	0	NULL
real	PR	673	20	15	    2.00	0	    1.00	1	11	5102874.00	15	5	NULL
real	IL	674	20	-15	    0.00	0	    1.00	1	8	5107118.00	-15	0	NULL
real	GL	675	20	15	    4.00	1	   -1.00	1	9	  469.15	-3	7	NULL
real	GR	676	20	15	    3.00	1	   -1.00	1	10	  389.98	-3	7	NULL
real	RR	677	20	15	    0.00	0	    1.00	1	11	  419.10	-15	5	NULL
real	IR	678	20	-15	    2.00	1	   -1.00	1	12	5123879.00	-15	0	NULL
real	BR	679	20	15	    2.00	1	   -1.00	1	12	  421.58	-15	7	NULL
real	JL	680	20	15	    2.00	1	   -1.00	1	9	5137209.00	-15	0	NULL
real	LR	681	20	15	    3.00	1	   -1.00	1	12	5142357.00	15	0	NULL
real	OR	682	20	-15	    0.00	0	    1.00	0	11	5147024.00	15	5	NULL
real	MR	683	20	-15	    1.00	1	   -1.00	1	10	5158618.00	-3	0	NULL
real	PL	684	20	15	    3.00	1	   -1.00	1	9	5163466.00	15	5	NULL
real	AR	685	20	-15	    2.00	1	   -1.00	0	10	  455.06	-15	7	NULL
real	KR	686	20	-15	    0.00	1	   -1.00	1	12	5172315.00	15	0	NULL
real	OL	687	20	-15	    2.00	1	   -1.00	1	11	5177089.00	15	5	NULL
real	ML	688	20	-15	    2.00	1	   -1.00	1	11	5181547.00	-3	0	NULL
real	CR	689	21	-15	    1.00	0	    1.00	0	11	5188526.00	15	7	NULL
real	GR	690	21	15	    2.00	0	    1.00	1	11	  444.33	-3	7	NULL
real	OL	691	21	-15	    1.00	1	   -1.00	0	11	5197520.00	15	5	NULL
real	PR	692	21	15	    3.00	1	   -1.00	1	12	5206533.00	15	5	NULL
real	GL	693	21	15	    3.00	1	   -1.00	0	9	  408.13	-3	7	NULL
real	NL	694	21	15	    2.00	1	   -1.00	0	10	5214897.00	-3	0	NULL
real	IL	695	21	-15	    1.00	1	   -1.00	1	9	5221843.00	-15	0	NULL
real	CL	696	21	-15	    1.00	1	   -1.00	0	11	5226518.00	15	7	NULL
real	JR	697	21	15	    1.00	0	    1.00	0	9	5244340.00	-15	0	NULL
real	RR	698	21	15	    1.00	1	   -1.00	1	12	  471.16	-15	5	NULL
real	KL	699	21	-15	   -1.00	0	    1.00	1	12	5253895.00	15	0	NULL
real	MR	700	21	-15	    0.00	1	   -1.00	0	10	5258904.00	-3	0	NULL
real	ML	701	21	-15	    1.00	1	   -1.00	0	11	5265807.00	-3	0	NULL
real	PL	702	21	15	    2.00	0	    1.00	1	10	5274645.00	15	5	NULL
real	OR	703	21	-15	    1.00	1	   -1.00	1	12	5279744.00	15	5	NULL
real	JL	704	21	15	    1.00	0	    1.00	1	10	5284246.00	-15	0	NULL
real	AR	705	21	-15	    1.00	1	   -1.00	0	10	  512.28	-15	7	NULL
real	NL	706	22	15	    1.00	0	    1.00	1	11	5297636.00	-3	0	NULL
real	OL	707	22	-15	    0.00	0	    1.00	1	12	5302123.00	15	5	NULL
real	CR	708	22	-15	    2.00	1	   -1.00	1	12	5307223.00	15	7	NULL
real	IL	709	22	-15	    0.00	1	   -1.00	0	9	5326629.00	-15	0	NULL
real	GR	710	22	15	    3.00	1	   -1.00	1	12	  384.11	-3	7	NULL
real	CL	711	22	-15	    0.00	1	   -1.00	0	11	5334907.00	15	7	NULL
real	MR	712	22	-15	   -1.00	0	    1.00	1	11	5339268.00	-3	0	NULL
real	JL	713	22	15	    2.00	1	   -1.00	1	11	5343429.00	-15	0	NULL
real	AR	714	22	-15	    0.00	0	    1.00	1	11	  655.16	-15	7	NULL
real	JR	715	22	15	    2.00	1	   -1.00	1	10	5353677.00	-15	0	NULL
real	PL	716	22	15	    3.00	1	   -1.00	1	11	5358374.00	15	5	NULL
real	ML	717	22	-15	    0.00	1	   -1.00	0	11	5363305.00	-3	0	NULL
real	GL	718	22	15	    2.00	1	   -1.00	0	9	  378.50	-3	7	NULL
real	ML	719	23	-15	   -1.00	1	   -1.00	0	11	5372377.00	-3	0	NULL
real	NL	720	23	15	    2.00	1	   -1.00	1	12	5378347.00	-3	0	NULL
real	PL	721	23	15	    2.00	0	    1.00	1	12	5386061.00	15	5	NULL
real	CL	722	23	-15	   -1.00	0	    1.00	1	12	5391100.00	15	7	NULL
real	MR	723	23	-15	    0.00	0	    1.00	0	11	5395765.00	-3	0	NULL
real	IL	724	23	-15	   -1.00	0	    1.00	1	10	5403713.00	-15	0	NULL
real	GL	725	23	15	    1.00	0	    1.00	1	10	  569.45	-3	7	NULL
real	AR	726	23	-15	    1.00	0	    1.00	0	11	  737.99	-15	7	NULL
real	JR	727	23	15	    1.00	0	    1.00	1	11	5417041.00	-15	0	NULL
real	JL	728	23	15	    1.00	0	    1.00	1	12	5422558.00	-15	0	NULL
real	MR	729	24	-15	    1.00	0	    1.00	0	11	5427216.00	-3	0	NULL
real	ML	730	24	-15	   -2.00	0	    1.00	1	12	5431596.00	-3	0	NULL
real	IL	731	24	-15	    0.00	0	    1.00	0	10	5436821.00	-15	0	NULL
real	GL	732	24	15	    2.00	0	    1.00	0	10	  479.38	-3	7	NULL
real	JR	733	24	15	    2.00	0	    1.00	0	11	5455947.00	-15	0	NULL
real	AR	734	24	-15	    2.00	0	    1.00	0	11	  479.95	-15	7	NULL
real	JR	735	25	15	    3.00	1	   -1.00	1	12	5463806.00	-15	0	NULL
real	IL	736	25	-15	    1.00	1	   -1.00	1	11	5468277.00	-15	0	NULL
real	GL	737	25	15	    3.00	1	   -1.00	1	11	  569.88	-3	7	NULL
real	AR	738	25	-15	    3.00	1	   -1.00	1	12	  388.52	-15	7	NULL
real	MR	739	25	-15	    2.00	1	   -1.00	1	12	5482768.00	-3	0	NULL
real	GL	740	26	15	    2.00	0	    1.00	1	12	  530.93	-3	7	NULL
real	IL	741	26	-15	    0.00	0	    1.00	1	12	5491891.00	-15	0	NULL
