TRIAL_TYPE	trial_variant	TRIAL_NUMBER	TRIAL_ITERATION_VAL	frame_tilt	rod_tilt	response	step_size	reversal	reversal_num	RT	probe_del	alpha_entrain_refreshes	rod_tilt_val
real	KR	1	1	-15	   20.00	1	   -8.00	0	0	304205.00	15	0	NULL
real	BR	2	1	15	   20.00	1	   -8.00	0	0	  821.41	-15	7	NULL
real	OL	3	1	-15	  -20.00	0	    8.00	0	0	313253.00	15	5	NULL
real	HR	4	1	15	   20.00	1	   -8.00	0	0	  605.99	-3	5	NULL
real	LR	5	1	15	   20.00	1	   -8.00	0	0	329639.00	15	0	NULL
real	KL	6	1	-15	  -20.00	0	    8.00	0	0	334697.00	15	0	NULL
real	ML	7	1	-15	  -20.00	0	    8.00	0	0	338977.00	-3	0	NULL
real	EL	8	1	-15	  -20.00	0	    8.00	0	0	 1069.05	-3	7	NULL
real	LL	9	1	15	  -20.00	0	    8.00	0	0	349067.00	15	0	NULL
real	FR	10	1	-15	   20.00	1	   -8.00	0	0	  651.88	-3	5	NULL
real	JL	11	1	15	  -20.00	0	    8.00	0	0	360693.00	-15	0	NULL
real	MR	12	1	-15	   20.00	1	   -8.00	0	0	364788.00	-3	0	NULL
real	FL	13	1	-15	  -20.00	0	    8.00	0	0	  516.73	-3	5	NULL
real	QL	14	1	-15	  -20.00	0	    8.00	0	0	  600.09	-15	5	NULL
real	BL	15	1	15	  -20.00	0	    8.00	0	0	  650.76	-15	7	NULL
real	HL	16	1	15	  -20.00	0	    8.00	0	0	  783.06	-3	5	NULL
real	GL	17	1	15	  -20.00	0	    8.00	0	0	  943.25	-3	7	NULL
real	CL	18	1	-15	  -20.00	0	    8.00	0	0	397278.00	15	7	NULL
real	OR	19	1	-15	   20.00	1	   -8.00	0	0	402595.00	15	5	NULL
real	AR	20	1	-15	   20.00	1	   -8.00	0	0	  970.96	-15	7	NULL
real	IR	21	1	-15	   20.00	1	   -8.00	0	0	413841.00	-15	0	NULL
real	AL	22	1	-15	  -20.00	0	    8.00	0	0	 1192.02	-15	7	NULL
real	RL	23	1	15	  -20.00	0	    8.00	0	0	  800.86	-15	5	NULL
real	NR	24	1	15	   20.00	1	   -8.00	0	0	428466.00	-3	0	NULL
real	IL	25	1	-15	  -20.00	0	    8.00	0	0	433883.00	-15	0	NULL
real	CR	26	1	-15	   20.00	1	   -8.00	0	0	438637.00	15	7	NULL
real	PR	27	1	15	   20.00	1	   -8.00	0	0	443994.00	15	5	NULL
real	ER	28	1	-15	   20.00	1	   -8.00	0	0	  672.98	-3	7	NULL
real	NL	29	1	15	  -20.00	0	    8.00	0	0	453535.00	-3	0	NULL
real	JR	30	1	15	   20.00	1	   -8.00	0	0	458797.00	-15	0	NULL
real	QR	31	1	-15	   20.00	1	   -8.00	0	0	  940.56	-15	5	NULL
real	DL	32	1	15	  -20.00	0	    8.00	0	0	467643.00	15	7	NULL
real	RR	33	1	15	   20.00	1	   -8.00	0	0	  626.23	-15	5	NULL
real	PL	34	1	15	  -20.00	0	    8.00	0	0	476315.00	15	5	NULL
real	DR	35	1	15	   20.00	1	   -8.00	0	0	481941.00	15	7	NULL
real	GR	36	1	15	   20.00	1	   -8.00	0	0	  575.58	-3	7	NULL
real	ML	37	2	-15	  -12.00	0	    8.00	0	0	490752.00	-3	0	NULL
real	GR	38	2	15	   12.00	1	   -8.00	0	0	  596.88	-3	7	NULL
real	KR	39	2	-15	   12.00	1	   -8.00	0	0	500290.00	15	0	NULL
real	GL	40	2	15	  -12.00	0	    8.00	0	0	  634.73	-3	7	NULL
real	JL	41	2	15	  -12.00	0	    8.00	0	0	510481.00	-15	0	NULL
real	AR	42	2	-15	   12.00	1	   -8.00	0	0	  672.34	-15	7	NULL
real	PL	43	2	15	  -12.00	0	    8.00	0	0	525921.00	15	5	NULL
real	DR	44	2	15	   12.00	1	   -8.00	0	0	533332.00	15	7	NULL
real	FL	45	2	-15	  -12.00	0	    8.00	0	0	  610.20	-3	5	NULL
real	HL	46	2	15	  -12.00	0	    8.00	0	0	  541.92	-3	5	NULL
real	LR	47	2	15	   12.00	1	   -8.00	0	0	549617.00	15	0	NULL
real	CR	48	2	-15	   12.00	1	   -8.00	0	0	562009.00	15	7	NULL
real	PR	49	2	15	   12.00	1	   -8.00	0	0	566485.00	15	5	NULL
real	BL	50	2	15	  -12.00	0	    8.00	0	0	  791.57	-15	7	NULL
real	IL	51	2	-15	  -12.00	0	    8.00	0	0	680549.00	-15	0	NULL
real	ER	52	2	-15	   12.00	1	   -8.00	0	0	  495.52	-3	7	NULL
real	JR	53	2	15	   12.00	1	   -8.00	0	0	692919.00	-15	0	NULL
real	NL	54	2	15	  -12.00	0	    8.00	0	0	697406.00	-3	0	NULL
real	NR	55	2	15	   12.00	1	   -8.00	0	0	702093.00	-3	0	NULL
real	QR	56	2	-15	   12.00	1	   -8.00	0	0	  487.51	-15	5	NULL
real	AL	57	2	-15	  -12.00	0	    8.00	0	0	  573.87	-15	7	NULL
real	RL	58	2	15	  -12.00	0	    8.00	0	0	  585.67	-15	5	NULL
real	DL	59	2	15	  -12.00	0	    8.00	0	0	717326.00	15	7	NULL
real	MR	60	2	-15	   12.00	1	   -8.00	0	0	721820.00	-3	0	NULL
real	QL	61	2	-15	  -12.00	0	    8.00	0	0	  602.91	-15	5	NULL
real	CL	62	2	-15	  -12.00	0	    8.00	0	0	730840.00	15	7	NULL
real	OL	63	2	-15	  -12.00	0	    8.00	0	0	735298.00	15	5	NULL
real	HR	64	2	15	   12.00	1	   -8.00	0	0	  483.98	-3	5	NULL
real	LL	65	2	15	  -12.00	0	    8.00	0	0	745812.00	15	0	NULL
real	BR	66	2	15	   12.00	1	   -8.00	0	0	  478.36	-15	7	NULL
real	EL	67	2	-15	  -12.00	0	    8.00	0	0	  543.14	-3	7	NULL
real	FR	68	2	-15	   12.00	1	   -8.00	0	0	  485.08	-3	5	NULL
real	RR	69	2	15	   12.00	1	   -8.00	0	0	  566.30	-15	5	NULL
real	KL	70	2	-15	  -12.00	1	   -4.00	1	1	768177.00	15	0	NULL
real	IR	71	2	-15	   12.00	1	   -8.00	0	0	773081.00	-15	0	NULL
real	OR	72	2	-15	   12.00	1	   -8.00	0	0	778359.00	15	5	NULL
real	BL	73	3	15	   -4.00	0	    8.00	0	0	  722.05	-15	7	NULL
real	HL	74	3	15	   -4.00	0	    8.00	0	0	  501.81	-3	5	NULL
real	LR	75	3	15	    4.00	0	    4.00	1	1	792128.00	15	0	NULL
real	ML	76	3	-15	   -4.00	1	   -4.00	1	1	797024.00	-3	0	NULL
real	OR	77	3	-15	    4.00	1	   -8.00	0	0	801221.00	15	5	NULL
real	QL	78	3	-15	   -4.00	0	    8.00	0	0	  567.36	-15	5	NULL
real	EL	79	3	-15	   -4.00	1	   -4.00	1	1	  688.33	-3	7	NULL
real	AL	80	3	-15	   -4.00	0	    8.00	0	0	  737.85	-15	7	NULL
real	DR	81	3	15	    4.00	0	    4.00	1	1	819072.00	15	7	NULL
real	RR	82	3	15	    4.00	1	   -8.00	0	0	  565.52	-15	5	NULL
real	GR	83	3	15	    4.00	1	   -8.00	0	0	  519.77	-3	7	NULL
real	KL	84	3	-15	  -16.00	0	    2.00	1	2	833761.00	15	0	NULL
real	FL	85	3	-15	   -4.00	1	   -4.00	1	1	  703.87	-3	5	NULL
real	DL	86	3	15	   -4.00	0	    8.00	0	0	842195.00	15	7	NULL
real	GL	87	3	15	   -4.00	0	    8.00	0	0	  471.18	-3	7	NULL
real	JL	88	3	15	   -4.00	0	    8.00	0	0	851878.00	-15	0	NULL
real	PL	89	3	15	   -4.00	0	    8.00	0	0	856866.00	15	5	NULL
real	BR	90	3	15	    4.00	1	   -8.00	0	0	  466.04	-15	7	NULL
real	AR	91	3	-15	    4.00	1	   -8.00	0	0	  529.26	-15	7	NULL
real	PR	92	3	15	    4.00	0	    4.00	1	1	870790.00	15	5	NULL
real	CR	93	3	-15	    4.00	1	   -8.00	0	0	875520.00	15	7	NULL
real	CL	94	3	-15	   -4.00	1	   -4.00	1	1	881321.00	15	7	NULL
real	QR	95	3	-15	    4.00	1	   -8.00	0	0	  518.98	-15	5	NULL
real	ER	96	3	-15	    4.00	1	   -8.00	0	0	  538.80	-3	7	NULL
real	IR	97	3	-15	    4.00	1	   -8.00	0	0	894886.00	-15	0	NULL
real	KR	98	3	-15	    4.00	1	   -8.00	0	0	899103.00	15	0	NULL
real	OL	99	3	-15	   -4.00	1	   -4.00	1	1	903228.00	15	5	NULL
real	RL	100	3	15	   -4.00	0	    8.00	0	0	  453.56	-15	5	NULL
real	IL	101	3	-15	   -4.00	0	    8.00	0	0	911207.00	-15	0	NULL
real	NR	102	3	15	    4.00	1	   -8.00	0	0	914948.00	-3	0	NULL
real	NL	103	3	15	   -4.00	0	    8.00	0	0	919301.00	-3	0	NULL
real	JR	104	3	15	    4.00	1	   -8.00	0	0	923172.00	-15	0	NULL
real	LL	105	3	15	   -4.00	0	    8.00	0	0	927254.00	15	0	NULL
real	FR	106	3	-15	    4.00	1	   -8.00	0	0	  474.21	-3	5	NULL
real	HR	107	3	15	    4.00	1	   -8.00	0	0	  493.13	-3	5	NULL
real	MR	108	3	-15	    4.00	1	   -8.00	0	0	940961.00	-3	0	NULL
real	QL	109	4	-15	    4.00	1	   -4.00	1	1	  491.19	-15	5	NULL
real	RL	110	4	15	    4.00	1	   -4.00	1	1	  634.32	-15	5	NULL
real	LL	111	4	15	    4.00	0	    8.00	0	0	953723.00	15	0	NULL
real	AL	112	4	-15	    4.00	1	   -4.00	1	1	  822.70	-15	7	NULL
real	PR	113	4	15	    8.00	1	   -2.00	1	2	963917.00	15	5	NULL
real	AR	114	4	-15	   -4.00	0	    4.00	1	1	  514.31	-15	7	NULL
real	RR	115	4	15	   -4.00	0	    4.00	1	1	  618.59	-15	5	NULL
real	CR	116	4	-15	   -4.00	1	   -8.00	0	0	979211.00	15	7	NULL
real	ER	117	4	-15	   -4.00	1	   -8.00	0	0	  734.18	-3	7	NULL
real	GR	118	4	15	   -4.00	0	    4.00	1	1	  533.31	-3	7	NULL
real	NL	119	4	15	    4.00	0	    8.00	0	0	995214.00	-3	0	NULL
real	OR	120	4	-15	   -4.00	1	   -8.00	0	0	1000475.00	15	5	NULL
real	ML	121	4	-15	   -8.00	0	    2.00	1	2	1006260.00	-3	0	NULL
real	GL	122	4	15	    4.00	1	   -4.00	1	1	  525.17	-3	7	NULL
real	JR	123	4	15	   -4.00	0	    4.00	1	1	1016993.00	-15	0	NULL
real	JL	124	4	15	    4.00	1	   -4.00	1	1	1023731.00	-15	0	NULL
real	PL	125	4	15	    4.00	0	    8.00	0	0	1028386.00	15	5	NULL
real	EL	126	4	-15	   -8.00	0	    2.00	1	2	  561.89	-3	7	NULL
real	QR	127	4	-15	   -4.00	0	    4.00	1	1	  537.55	-15	5	NULL
real	BR	128	4	15	   -4.00	0	    4.00	1	1	  820.30	-15	7	NULL
real	FL	129	4	-15	   -8.00	0	    2.00	1	2	  566.66	-3	5	NULL
real	IL	130	4	-15	    4.00	1	   -4.00	1	1	1054987.00	-15	0	NULL
real	FR	131	4	-15	   -4.00	1	   -8.00	0	0	  813.75	-3	5	NULL
real	KL	132	4	-15	  -14.00	0	    2.00	0	2	1067486.00	15	0	NULL
real	HL	133	4	15	    4.00	1	   -4.00	1	1	  572.86	-3	5	NULL
real	IR	134	4	-15	   -4.00	0	    4.00	1	1	1080480.00	-15	0	NULL
real	HR	135	4	15	   -4.00	0	    4.00	1	1	  652.76	-3	5	NULL
real	KR	136	4	-15	   -4.00	1	   -8.00	0	0	1091414.00	15	0	NULL
real	CL	137	4	-15	   -8.00	1	   -4.00	0	1	1097409.00	15	7	NULL
real	BL	138	4	15	    4.00	1	   -4.00	1	1	  600.61	-15	7	NULL
real	OL	139	4	-15	   -8.00	0	    2.00	1	2	1106317.00	15	5	NULL
real	MR	140	4	-15	   -4.00	1	   -8.00	0	0	1114355.00	-3	0	NULL
real	DR	141	4	15	    8.00	1	   -2.00	1	2	1120468.00	15	7	NULL
real	NR	142	4	15	   -4.00	0	    4.00	1	1	1127250.00	-3	0	NULL
real	LR	143	4	15	    8.00	1	   -2.00	1	2	1132191.00	15	0	NULL
real	DL	144	4	15	    4.00	0	    8.00	0	0	1139035.00	15	7	NULL
real	NR	145	5	15	    0.00	0	    4.00	0	1	1144517.00	-3	0	NULL
real	BL	146	5	15	    0.00	0	    2.00	1	2	  645.31	-15	7	NULL
real	JL	147	5	15	    0.00	0	    2.00	1	2	1155275.00	-15	0	NULL
real	CR	148	5	-15	  -12.00	0	    4.00	1	1	1159581.00	15	7	NULL
real	HR	149	5	15	    0.00	0	    4.00	0	1	  601.54	-3	5	NULL
real	FL	150	5	-15	   -6.00	0	    2.00	0	2	  448.48	-3	5	NULL
real	OL	151	5	-15	   -6.00	0	    2.00	0	2	1172713.00	15	5	NULL
real	JR	152	5	15	    0.00	0	    4.00	0	1	1185028.00	-15	0	NULL
real	AR	153	5	-15	    0.00	1	   -2.00	1	2	 1636.18	-15	7	NULL
real	GR	154	5	15	    0.00	0	    4.00	0	1	  565.96	-3	7	NULL
real	IL	155	5	-15	    0.00	1	   -4.00	0	1	1203295.00	-15	0	NULL
real	NL	156	5	15	   12.00	1	   -4.00	1	1	1209068.00	-3	0	NULL
real	AL	157	5	-15	    0.00	1	   -4.00	0	1	 1717.04	-15	7	NULL
real	HL	158	5	15	    0.00	0	    2.00	1	2	  650.66	-3	5	NULL
real	GL	159	5	15	    0.00	0	    2.00	1	2	  661.73	-3	7	NULL
real	MR	160	5	-15	  -12.00	0	    4.00	1	1	1231494.00	-3	0	NULL
real	RR	161	5	15	    0.00	0	    4.00	0	1	  621.05	-15	5	NULL
real	ML	162	5	-15	   -6.00	0	    2.00	0	2	1246229.00	-3	0	NULL
real	RL	163	5	15	    0.00	1	   -4.00	0	1	  663.40	-15	5	NULL
real	ER	164	5	-15	  -12.00	0	    4.00	1	1	  485.47	-3	7	NULL
real	BR	165	5	15	    0.00	0	    4.00	0	1	  803.88	-15	7	NULL
real	QR	166	5	-15	    0.00	0	    4.00	0	1	  614.92	-15	5	NULL
real	CL	167	5	-15	  -12.00	0	    2.00	1	2	1272743.00	15	7	NULL
real	OR	168	5	-15	  -12.00	0	    4.00	1	1	1277623.00	15	5	NULL
real	FR	169	5	-15	  -12.00	0	    4.00	1	1	  537.62	-3	5	NULL
real	LR	170	5	15	    6.00	1	   -2.00	0	2	1287012.00	15	0	NULL
real	QL	171	5	-15	    0.00	1	   -4.00	0	1	  456.43	-15	5	NULL
real	KR	172	5	-15	  -12.00	0	    4.00	1	1	1297562.00	15	0	NULL
real	KL	173	5	-15	  -12.00	0	    2.00	0	2	1305535.00	15	0	NULL
real	EL	174	5	-15	   -6.00	1	   -1.00	1	3	  748.28	-3	7	NULL
real	DR	175	5	15	    6.00	1	   -2.00	0	2	1315373.00	15	7	NULL
real	PR	176	5	15	    6.00	1	   -2.00	0	2	1320557.00	15	5	NULL
real	IR	177	5	-15	    0.00	1	   -2.00	1	2	1324829.00	-15	0	NULL
real	DL	178	5	15	   12.00	1	   -4.00	1	1	1328829.00	15	7	NULL
real	LL	179	5	15	   12.00	1	   -4.00	1	1	1333022.00	15	0	NULL
real	PL	180	5	15	   12.00	1	   -4.00	1	1	1337521.00	15	5	NULL
real	HL	181	6	15	    2.00	0	    2.00	0	2	  711.83	-3	5	NULL
real	KL	182	6	-15	  -10.00	0	    2.00	0	2	1350110.00	15	0	NULL
real	RL	183	6	15	   -4.00	0	    2.00	1	2	  523.60	-15	5	NULL
real	QR	184	6	-15	    4.00	1	   -2.00	1	2	  474.60	-15	5	NULL
real	NL	185	6	15	    8.00	1	   -4.00	0	1	1366820.00	-3	0	NULL
real	KR	186	6	-15	   -8.00	0	    4.00	0	1	1371620.00	15	0	NULL
real	JR	187	6	15	    4.00	0	    4.00	0	1	1375851.00	-15	0	NULL
real	OL	188	6	-15	   -4.00	1	   -1.00	1	3	1380413.00	15	5	NULL
real	CL	189	6	-15	  -10.00	0	    2.00	0	2	1389735.00	15	7	NULL
real	CR	190	6	-15	   -8.00	1	   -2.00	1	2	1394963.00	15	7	NULL
real	PL	191	6	15	    8.00	1	   -4.00	0	1	1400451.00	15	5	NULL
real	AR	192	6	-15	   -2.00	0	    1.00	1	3	  657.72	-15	7	NULL
real	RR	193	6	15	    4.00	1	   -2.00	1	2	  485.32	-15	5	NULL
real	LL	194	6	15	    8.00	1	   -4.00	0	1	1416812.00	15	0	NULL
real	JL	195	6	15	    2.00	1	   -1.00	1	3	1425296.00	-15	0	NULL
real	IR	196	6	-15	   -2.00	0	    1.00	1	3	1429430.00	-15	0	NULL
real	OR	197	6	-15	   -8.00	0	    4.00	0	1	1440134.00	15	5	NULL
real	MR	198	6	-15	   -8.00	0	    4.00	0	1	1445284.00	-3	0	NULL
real	BR	199	6	15	    4.00	1	   -2.00	1	2	  480.03	-15	7	NULL
real	QL	200	6	-15	   -4.00	0	    2.00	1	2	  507.36	-15	5	NULL
real	IL	201	6	-15	   -4.00	0	    2.00	1	2	1459175.00	-15	0	NULL
real	ML	202	6	-15	   -4.00	1	   -1.00	1	3	1463618.00	-3	0	NULL
real	NR	203	6	15	    4.00	1	   -2.00	1	2	1467642.00	-3	0	NULL
real	FL	204	6	-15	   -4.00	1	   -1.00	1	3	  672.75	-3	5	NULL
real	ER	205	6	-15	   -8.00	0	    4.00	0	1	  490.03	-3	7	NULL
real	BL	206	6	15	    2.00	1	   -1.00	1	3	  507.46	-15	7	NULL
real	GL	207	6	15	    2.00	0	    2.00	0	2	  752.42	-3	7	NULL
real	FR	208	6	-15	   -8.00	0	    4.00	0	1	  423.18	-3	5	NULL
real	DR	209	6	15	    4.00	0	    1.00	1	3	1506018.00	15	7	NULL
real	AL	210	6	-15	   -4.00	0	    2.00	1	2	 1595.61	-15	7	NULL
real	DL	211	6	15	    8.00	0	    2.00	1	2	1518774.00	15	7	NULL
real	EL	212	6	-15	   -7.00	1	   -1.00	0	3	  959.33	-3	7	NULL
real	PR	213	6	15	    4.00	0	    1.00	1	3	1532099.00	15	5	NULL
real	LR	214	6	15	    4.00	0	    1.00	1	3	1536465.00	15	0	NULL
real	HR	215	6	15	    4.00	0	    4.00	0	1	 1052.46	-3	5	NULL
real	GR	216	6	15	    4.00	0	    4.00	0	1	  957.88	-3	7	NULL
real	ER	217	7	-15	   -4.00	1	   -2.00	1	2	 1124.70	-3	7	NULL
real	KR	218	7	-15	   -4.00	1	   -2.00	1	2	1562064.00	15	0	NULL
real	PR	219	7	15	    5.00	0	    1.00	0	3	1568470.00	15	5	NULL
real	EL	220	7	-15	   -8.00	0	    1.00	1	4	  541.47	-3	7	NULL
real	DL	221	7	15	   10.00	1	   -1.00	1	3	1580844.00	15	7	NULL
real	IR	222	7	-15	   -1.00	0	    1.00	0	3	1585893.00	-15	0	NULL
real	AL	223	7	-15	   -2.00	0	    2.00	0	2	  434.15	-15	7	NULL
real	MR	224	7	-15	   -4.00	1	   -2.00	1	2	1594374.00	-3	0	NULL
real	DR	225	7	15	    5.00	1	   -1.00	1	4	1598276.00	15	7	NULL
real	FL	226	7	-15	   -5.00	0	    1.00	1	4	 1403.07	-3	5	NULL
real	RR	227	7	15	    2.00	1	   -2.00	0	2	  617.34	-15	5	NULL
real	GR	228	7	15	    8.00	1	   -2.00	1	2	  497.81	-3	7	NULL
real	OL	229	7	-15	   -5.00	1	   -1.00	0	3	1620523.00	15	5	NULL
real	QR	230	7	-15	    2.00	1	   -2.00	0	2	  559.85	-15	5	NULL
real	BR	231	7	15	    2.00	1	   -2.00	0	2	  527.06	-15	7	NULL
real	RL	232	7	15	   -2.00	1	   -1.00	1	3	  660.34	-15	5	NULL
real	ML	233	7	-15	   -5.00	1	   -1.00	0	3	1644331.00	-3	0	NULL
real	HR	234	7	15	    8.00	1	   -2.00	1	2	  444.22	-3	5	NULL
real	LR	235	7	15	    5.00	1	   -1.00	1	4	1652961.00	15	0	NULL
real	BL	236	7	15	    1.00	1	   -1.00	0	3	  585.61	-15	7	NULL
real	KL	237	7	-15	   -8.00	1	   -1.00	1	3	1662481.00	15	0	NULL
real	LL	238	7	15	    4.00	0	    2.00	1	2	1667504.00	15	0	NULL
real	PL	239	7	15	    4.00	0	    2.00	1	2	1674745.00	15	5	NULL
real	OR	240	7	-15	   -4.00	1	   -2.00	1	2	1679701.00	15	5	NULL
real	CL	241	7	-15	   -8.00	0	    2.00	0	2	1686629.00	15	7	NULL
real	FR	242	7	-15	   -4.00	1	   -2.00	1	2	  798.11	-3	5	NULL
real	AR	243	7	-15	   -1.00	1	   -1.00	1	4	  725.46	-15	7	NULL
real	GL	244	7	15	    4.00	1	   -1.00	1	3	  428.80	-3	7	NULL
real	JL	245	7	15	    1.00	1	   -1.00	0	3	1708491.00	-15	0	NULL
real	JR	246	7	15	    8.00	1	   -2.00	1	2	1712438.00	-15	0	NULL
real	QL	247	7	-15	   -2.00	0	    2.00	0	2	  693.95	-15	5	NULL
real	CR	248	7	-15	  -10.00	0	    1.00	1	3	1724303.00	15	7	NULL
real	HL	249	7	15	    4.00	1	   -1.00	1	3	  572.00	-3	5	NULL
real	IL	250	7	-15	   -2.00	1	   -1.00	1	3	1736283.00	-15	0	NULL
real	NL	251	7	15	    4.00	1	   -4.00	0	1	1747251.00	-3	0	NULL
real	NR	252	7	15	    2.00	0	    1.00	1	3	1752481.00	-3	0	NULL
real	CR	253	8	-15	   -9.00	0	    1.00	0	3	1756884.00	15	7	NULL
real	PR	254	8	15	    6.00	1	   -1.00	1	4	1762565.00	15	5	NULL
real	JL	255	8	15	    0.00	0	    1.00	1	4	1766758.00	-15	0	NULL
real	FL	256	8	-15	   -4.00	1	   -1.00	1	5	 1103.57	-3	5	NULL
real	NR	257	8	15	    3.00	0	    1.00	0	3	1778505.00	-3	0	NULL
real	RL	258	8	15	   -3.00	0	    1.00	1	4	  583.69	-15	5	NULL
real	GL	259	8	15	    3.00	0	    1.00	1	4	  680.41	-3	7	NULL
real	KR	260	8	-15	   -6.00	1	   -2.00	0	2	1796053.00	15	0	NULL
real	BL	261	8	15	    0.00	0	    1.00	1	4	  807.95	-15	7	NULL
real	AR	262	8	-15	   -2.00	0	    1.00	1	5	  818.36	-15	7	NULL
real	DR	263	8	15	    4.00	0	    1.00	1	5	1814043.00	15	7	NULL
real	AL	264	8	-15	    0.00	0	    2.00	0	2	 1521.70	-15	7	NULL
real	IR	265	8	-15	    0.00	1	   -1.00	1	4	1828756.00	-15	0	NULL
real	OR	266	8	-15	   -6.00	0	    1.00	1	3	1834905.00	15	5	NULL
real	CL	267	8	-15	   -6.00	1	   -1.00	1	3	1841343.00	15	7	NULL
real	FR	268	8	-15	   -6.00	0	    1.00	1	3	  547.81	-3	5	NULL
real	OL	269	8	-15	   -6.00	1	   -1.00	0	3	1855038.00	15	5	NULL
real	ER	270	8	-15	   -6.00	1	   -2.00	0	2	  655.68	-3	7	NULL
real	PL	271	8	15	    6.00	0	    2.00	0	2	1866766.00	15	5	NULL
real	EL	272	8	-15	   -7.00	0	    1.00	0	4	  648.13	-3	7	NULL
real	IL	273	8	-15	   -3.00	0	    1.00	1	4	1881021.00	-15	0	NULL
real	GR	274	8	15	    6.00	1	   -2.00	0	2	  505.17	-3	7	NULL
real	HR	275	8	15	    6.00	1	   -2.00	0	2	  493.13	-3	5	NULL
real	HL	276	8	15	    3.00	0	    1.00	1	4	 1276.76	-3	5	NULL
real	QR	277	8	-15	    0.00	0	    1.00	1	3	 1220.59	-15	5	NULL
real	LR	278	8	15	    4.00	0	    1.00	1	5	1917108.00	15	0	NULL
real	ML	279	8	-15	   -6.00	0	    1.00	1	4	1925772.00	-3	0	NULL
real	LL	280	8	15	    6.00	1	   -1.00	1	3	1929811.00	15	0	NULL
real	NL	281	8	15	    0.00	0	    2.00	1	2	1933922.00	-3	0	NULL
real	BR	282	8	15	    0.00	0	    1.00	1	3	  724.14	-15	7	NULL
real	MR	283	8	-15	   -6.00	0	    1.00	1	3	1949357.00	-3	0	NULL
real	KL	284	8	-15	   -9.00	0	    1.00	1	4	1953407.00	15	0	NULL
real	QL	285	8	-15	    0.00	1	   -1.00	1	3	 1064.28	-15	5	NULL
real	DL	286	8	15	    9.00	1	   -1.00	0	3	1963491.00	15	7	NULL
real	RR	287	8	15	    0.00	0	    1.00	1	3	  842.61	-15	5	NULL
real	JR	288	8	15	    6.00	1	   -2.00	0	2	1977283.00	-15	0	NULL
real	NR	289	9	15	    4.00	0	    1.00	0	3	1981736.00	-3	0	NULL
real	LR	290	9	15	    5.00	0	    1.00	0	5	1993087.00	15	0	NULL
real	GR	291	9	15	    4.00	1	   -2.00	0	2	  586.86	-3	7	NULL
real	FR	292	9	-15	   -5.00	0	    1.00	0	3	  538.39	-3	5	NULL
real	JR	293	9	15	    4.00	1	   -2.00	0	2	2009329.00	-15	0	NULL
real	AR	294	9	-15	   -1.00	0	    1.00	0	5	  511.21	-15	7	NULL
real	ER	295	9	-15	   -8.00	0	    1.00	1	3	  550.20	-3	7	NULL
real	HR	296	9	15	    4.00	1	   -2.00	0	2	  497.47	-3	5	NULL
real	PL	297	9	15	    8.00	1	   -1.00	1	3	2035976.00	15	5	NULL
real	BR	298	9	15	    1.00	0	    1.00	0	3	 1058.53	-15	7	NULL
real	LL	299	9	15	    5.00	0	    1.00	1	4	2046035.00	15	0	NULL
real	KR	300	9	-15	   -8.00	1	   -2.00	0	2	2051112.00	15	0	NULL
real	DR	301	9	15	    5.00	1	   -1.00	1	6	2055311.00	15	7	NULL
real	DL	302	9	15	    8.00	1	   -1.00	0	3	2071637.00	15	7	NULL
real	IL	303	9	-15	   -2.00	0	    1.00	0	4	2075280.00	-15	0	NULL
real	OR	304	9	-15	   -5.00	1	   -1.00	1	4	2084872.00	15	5	NULL
real	EL	305	9	-15	   -6.00	0	    1.00	0	4	  740.44	-3	7	NULL
real	ML	306	9	-15	   -5.00	1	   -1.00	1	5	2097893.00	-3	0	NULL
real	AL	307	9	-15	    2.00	1	   -1.00	1	3	  618.72	-15	7	NULL
real	RL	308	9	15	   -2.00	0	    1.00	0	4	  689.89	-15	5	NULL
real	PR	309	9	15	    5.00	1	   -1.00	0	4	2115259.00	15	5	NULL
real	RR	310	9	15	    1.00	1	   -1.00	1	4	  621.56	-15	5	NULL
real	JL	311	9	15	    1.00	0	    1.00	0	4	2125658.00	-15	0	NULL
real	MR	312	9	-15	   -5.00	1	   -1.00	1	4	2133000.00	-3	0	NULL
real	CL	313	9	-15	   -7.00	0	    1.00	1	4	2137874.00	15	7	NULL
real	CR	314	9	-15	   -8.00	0	    1.00	0	3	2147097.00	15	7	NULL
real	FL	315	9	-15	   -5.00	0	    1.00	1	6	 1012.19	-3	5	NULL
real	NL	316	9	15	    2.00	0	    2.00	0	2	2163401.00	-3	0	NULL
real	IR	317	9	-15	   -1.00	0	    1.00	1	5	2167433.00	-15	0	NULL
real	HL	318	9	15	    4.00	1	   -1.00	1	5	  606.15	-3	5	NULL
real	KL	319	9	-15	   -8.00	0	    1.00	0	4	2187205.00	15	0	NULL
real	GL	320	9	15	    4.00	1	   -1.00	1	5	  475.91	-3	7	NULL
real	BL	321	9	15	    1.00	1	   -1.00	1	5	  643.41	-15	7	NULL
real	OL	322	9	-15	   -7.00	0	    1.00	1	4	2209599.00	15	5	NULL
real	QR	323	9	-15	    1.00	1	   -1.00	1	4	  572.16	-15	5	NULL
real	QL	324	9	-15	   -1.00	0	    1.00	1	4	  858.00	-15	5	NULL
real	OL	325	10	-15	   -6.00	1	   -1.00	1	5	2229558.00	15	5	NULL
real	GL	326	10	15	    3.00	1	   -1.00	0	5	  455.28	-3	7	NULL
real	CL	327	10	-15	   -6.00	1	   -1.00	1	5	2240132.00	15	7	NULL
real	HL	328	10	15	    3.00	1	   -1.00	0	5	  429.89	-3	5	NULL
real	FR	329	10	-15	   -4.00	1	   -1.00	1	4	  677.40	-3	5	NULL
real	PR	330	10	15	    4.00	0	    1.00	1	5	2255929.00	15	5	NULL
real	ML	331	10	-15	   -6.00	1	   -1.00	0	5	2266603.00	-3	0	NULL
real	RL	332	10	15	   -1.00	0	    1.00	0	4	 1015.18	-15	5	NULL
real	KL	333	10	-15	   -7.00	1	   -1.00	1	5	2280633.00	15	0	NULL
real	QR	334	10	-15	    0.00	1	   -1.00	0	4	  439.19	-15	5	NULL
real	DL	335	10	15	    7.00	1	   -1.00	0	3	2289891.00	15	7	NULL
real	QL	336	10	-15	    0.00	1	   -1.00	1	5	  416.88	-15	5	NULL
real	BR	337	10	15	    2.00	1	   -1.00	1	4	  413.19	-15	7	NULL
real	ER	338	10	-15	   -7.00	0	    1.00	0	3	  519.95	-3	7	NULL
real	BL	339	10	15	    0.00	1	   -1.00	0	5	  415.18	-15	7	NULL
real	EL	340	10	-15	   -5.00	0	    1.00	0	4	  407.42	-3	7	NULL
real	AL	341	10	-15	    1.00	1	   -1.00	0	3	  410.69	-15	7	NULL
real	CR	342	10	-15	   -7.00	0	    1.00	0	3	2321704.00	15	7	NULL
real	NL	343	10	15	    4.00	1	   -1.00	1	3	2325602.00	-3	0	NULL
real	IL	344	10	-15	   -1.00	0	    1.00	0	4	2329879.00	-15	0	NULL
real	RR	345	10	15	    0.00	1	   -1.00	0	4	  644.40	-15	5	NULL
real	IR	346	10	-15	    0.00	1	   -1.00	1	6	2341300.00	-15	0	NULL
real	OR	347	10	-15	   -6.00	1	   -1.00	0	4	2345689.00	15	5	NULL
real	KR	348	10	-15	  -10.00	0	    1.00	1	3	2354207.00	15	0	NULL
real	JR	349	10	15	    2.00	1	   -2.00	0	2	2360608.00	-15	0	NULL
real	JL	350	10	15	    2.00	1	   -1.00	1	5	2365073.00	-15	0	NULL
real	LL	351	10	15	    6.00	0	    1.00	0	4	2370360.00	15	0	NULL
real	NR	352	10	15	    5.00	1	   -1.00	1	4	2384886.00	-3	0	NULL
real	PL	353	10	15	    7.00	1	   -1.00	0	3	2389415.00	15	5	NULL
real	LR	354	10	15	    6.00	1	   -1.00	1	6	2396209.00	15	0	NULL
real	AR	355	10	-15	    0.00	0	    1.00	0	5	  685.34	-15	7	NULL
real	GR	356	10	15	    2.00	0	    1.00	1	3	  851.63	-3	7	NULL
real	HR	357	10	15	    2.00	0	    1.00	1	3	  672.98	-3	5	NULL
real	DR	358	10	15	    4.00	0	    1.00	1	7	2419258.00	15	7	NULL
real	FL	359	10	-15	   -4.00	0	    1.00	0	6	  523.35	-3	5	NULL
real	MR	360	10	-15	   -6.00	0	    1.00	1	5	2429392.00	-3	0	NULL
real	RR	361	11	15	   -1.00	0	    1.00	1	5	  621.78	-15	5	NULL
real	PL	362	11	15	    6.00	0	    1.00	1	4	2440430.00	15	5	NULL
real	FL	363	11	-15	   -3.00	1	   -1.00	1	7	  787.01	-3	5	NULL
real	KR	364	11	-15	   -9.00	0	    1.00	0	3	2451567.00	15	0	NULL
real	HR	365	11	15	    3.00	1	   -1.00	1	4	  476.39	-3	5	NULL
real	HL	366	11	15	    2.00	1	   -1.00	0	5	  522.26	-3	5	NULL
real	LL	367	11	15	    7.00	1	   -1.00	1	5	2473309.00	15	0	NULL
real	PR	368	11	15	    5.00	0	    1.00	0	5	2482226.00	15	5	NULL
real	OR	369	11	-15	   -7.00	0	    1.00	1	5	2486791.00	15	5	NULL
real	AL	370	11	-15	    0.00	1	   -1.00	0	3	  639.27	-15	7	NULL
real	FR	371	11	-15	   -5.00	0	    1.00	1	5	  658.81	-3	5	NULL
real	ML	372	11	-15	   -7.00	1	   -1.00	0	5	2506335.00	-3	0	NULL
real	ER	373	11	-15	   -6.00	0	    1.00	0	3	  639.11	-3	7	NULL
real	GR	374	11	15	    3.00	1	   -1.00	1	4	  505.77	-3	7	NULL
real	IL	375	11	-15	    0.00	1	   -1.00	1	5	2526562.00	-15	0	NULL
real	CR	376	11	-15	   -6.00	0	    1.00	0	3	2531049.00	15	7	NULL
real	JL	377	11	15	    1.00	1	   -1.00	0	5	2535096.00	-15	0	NULL
real	DR	378	11	15	    5.00	1	   -1.00	1	8	2539104.00	15	7	NULL
real	NL	379	11	15	    3.00	1	   -1.00	0	3	2543370.00	-3	0	NULL
real	QR	380	11	-15	   -1.00	0	    1.00	1	5	  682.11	-15	5	NULL
real	OL	381	11	-15	   -7.00	1	   -1.00	0	5	2559684.00	15	5	NULL
real	QL	382	11	-15	   -1.00	1	   -1.00	0	5	  691.51	-15	5	NULL
real	BL	383	11	15	   -1.00	0	    1.00	1	6	  891.31	-15	7	NULL
real	LR	384	11	15	    5.00	1	   -1.00	0	6	2581667.00	15	0	NULL
real	IR	385	11	-15	   -1.00	0	    1.00	1	7	2585839.00	-15	0	NULL
real	MR	386	11	-15	   -5.00	0	    1.00	0	5	2591691.00	-3	0	NULL
real	RL	387	11	15	    0.00	1	   -1.00	1	5	  955.90	-15	5	NULL
real	JR	388	11	15	    0.00	1	   -2.00	0	2	2599792.00	-15	0	NULL
real	DL	389	11	15	    6.00	1	   -1.00	0	3	2604681.00	15	7	NULL
real	KL	390	11	-15	   -8.00	0	    1.00	1	6	2609573.00	15	0	NULL
real	EL	391	11	-15	   -4.00	1	   -1.00	1	5	  637.94	-3	7	NULL
real	NR	392	11	15	    4.00	1	   -1.00	0	4	2620526.00	-3	0	NULL
real	CL	393	11	-15	   -7.00	1	   -1.00	0	5	2625675.00	15	7	NULL
real	AR	394	11	-15	    1.00	1	   -1.00	1	6	  447.41	-15	7	NULL
real	BR	395	11	15	    1.00	1	   -1.00	0	4	  460.01	-15	7	NULL
real	GL	396	11	15	    2.00	1	   -1.00	0	5	  360.49	-3	7	NULL
real	IR	397	12	-15	    0.00	1	   -1.00	1	8	2643085.00	-15	0	NULL
real	BL	398	12	15	    0.00	1	   -1.00	1	7	  356.96	-15	7	NULL
real	FL	399	12	-15	   -4.00	0	    1.00	1	8	  595.48	-3	5	NULL
real	JR	400	12	15	   -2.00	0	    1.00	1	3	2722301.00	-15	0	NULL
real	DL	401	12	15	    5.00	1	   -1.00	0	3	2727657.00	15	7	NULL
real	FR	402	12	-15	   -4.00	0	    1.00	0	5	  453.40	-3	5	NULL
real	RL	403	12	15	   -1.00	0	    1.00	1	6	  702.16	-15	5	NULL
real	GR	404	12	15	    2.00	1	   -1.00	0	4	  467.02	-3	7	NULL
real	AL	405	12	-15	   -1.00	0	    1.00	1	4	  588.44	-15	7	NULL
real	PL	406	12	15	    7.00	1	   -1.00	1	5	2746529.00	15	5	NULL
real	EL	407	12	-15	   -5.00	0	    1.00	1	6	  458.30	-3	7	NULL
real	LR	408	12	15	    4.00	1	   -1.00	0	6	2754028.00	15	0	NULL
real	NL	409	12	15	    2.00	0	    1.00	1	4	2758013.00	-3	0	NULL
real	MR	410	12	-15	   -4.00	0	    1.00	0	5	2761990.00	-3	0	NULL
real	ML	411	12	-15	   -8.00	0	    1.00	1	6	2767772.00	-3	0	NULL
real	KL	412	12	-15	   -7.00	0	    1.00	0	6	2771861.00	15	0	NULL
real	CR	413	12	-15	   -5.00	1	   -1.00	1	4	2776465.00	15	7	NULL
real	HL	414	12	15	    1.00	1	   -1.00	0	5	  396.76	-3	5	NULL
real	LL	415	12	15	    6.00	1	   -1.00	0	5	2784752.00	15	0	NULL
real	AR	416	12	-15	    0.00	1	   -1.00	0	6	  622.91	-15	7	NULL
real	NR	417	12	15	    3.00	1	   -1.00	0	4	2795345.00	-3	0	NULL
real	KR	418	12	-15	   -8.00	0	    1.00	0	3	2800114.00	15	0	NULL
real	ER	419	12	-15	   -5.00	1	   -1.00	1	4	  789.15	-3	7	NULL
real	RR	420	12	15	    0.00	1	   -1.00	1	6	  406.57	-15	5	NULL
real	DR	421	12	15	    4.00	1	   -1.00	0	8	2814633.00	15	7	NULL
real	JL	422	12	15	    0.00	0	    1.00	1	6	2819750.00	-15	0	NULL
real	OL	423	12	-15	   -8.00	0	    1.00	1	6	2828081.00	15	5	NULL
real	QR	424	12	-15	    0.00	1	   -1.00	1	6	  718.64	-15	5	NULL
real	HR	425	12	15	    2.00	1	   -1.00	0	4	  466.71	-3	5	NULL
real	OR	426	12	-15	   -6.00	0	    1.00	0	5	2839628.00	15	5	NULL
real	IL	427	12	-15	   -1.00	1	   -1.00	0	5	2844316.00	-15	0	NULL
real	GL	428	12	15	    1.00	1	   -1.00	0	5	  382.72	-3	7	NULL
real	CL	429	12	-15	   -8.00	0	    1.00	1	6	2852532.00	15	7	NULL
real	PR	430	12	15	    6.00	1	   -1.00	1	6	2857119.00	15	5	NULL
real	BR	431	12	15	    0.00	1	   -1.00	0	4	  368.16	-15	7	NULL
real	QL	432	12	-15	   -2.00	0	    1.00	1	6	  854.54	-15	5	NULL
real	PL	433	13	15	    6.00	1	   -1.00	0	5	2868579.00	15	5	NULL
real	FL	434	13	-15	   -3.00	0	    1.00	0	8	  558.21	-3	5	NULL
real	HL	435	13	15	    0.00	0	    1.00	1	6	  547.67	-3	5	NULL
real	NL	436	13	15	    3.00	0	    1.00	0	4	2879868.00	-3	0	NULL
real	BR	437	13	15	   -1.00	0	    1.00	1	5	  445.27	-15	7	NULL
real	BL	438	13	15	   -1.00	0	    1.00	1	8	  526.07	-15	7	NULL
real	AR	439	13	-15	   -1.00	0	    1.00	1	7	  405.80	-15	7	NULL
real	CR	440	13	-15	   -6.00	0	    1.00	1	5	2896320.00	15	7	NULL
real	JR	441	13	15	   -1.00	0	    1.00	0	3	2899917.00	-15	0	NULL
real	GL	442	13	15	    0.00	0	    1.00	1	6	  443.64	-3	7	NULL
real	OR	443	13	-15	   -5.00	1	   -1.00	1	6	2908218.00	15	5	NULL
real	IL	444	13	-15	   -2.00	0	    1.00	1	6	2913285.00	-15	0	NULL
real	GR	445	13	15	    1.00	1	   -1.00	0	4	  401.64	-3	7	NULL
real	ML	446	13	-15	   -7.00	0	    1.00	0	6	2921968.00	-3	0	NULL
real	OL	447	13	-15	   -7.00	0	    1.00	0	6	2926306.00	15	5	NULL
real	QR	448	13	-15	   -1.00	1	   -1.00	0	6	  702.37	-15	5	NULL
real	JL	449	13	15	    1.00	1	   -1.00	1	7	2933609.00	-15	0	NULL
real	ER	450	13	-15	   -6.00	1	   -1.00	0	4	  659.44	-3	7	NULL
real	DL	451	13	15	    4.00	1	   -1.00	0	3	2942657.00	15	7	NULL
real	NR	452	13	15	    2.00	1	   -1.00	0	4	2946890.00	-3	0	NULL
real	IR	453	13	-15	   -1.00	0	    1.00	1	9	2952337.00	-15	0	NULL
real	DR	454	13	15	    3.00	1	   -1.00	0	8	2957585.00	15	7	NULL
real	FR	455	13	-15	   -3.00	0	    1.00	0	5	  514.77	-3	5	NULL
real	KL	456	13	-15	   -6.00	1	   -1.00	1	7	2966506.00	15	0	NULL
real	QL	457	13	-15	   -1.00	0	    1.00	0	6	  689.48	-15	5	NULL
real	LL	458	13	15	    5.00	0	    1.00	1	6	2975270.00	15	0	NULL
real	HR	459	13	15	    1.00	1	   -1.00	0	4	  413.15	-3	5	NULL
real	EL	460	13	-15	   -4.00	0	    1.00	0	6	  538.03	-3	7	NULL
real	KR	461	13	-15	   -7.00	0	    1.00	0	3	2989250.00	15	0	NULL
real	CL	462	13	-15	   -7.00	1	   -1.00	1	7	2994322.00	15	7	NULL
real	LR	463	13	15	    3.00	1	   -1.00	0	6	2999308.00	15	0	NULL
real	RL	464	13	15	    0.00	0	    1.00	0	6	  744.85	-15	5	NULL
real	AL	465	13	-15	    0.00	0	    1.00	0	4	  847.13	-15	7	NULL
real	PR	466	13	15	    5.00	1	   -1.00	0	6	3014432.00	15	5	NULL
real	RR	467	13	15	   -1.00	0	    1.00	1	7	  639.66	-15	5	NULL
real	MR	468	13	-15	   -3.00	1	   -1.00	1	6	3026007.00	-3	0	NULL
real	AL	469	14	-15	    1.00	1	   -1.00	1	5	  476.15	-15	7	NULL
real	BR	470	14	15	    0.00	1	   -1.00	1	6	  581.09	-15	7	NULL
real	LL	471	14	15	    6.00	1	   -1.00	1	7	3043665.00	15	0	NULL
real	FL	472	14	-15	   -2.00	1	   -1.00	1	9	  463.46	-3	5	NULL
real	LR	473	14	15	    2.00	1	   -1.00	0	6	3052674.00	15	0	NULL
real	NR	474	14	15	    1.00	0	    1.00	1	5	3058965.00	-3	0	NULL
real	AR	475	14	-15	    0.00	1	   -1.00	1	8	 1163.34	-15	7	NULL
real	BL	476	14	15	    0.00	0	    1.00	0	8	  862.91	-15	7	NULL
real	PL	477	14	15	    5.00	0	    1.00	1	6	3072864.00	15	5	NULL
real	OL	478	14	-15	   -6.00	0	    1.00	0	6	3077620.00	15	5	NULL
real	KR	479	14	-15	   -6.00	1	   -1.00	1	4	3085772.00	15	0	NULL
real	KL	480	14	-15	   -7.00	1	   -1.00	0	7	3093414.00	15	0	NULL
real	DR	481	14	15	    2.00	1	   -1.00	0	8	3098482.00	15	7	NULL
real	EL	482	14	-15	   -3.00	1	   -1.00	1	7	  612.22	-3	7	NULL
real	DL	483	14	15	    3.00	0	    1.00	1	4	3107288.00	15	7	NULL
real	CL	484	14	-15	   -8.00	0	    1.00	1	8	3112626.00	15	7	NULL
real	NL	485	14	15	    4.00	1	   -1.00	1	5	3116862.00	-3	0	NULL
real	GL	486	14	15	    1.00	1	   -1.00	1	7	  475.28	-3	7	NULL
real	MR	487	14	-15	   -4.00	1	   -1.00	0	6	3124760.00	-3	0	NULL
real	IL	488	14	-15	   -1.00	1	   -1.00	1	7	3128492.00	-15	0	NULL
real	IR	489	14	-15	    0.00	1	   -1.00	1	10	3132334.00	-15	0	NULL
real	HL	490	14	15	    1.00	0	    1.00	0	6	  790.21	-3	5	NULL
real	RL	491	14	15	    1.00	1	   -1.00	1	7	  599.67	-15	5	NULL
real	JL	492	14	15	    0.00	0	    1.00	1	8	3150350.00	-15	0	NULL
real	RR	493	14	15	    0.00	1	   -1.00	1	8	  759.61	-15	5	NULL
real	ER	494	14	-15	   -7.00	0	    1.00	1	5	 1003.31	-3	7	NULL
real	QL	495	14	-15	    0.00	1	   -1.00	1	7	  642.98	-15	5	NULL
real	CR	496	14	-15	   -5.00	1	   -1.00	1	6	3171157.00	15	7	NULL
real	ML	497	14	-15	   -6.00	1	   -1.00	1	7	3176973.00	-3	0	NULL
real	PR	498	14	15	    4.00	1	   -1.00	0	6	3184224.00	15	5	NULL
real	FR	499	14	-15	   -2.00	1	   -1.00	1	6	  630.68	-3	5	NULL
real	GR	500	14	15	    0.00	0	    1.00	1	5	  748.56	-3	7	NULL
real	QR	501	14	-15	   -2.00	0	    1.00	1	7	  683.16	-15	5	NULL
real	OR	502	14	-15	   -6.00	1	   -1.00	0	6	3204890.00	15	5	NULL
real	HR	503	14	15	    0.00	0	    1.00	1	5	  969.62	-3	5	NULL
real	JR	504	14	15	    0.00	1	   -1.00	1	4	3213850.00	-15	0	NULL
real	GL	505	15	15	    0.00	0	    1.00	1	8	  629.23	-3	7	NULL
real	ER	506	15	-15	   -6.00	0	    1.00	0	5	 1255.88	-3	7	NULL
real	NL	507	15	15	    3.00	0	    1.00	1	6	3232455.00	-3	0	NULL
real	AR	508	15	-15	   -1.00	0	    1.00	1	9	 1174.61	-15	7	NULL
real	KL	509	15	-15	   -8.00	1	   -1.00	0	7	3242555.00	15	0	NULL
real	QL	510	15	-15	   -1.00	1	   -1.00	0	7	  606.06	-15	5	NULL
real	ML	511	15	-15	   -7.00	0	    1.00	1	8	3253721.00	-3	0	NULL
real	FL	512	15	-15	   -3.00	1	   -1.00	0	9	  509.24	-3	5	NULL
real	QR	513	15	-15	   -1.00	1	   -1.00	1	8	  721.27	-15	5	NULL
real	PR	514	15	15	    3.00	1	   -1.00	0	6	3266971.00	15	5	NULL
real	LL	515	15	15	    5.00	1	   -1.00	0	7	3273689.00	15	0	NULL
real	PL	516	15	15	    6.00	1	   -1.00	1	7	3279018.00	15	5	NULL
real	AL	517	15	-15	    0.00	1	   -1.00	0	5	 1201.89	-15	7	NULL
real	MR	518	15	-15	   -5.00	0	    1.00	1	7	3288510.00	-3	0	NULL
real	LR	519	15	15	    1.00	0	    1.00	1	7	3293016.00	15	0	NULL
real	CL	520	15	-15	   -7.00	0	    1.00	0	8	3298548.00	15	7	NULL
real	DR	521	15	15	    1.00	0	    1.00	1	9	3305994.00	15	7	NULL
real	OL	522	15	-15	   -5.00	1	   -1.00	1	7	3311009.00	15	5	NULL
real	OR	523	15	-15	   -7.00	0	    1.00	1	7	3318265.00	15	5	NULL
real	FR	524	15	-15	   -3.00	1	   -1.00	0	6	 1034.15	-3	5	NULL
real	RR	525	15	15	   -1.00	1	   -1.00	0	8	  917.71	-15	5	NULL
real	JR	526	15	15	   -1.00	1	   -1.00	0	4	3334923.00	-15	0	NULL
real	EL	527	15	-15	   -4.00	1	   -1.00	0	7	  652.68	-3	7	NULL
real	BL	528	15	15	    1.00	1	   -1.00	1	9	  504.64	-15	7	NULL
real	BR	529	15	15	   -1.00	1	   -1.00	0	6	  657.73	-15	7	NULL
real	IR	530	15	-15	   -1.00	1	   -1.00	0	10	3354904.00	-15	0	NULL
real	CR	531	15	-15	   -6.00	1	   -1.00	0	6	3359034.00	15	7	NULL
real	GR	532	15	15	    1.00	1	   -1.00	1	6	  506.41	-3	7	NULL
real	KR	533	15	-15	   -7.00	0	    1.00	1	5	3371264.00	15	0	NULL
real	HR	534	15	15	    1.00	1	   -1.00	1	6	  614.57	-3	5	NULL
real	NR	535	15	15	    2.00	1	   -1.00	1	6	3382934.00	-3	0	NULL
real	IL	536	15	-15	   -2.00	1	   -1.00	0	7	3387704.00	-15	0	NULL
real	JL	537	15	15	    1.00	1	   -1.00	1	9	3391479.00	-15	0	NULL
real	RL	538	15	15	    0.00	1	   -1.00	0	7	  506.40	-15	5	NULL
real	HL	539	15	15	    2.00	1	   -1.00	1	7	  409.60	-3	5	NULL
real	DL	540	15	15	    4.00	1	   -1.00	1	5	3413147.00	15	7	NULL
real	OL	541	16	-15	   -6.00	0	    1.00	1	8	3419183.00	15	5	NULL
real	IR	542	16	-15	   -2.00	0	    1.00	1	11	3425165.00	-15	0	NULL
real	LR	543	16	15	    2.00	0	    1.00	0	7	3430414.00	15	0	NULL
real	AL	544	16	-15	   -1.00	0	    1.00	1	6	  546.78	-15	7	NULL
real	CR	545	16	-15	   -7.00	0	    1.00	1	7	3439437.00	15	7	NULL
real	ER	546	16	-15	   -5.00	0	    1.00	0	5	  702.22	-3	7	NULL
real	HL	547	16	15	    1.00	0	    1.00	1	8	  570.18	-3	5	NULL
real	QR	548	16	-15	   -2.00	0	    1.00	1	9	  539.09	-15	5	NULL
real	DL	549	16	15	    3.00	0	    1.00	1	6	3457589.00	15	7	NULL
real	EL	550	16	-15	   -5.00	0	    1.00	1	8	  458.84	-3	7	NULL
real	PR	551	16	15	    2.00	0	    1.00	1	7	3466681.00	15	5	NULL
real	GL	552	16	15	    1.00	0	    1.00	0	8	  417.34	-3	7	NULL
real	LL	553	16	15	    4.00	0	    1.00	1	8	3475477.00	15	0	NULL
real	BR	554	16	15	   -2.00	0	    1.00	1	7	  725.15	-15	7	NULL
real	RR	555	16	15	   -2.00	0	    1.00	1	9	  500.29	-15	5	NULL
real	BL	556	16	15	    0.00	0	    1.00	1	10	  479.44	-15	7	NULL
real	NR	557	16	15	    1.00	0	    1.00	1	7	3496300.00	-3	0	NULL
real	DR	558	16	15	    2.00	0	    1.00	0	9	3500804.00	15	7	NULL
real	FR	559	16	-15	   -4.00	0	    1.00	1	7	  464.07	-3	5	NULL
real	AR	560	16	-15	    0.00	1	   -1.00	1	10	  715.80	-15	7	NULL
real	MR	561	16	-15	   -4.00	1	   -1.00	1	8	3516481.00	-3	0	NULL
real	JL	562	16	15	    0.00	1	   -1.00	0	9	3520676.00	-15	0	NULL
real	IL	563	16	-15	   -3.00	0	    1.00	1	8	3525441.00	-15	0	NULL
real	JR	564	16	15	   -2.00	1	   -1.00	0	4	3529478.00	-15	0	NULL
real	KR	565	16	-15	   -6.00	1	   -1.00	1	6	3535735.00	15	0	NULL
real	OR	566	16	-15	   -6.00	1	   -1.00	1	8	3541483.00	15	5	NULL
real	GR	567	16	15	    0.00	1	   -1.00	0	6	  398.33	-3	7	NULL
real	RL	568	16	15	   -1.00	1	   -1.00	0	7	  625.69	-15	5	NULL
real	PL	569	16	15	    5.00	1	   -1.00	0	7	3559104.00	15	5	NULL
real	KL	570	16	-15	   -9.00	0	    1.00	1	8	3563193.00	15	0	NULL
real	NL	571	16	15	    4.00	1	   -1.00	1	7	3570835.00	-3	0	NULL
real	CL	572	16	-15	   -6.00	1	   -1.00	1	9	3575124.00	15	7	NULL
real	ML	573	16	-15	   -6.00	1	   -1.00	1	9	3579288.00	-3	0	NULL
real	QL	574	16	-15	   -2.00	1	   -1.00	0	7	  901.02	-15	5	NULL
real	FL	575	16	-15	   -4.00	1	   -1.00	0	9	  521.58	-3	5	NULL
real	HR	576	16	15	    0.00	1	   -1.00	0	6	  521.75	-3	5	NULL
real	NR	577	17	15	    2.00	0	    1.00	0	7	3599801.00	-3	0	NULL
real	PL	578	17	15	    4.00	1	   -1.00	0	7	3605122.00	15	5	NULL
real	PR	579	17	15	    3.00	0	    1.00	0	7	3612402.00	15	5	NULL
real	HR	580	17	15	   -1.00	0	    1.00	1	7	  522.96	-3	5	NULL
real	BR	581	17	15	   -1.00	0	    1.00	0	7	  616.05	-15	7	NULL
real	FR	582	17	-15	   -3.00	0	    1.00	0	7	  692.79	-3	5	NULL
real	GR	583	17	15	   -1.00	0	    1.00	1	7	  619.84	-3	7	NULL
real	DR	584	17	15	    3.00	0	    1.00	0	9	3634782.00	15	7	NULL
real	IL	585	17	-15	   -2.00	0	    1.00	0	8	3639175.00	-15	0	NULL
real	KR	586	17	-15	   -7.00	0	    1.00	1	7	3647121.00	15	0	NULL
real	DL	587	17	15	    4.00	0	    1.00	0	6	3651898.00	15	7	NULL
real	QR	588	17	-15	   -1.00	0	    1.00	0	9	  716.26	-15	5	NULL
real	KL	589	17	-15	   -8.00	1	   -1.00	1	9	3663625.00	15	0	NULL
real	RL	590	17	15	   -2.00	0	    1.00	1	8	  950.19	-15	5	NULL
real	EL	591	17	-15	   -4.00	0	    1.00	0	8	  761.06	-3	7	NULL
real	OL	592	17	-15	   -5.00	1	   -1.00	1	9	3681417.00	15	5	NULL
real	QL	593	17	-15	   -3.00	0	    1.00	1	8	  693.40	-15	5	NULL
real	MR	594	17	-15	   -5.00	1	   -1.00	0	8	3694206.00	-3	0	NULL
real	NL	595	17	15	    3.00	0	    1.00	1	8	3700929.00	-3	0	NULL
real	AL	596	17	-15	    0.00	1	   -1.00	1	7	  779.98	-15	7	NULL
real	ML	597	17	-15	   -7.00	0	    1.00	1	10	3710994.00	-3	0	NULL
real	LL	598	17	15	    5.00	1	   -1.00	1	9	3715509.00	15	0	NULL
real	IR	599	17	-15	   -1.00	1	   -1.00	1	12	3719749.00	-15	0	NULL
real	JR	600	17	15	   -3.00	0	    1.00	1	5	3723631.00	-15	0	NULL
real	FL	601	17	-15	   -5.00	0	    1.00	1	10	  672.95	-3	5	NULL
real	HL	602	17	15	    2.00	1	   -1.00	1	9	  889.40	-3	5	NULL
real	RR	603	17	15	   -1.00	0	    1.00	0	9	  710.39	-15	5	NULL
real	LR	604	17	15	    3.00	0	    1.00	0	7	3741408.00	15	0	NULL
real	JL	605	17	15	   -1.00	0	    1.00	1	10	3746155.00	-15	0	NULL
real	OR	606	17	-15	   -7.00	0	    1.00	1	9	3751495.00	15	5	NULL
real	CR	607	17	-15	   -6.00	1	   -1.00	1	8	3758318.00	15	7	NULL
real	GL	608	17	15	    2.00	1	   -1.00	1	9	  989.62	-3	7	NULL
real	CL	609	17	-15	   -7.00	0	    1.00	1	10	3769889.00	15	7	NULL
real	AR	610	17	-15	   -1.00	0	    1.00	1	11	  838.35	-15	7	NULL
real	ER	611	17	-15	   -4.00	0	    1.00	0	5	  490.79	-3	7	NULL
real	BL	612	17	15	    1.00	1	   -1.00	1	11	  655.76	-15	7	NULL
real	DL	613	18	15	    5.00	1	   -1.00	1	7	3789577.00	15	7	NULL
real	LR	614	18	15	    4.00	1	   -1.00	1	8	3796098.00	15	0	NULL
real	GL	615	18	15	    1.00	0	    1.00	1	10	  711.40	-3	7	NULL
real	MR	616	18	-15	   -6.00	1	   -1.00	0	8	3804604.00	-3	0	NULL
real	QR	617	18	-15	    0.00	1	   -1.00	1	10	  580.43	-15	5	NULL
real	PR	618	18	15	    4.00	1	   -1.00	1	8	3820377.00	15	5	NULL
real	JR	619	18	15	   -2.00	0	    1.00	0	5	3837025.00	-15	0	NULL
real	RR	620	18	15	    0.00	1	   -1.00	1	10	  555.81	-15	5	NULL
real	DR	621	18	15	    4.00	1	   -1.00	1	10	3846084.00	15	7	NULL
real	AL	622	18	-15	   -1.00	0	    1.00	1	8	  725.27	-15	7	NULL
real	OL	623	18	-15	   -6.00	0	    1.00	1	10	3857667.00	15	5	NULL
real	KR	624	18	-15	   -6.00	1	   -1.00	1	8	3866654.00	15	0	NULL
real	HL	625	18	15	    1.00	0	    1.00	1	10	 1144.21	-3	5	NULL
real	ML	626	18	-15	   -6.00	0	    1.00	0	10	3874900.00	-3	0	NULL
real	BL	627	18	15	    0.00	1	   -1.00	0	11	  971.53	-15	7	NULL
real	NR	628	18	15	    3.00	1	   -1.00	1	8	3884581.00	-3	0	NULL
real	NL	629	18	15	    4.00	1	   -1.00	1	9	3889380.00	-3	0	NULL
real	OR	630	18	-15	   -6.00	1	   -1.00	1	10	3894599.00	15	5	NULL
real	QL	631	18	-15	   -2.00	1	   -1.00	1	9	  907.62	-15	5	NULL
real	CR	632	18	-15	   -7.00	0	    1.00	1	9	3903988.00	15	7	NULL
real	CL	633	18	-15	   -6.00	0	    1.00	0	10	3913384.00	15	7	NULL
real	KL	634	18	-15	   -9.00	0	    1.00	1	10	3921473.00	15	0	NULL
real	GR	635	18	15	    0.00	0	    1.00	0	7	  617.39	-3	7	NULL
real	FL	636	18	-15	   -4.00	1	   -1.00	1	11	  729.26	-3	5	NULL
real	EL	637	18	-15	   -3.00	1	   -1.00	1	9	  598.86	-3	7	NULL
real	LL	638	18	15	    4.00	1	   -1.00	0	9	3945373.00	15	0	NULL
real	FR	639	18	-15	   -2.00	1	   -1.00	1	8	  562.74	-3	5	NULL
real	HR	640	18	15	    0.00	0	    1.00	0	7	  793.18	-3	5	NULL
real	PL	641	18	15	    3.00	0	    1.00	1	8	3959135.00	15	5	NULL
real	ER	642	18	-15	   -3.00	1	   -1.00	1	6	  840.02	-3	7	NULL
real	JL	643	18	15	    0.00	1	   -1.00	1	11	3974750.00	-15	0	NULL
real	BR	644	18	15	    0.00	1	   -1.00	1	8	  731.40	-15	7	NULL
real	AR	645	18	-15	    0.00	1	   -1.00	1	12	  514.26	-15	7	NULL
real	IL	646	18	-15	   -1.00	1	   -1.00	1	9	3990161.00	-15	0	NULL
real	RL	647	18	15	   -1.00	1	   -1.00	1	9	  568.37	-15	5	NULL
real	OL	648	19	-15	   -5.00	0	    1.00	0	10	3999496.00	15	5	NULL
real	FR	649	19	-15	   -3.00	0	    1.00	1	9	 1844.82	-3	5	NULL
real	HR	650	19	15	    1.00	1	   -1.00	1	8	  578.09	-3	5	NULL
real	RL	651	19	15	   -2.00	0	    1.00	1	10	  676.34	-15	5	NULL
real	DL	652	19	15	    4.00	1	   -1.00	0	7	4015821.00	15	7	NULL
real	BR	653	19	15	   -1.00	0	    1.00	1	9	  914.73	-15	7	NULL
real	ER	654	19	-15	   -4.00	0	    1.00	1	7	  524.23	-3	7	NULL
real	HL	655	19	15	    2.00	1	   -1.00	1	11	  579.20	-3	5	NULL
real	EL	656	19	-15	   -4.00	0	    1.00	1	10	  675.33	-3	7	NULL
real	NL	657	19	15	    3.00	1	   -1.00	0	9	4036681.00	-3	0	NULL
real	IL	658	19	-15	   -2.00	1	   -1.00	0	9	4041814.00	-15	0	NULL
real	PL	659	19	15	    4.00	1	   -1.00	1	9	4046125.00	15	5	NULL
real	BL	660	19	15	   -1.00	0	    1.00	1	12	 1104.31	-15	7	NULL
real	GL	661	19	15	    2.00	0	    1.00	0	10	  912.24	-3	7	NULL
real	FL	662	19	-15	   -5.00	0	    1.00	1	12	  562.03	-3	5	NULL
real	KR	663	19	-15	   -7.00	0	    1.00	1	9	4067934.00	15	0	NULL
real	AL	664	19	-15	    0.00	1	   -1.00	1	9	  706.90	-15	7	NULL
real	NR	665	19	15	    2.00	1	   -1.00	0	8	4075240.00	-3	0	NULL
real	KL	666	19	-15	   -8.00	0	    1.00	0	10	4080105.00	15	0	NULL
real	DR	667	19	15	    3.00	0	    1.00	1	11	4085604.00	15	7	NULL
real	CL	668	19	-15	   -5.00	1	   -1.00	1	11	4091046.00	15	7	NULL
real	JL	669	19	15	   -1.00	1	   -1.00	0	11	4095950.00	-15	0	NULL
real	ML	670	19	-15	   -5.00	0	    1.00	0	10	4099724.00	-3	0	NULL
real	GR	671	19	15	    1.00	1	   -1.00	1	8	  495.27	-3	7	NULL
real	RR	672	19	15	   -1.00	1	   -1.00	0	10	  604.15	-15	5	NULL
real	JR	673	19	15	   -1.00	0	    1.00	0	5	4111193.00	-15	0	NULL
real	CR	674	19	-15	   -6.00	0	    1.00	0	9	4115860.00	15	7	NULL
real	OR	675	19	-15	   -7.00	0	    1.00	1	11	4121178.00	15	5	NULL
real	LL	676	19	15	    3.00	1	   -1.00	0	9	4126505.00	15	0	NULL
real	LR	677	19	15	    3.00	0	    1.00	1	9	4130575.00	15	0	NULL
real	QL	678	19	-15	   -3.00	0	    1.00	1	10	  547.02	-15	5	NULL
real	MR	679	19	-15	   -7.00	0	    1.00	1	9	4138885.00	-3	0	NULL
real	QR	680	19	-15	   -1.00	0	    1.00	1	11	  818.39	-15	5	NULL
real	PR	681	19	15	    3.00	1	   -1.00	0	8	4147850.00	15	5	NULL
real	RL	682	20	15	   -1.00	0	    1.00	0	10	  600.19	-15	5	NULL
real	HR	683	20	15	    0.00	0	    1.00	1	9	  512.95	-3	5	NULL
real	CR	684	20	-15	   -5.00	1	   -1.00	1	10	4160007.00	15	7	NULL
real	NL	685	20	15	    2.00	0	    1.00	1	10	4167277.00	-3	0	NULL
real	GR	686	20	15	    0.00	0	    1.00	1	9	  530.40	-3	7	NULL
real	QL	687	20	-15	   -2.00	0	    1.00	0	10	  521.52	-15	5	NULL
real	NR	688	20	15	    1.00	0	    1.00	1	9	4179147.00	-3	0	NULL
real	BR	689	20	15	    0.00	1	   -1.00	1	10	 1280.16	-15	7	NULL
real	PL	690	20	15	    3.00	0	    1.00	1	10	4188920.00	15	5	NULL
real	LL	691	20	15	    2.00	0	    1.00	1	10	4193718.00	15	0	NULL
real	MR	692	20	-15	   -6.00	0	    1.00	0	9	4200516.00	-3	0	NULL
real	AL	693	20	-15	   -1.00	0	    1.00	1	10	  709.85	-15	7	NULL
real	JR	694	20	15	    0.00	0	    1.00	0	5	4208474.00	-15	0	NULL
real	CL	695	20	-15	   -6.00	1	   -1.00	0	11	4213342.00	15	7	NULL
real	RR	696	20	15	   -2.00	0	    1.00	1	11	  725.23	-15	5	NULL
real	KR	697	20	-15	   -6.00	1	   -1.00	1	10	4223303.00	15	0	NULL
real	DL	698	20	15	    3.00	0	    1.00	1	8	4228749.00	15	7	NULL
real	QR	699	20	-15	    0.00	0	    1.00	0	11	 3408.19	-15	5	NULL
real	GL	700	20	15	    3.00	1	   -1.00	1	11	  738.33	-3	7	NULL
real	PR	701	20	15	    2.00	0	    1.00	1	9	4246660.00	15	5	NULL
real	OR	702	20	-15	   -6.00	1	   -1.00	1	12	4251852.00	15	5	NULL
real	LR	703	20	15	    4.00	1	   -1.00	1	10	4256830.00	15	0	NULL
real	IL	704	20	-15	   -3.00	0	    1.00	1	10	4261657.00	-15	0	NULL
real	FR	705	20	-15	   -2.00	1	   -1.00	1	10	  901.55	-3	5	NULL
real	OL	706	20	-15	   -4.00	1	   -1.00	1	11	4277622.00	15	5	NULL
real	ER	707	20	-15	   -3.00	1	   -1.00	1	8	  749.15	-3	7	NULL
real	EL	708	20	-15	   -3.00	0	    1.00	0	10	  491.23	-3	7	NULL
real	HL	709	20	15	    1.00	1	   -1.00	0	11	  456.87	-3	5	NULL
real	KL	710	20	-15	   -7.00	1	   -1.00	1	11	4292911.00	15	0	NULL
real	ML	711	20	-15	   -4.00	1	   -1.00	1	11	4296441.00	-3	0	NULL
real	JL	712	20	15	   -2.00	0	    1.00	1	12	4300132.00	-15	0	NULL
real	DR	713	20	15	    4.00	1	   -1.00	1	12	4306304.00	15	7	NULL
real	EL	714	21	-15	   -2.00	1	   -1.00	1	11	  598.96	-3	7	NULL
real	OL	715	21	-15	   -5.00	0	    1.00	1	12	4315932.00	15	5	NULL
real	GL	716	21	15	    2.00	1	   -1.00	0	11	  546.70	-3	7	NULL
real	ER	717	21	-15	   -4.00	1	   -1.00	0	8	 1093.45	-3	7	NULL
real	RL	718	21	15	    0.00	1	   -1.00	1	11	  620.41	-15	5	NULL
real	KR	719	21	-15	   -7.00	1	   -1.00	0	10	4333683.00	15	0	NULL
real	KL	720	21	-15	   -8.00	1	   -1.00	0	11	4340797.00	15	0	NULL
real	QR	721	21	-15	    1.00	1	   -1.00	1	12	  565.89	-15	5	NULL
real	NL	722	21	15	    3.00	1	   -1.00	1	11	4350566.00	-3	0	NULL
real	AL	723	21	-15	    0.00	1	   -1.00	1	11	  440.58	-15	7	NULL
real	RR	724	21	15	   -1.00	1	   -1.00	1	12	  503.02	-15	5	NULL
real	ML	725	21	-15	   -5.00	1	   -1.00	0	11	4365761.00	-3	0	NULL
real	PR	726	21	15	    3.00	0	    1.00	0	9	4370111.00	15	5	NULL
real	PL	727	21	15	    4.00	1	   -1.00	1	11	4388460.00	15	5	NULL
real	CR	728	21	-15	   -6.00	0	    1.00	1	11	4392747.00	15	7	NULL
real	MR	729	21	-15	   -5.00	0	    1.00	0	9	4397734.00	-3	0	NULL
real	HL	730	21	15	    0.00	0	    1.00	1	12	  818.17	-3	5	NULL
real	CL	731	21	-15	   -7.00	0	    1.00	1	12	4405622.00	15	7	NULL
real	FR	732	21	-15	   -3.00	0	    1.00	1	11	  531.40	-3	5	NULL
real	HR	733	21	15	    1.00	0	    1.00	0	9	  627.96	-3	5	NULL
real	BR	734	21	15	   -1.00	0	    1.00	1	11	  488.95	-15	7	NULL
real	LL	735	21	15	    3.00	0	    1.00	0	10	4422627.00	15	0	NULL
real	JR	736	21	15	    1.00	0	    1.00	0	5	4428110.00	-15	0	NULL
real	NR	737	21	15	    2.00	0	    1.00	0	9	4432243.00	-3	0	NULL
real	GR	738	21	15	    1.00	0	    1.00	0	9	  659.21	-3	7	NULL
real	DL	739	21	15	    4.00	0	    1.00	0	8	4444414.00	15	7	NULL
real	LR	740	21	15	    3.00	0	    1.00	1	11	4449526.00	15	0	NULL
real	QL	741	21	-15	   -1.00	0	    1.00	0	10	  573.96	-15	5	NULL
real	IL	742	21	-15	   -2.00	0	    1.00	0	10	4459744.00	-15	0	NULL
real	AL	743	22	-15	   -1.00	0	    1.00	1	12	  566.80	-15	7	NULL
real	KL	744	22	-15	   -9.00	0	    1.00	1	12	4467793.00	15	0	NULL
real	KR	745	22	-15	   -8.00	1	   -1.00	0	10	4473106.00	15	0	NULL
real	GR	746	22	15	    2.00	1	   -1.00	1	10	  563.34	-3	7	NULL
real	GL	747	22	15	    1.00	0	    1.00	1	12	  998.12	-3	7	NULL
real	EL	748	22	-15	   -3.00	0	    1.00	1	12	 1032.69	-3	7	NULL
real	ER	749	22	-15	   -5.00	0	    1.00	1	9	  818.84	-3	7	NULL
real	RL	750	22	15	   -1.00	0	    1.00	1	12	  723.03	-15	5	NULL
real	QL	751	22	-15	    0.00	1	   -1.00	1	11	  734.02	-15	5	NULL
real	NR	752	22	15	    3.00	0	    1.00	0	9	4508177.00	-3	0	NULL
real	LL	753	22	15	    4.00	0	    1.00	0	10	4512528.00	15	0	NULL
real	HR	754	22	15	    2.00	0	    1.00	0	9	  994.83	-3	5	NULL
real	DL	755	22	15	    5.00	1	   -1.00	1	9	4521375.00	15	7	NULL
real	IL	756	22	-15	   -1.00	0	    1.00	0	10	4528539.00	-15	0	NULL
real	ML	757	22	-15	   -6.00	0	    1.00	1	12	4532854.00	-3	0	NULL
real	NL	758	22	15	    2.00	0	    1.00	1	12	4537600.00	-3	0	NULL
real	BR	759	22	15	    0.00	0	    1.00	0	11	 1320.56	-15	7	NULL
real	CR	760	22	-15	   -5.00	0	    1.00	0	11	4548067.00	15	7	NULL
real	PL	761	22	15	    3.00	0	    1.00	1	12	4552674.00	15	5	NULL
real	MR	762	22	-15	   -4.00	0	    1.00	0	9	4557496.00	-3	0	NULL
real	JR	763	22	15	    2.00	0	    1.00	0	5	4561353.00	-15	0	NULL
real	PR	764	22	15	    4.00	0	    1.00	0	9	4566808.00	15	5	NULL
real	FR	765	22	-15	   -2.00	1	   -1.00	1	12	  580.89	-3	5	NULL
real	LR	766	22	15	    4.00	0	    1.00	0	11	4575587.00	15	0	NULL
real	DL	767	23	15	    4.00	0	    1.00	1	10	4582360.00	15	7	NULL
real	MR	768	23	-15	   -3.00	1	   -1.00	1	10	4586909.00	-3	0	NULL
real	PR	769	23	15	    5.00	0	    1.00	0	9	4590960.00	15	5	NULL
real	BR	770	23	15	    1.00	0	    1.00	0	11	 1021.49	-15	7	NULL
real	QL	771	23	-15	   -1.00	0	    1.00	1	12	  625.13	-15	5	NULL
real	HR	772	23	15	    3.00	0	    1.00	0	9	  745.81	-3	5	NULL
real	NR	773	23	15	    4.00	1	   -1.00	1	10	4607651.00	-3	0	NULL
real	IL	774	23	-15	    0.00	0	    1.00	0	10	4611256.00	-15	0	NULL
real	LL	775	23	15	    5.00	0	    1.00	0	10	4615313.00	15	0	NULL
real	JR	776	23	15	    3.00	0	    1.00	0	5	4620258.00	-15	0	NULL
real	ER	777	23	-15	   -4.00	0	    1.00	0	9	  540.00	-3	7	NULL
real	KR	778	23	-15	   -9.00	0	    1.00	1	11	4629672.00	15	0	NULL
real	LR	779	23	15	    5.00	1	   -1.00	1	12	4634269.00	15	0	NULL
real	GR	780	23	15	    1.00	0	    1.00	1	11	  619.69	-3	7	NULL
real	CR	781	23	-15	   -4.00	1	   -1.00	1	12	4646636.00	15	7	NULL
real	IL	782	24	-15	    1.00	1	   -1.00	1	11	4650262.00	-15	0	NULL
real	KR	783	24	-15	   -8.00	1	   -1.00	1	12	4654573.00	15	0	NULL
real	BR	784	24	15	    2.00	1	   -1.00	1	12	  467.29	-15	7	NULL
real	NR	785	24	15	    3.00	1	   -1.00	0	10	4661763.00	-3	0	NULL
real	HR	786	24	15	    4.00	1	   -1.00	1	10	  471.65	-3	5	NULL
real	LL	787	24	15	    6.00	0	    1.00	0	10	4670921.00	15	0	NULL
real	DL	788	24	15	    5.00	0	    1.00	0	10	4675756.00	15	7	NULL
real	ER	789	24	-15	   -3.00	0	    1.00	0	9	  624.65	-3	7	NULL
real	PR	790	24	15	    6.00	1	   -1.00	1	10	4687197.00	15	5	NULL
real	GR	791	24	15	    2.00	0	    1.00	0	11	  560.86	-3	7	NULL
real	MR	792	24	-15	   -4.00	1	   -1.00	0	10	4696086.00	-3	0	NULL
real	JR	793	24	15	    4.00	1	   -1.00	1	6	4700649.00	-15	0	NULL
real	IL	794	25	-15	    0.00	0	    1.00	1	12	4704669.00	-15	0	NULL
real	HR	795	25	15	    3.00	0	    1.00	1	11	  810.55	-3	5	NULL
real	DL	796	25	15	    6.00	1	   -1.00	1	11	4722854.00	15	7	NULL
real	LL	797	25	15	    7.00	1	   -1.00	1	11	4727693.00	15	0	NULL
real	GR	798	25	15	    3.00	0	    1.00	0	11	  951.48	-3	7	NULL
real	ER	799	25	-15	   -2.00	1	   -1.00	1	10	  666.27	-3	7	NULL
real	MR	800	25	-15	   -5.00	0	    1.00	1	11	4808757.00	-3	0	NULL
real	NR	801	25	15	    2.00	1	   -1.00	0	10	4813053.00	-3	0	NULL
real	PR	802	25	15	    5.00	1	   -1.00	0	10	4817020.00	15	5	NULL
real	JR	803	25	15	    3.00	1	   -1.00	0	6	4820497.00	-15	0	NULL
real	NR	804	26	15	    1.00	0	    1.00	1	11	4828009.00	-3	0	NULL
real	LL	805	26	15	    6.00	1	   -1.00	0	11	4832329.00	15	0	NULL
real	JR	806	26	15	    2.00	1	   -1.00	0	6	4836511.00	-15	0	NULL
real	DL	807	26	15	    5.00	1	   -1.00	0	11	4840486.00	15	7	NULL
real	ER	808	26	-15	   -3.00	0	    1.00	1	11	  491.77	-3	7	NULL
real	MR	809	26	-15	   -4.00	0	    1.00	0	11	4848784.00	-3	0	NULL
real	HR	810	26	15	    4.00	0	    1.00	0	11	 1272.95	-3	5	NULL
real	PR	811	26	15	    4.00	0	    1.00	1	11	4857537.00	15	5	NULL
real	GR	812	26	15	    4.00	1	   -1.00	1	12	  811.74	-3	7	NULL
real	DL	813	27	15	    4.00	0	    1.00	1	12	4866166.00	15	7	NULL
real	NR	814	27	15	    2.00	0	    1.00	0	11	4870099.00	-3	0	NULL
real	HR	815	27	15	    5.00	0	    1.00	0	11	  679.21	-3	5	NULL
real	PR	816	27	15	    5.00	0	    1.00	0	11	4878440.00	15	5	NULL
real	LL	817	27	15	    5.00	0	    1.00	1	12	4882916.00	15	0	NULL
real	MR	818	27	-15	   -3.00	1	   -1.00	1	12	4888510.00	-3	0	NULL
real	ER	819	27	-15	   -2.00	1	   -1.00	1	12	 1045.32	-3	7	NULL
real	JR	820	27	15	    1.00	1	   -1.00	0	6	4897512.00	-15	0	NULL
real	PR	821	28	15	    6.00	1	   -1.00	1	12	4903016.00	15	5	NULL
real	NR	822	28	15	    3.00	0	    1.00	0	11	4907085.00	-3	0	NULL
real	HR	823	28	15	    6.00	1	   -1.00	1	12	  481.06	-3	5	NULL
real	JR	824	28	15	    0.00	0	    1.00	1	7	4916164.00	-15	0	NULL
real	JR	825	29	15	    1.00	0	    1.00	0	7	4920486.00	-15	0	NULL
real	NR	826	29	15	    4.00	1	   -1.00	1	12	4925610.00	-3	0	NULL
real	JR	827	30	15	    2.00	0	    1.00	0	7	4932247.00	-15	0	NULL
real	JR	828	31	15	    3.00	1	   -1.00	1	8	4936890.00	-15	0	NULL
real	JR	829	32	15	    2.00	1	   -1.00	0	8	4945486.00	-15	0	NULL
real	JR	830	33	15	    1.00	1	   -1.00	0	8	4950449.00	-15	0	NULL
real	JR	831	34	15	    0.00	1	   -1.00	0	8	4954469.00	-15	0	NULL
real	JR	832	35	15	   -1.00	0	    1.00	1	9	4959099.00	-15	0	NULL
real	JR	833	36	15	    0.00	0	    1.00	0	9	4966281.00	-15	0	NULL
real	JR	834	37	15	    1.00	1	   -1.00	1	10	4975781.00	-15	0	NULL
real	JR	835	38	15	    0.00	0	    1.00	1	11	4981370.00	-15	0	NULL
real	JR	836	39	15	    1.00	1	   -1.00	1	12	4986043.00	-15	0	NULL
