TRIAL_TYPE	trial_variant	TRIAL_NUMBER	TRIAL_ITERATION_VAL	frame_tilt	rod_tilt	response	step_size	reversal	reversal_num	RT	probe_del	alpha_entrain_refreshes	rod_tilt_val
real	OL	1	1	-15	  -20.00	0	    8.00	0	0	288531.00	15	5	NULL
real	KL	2	1	-15	  -20.00	0	    8.00	0	0	298015.00	15	0	NULL
real	PR	3	1	15	   20.00	1	   -8.00	0	0	303609.00	15	5	NULL
real	IL	4	1	-15	  -20.00	0	    8.00	0	0	307886.00	-15	0	NULL
real	ER	5	1	-15	   20.00	1	   -8.00	0	0	  554.47	-3	7	NULL
real	GR	6	1	15	   20.00	1	   -8.00	0	0	  484.42	-3	7	NULL
real	IR	7	1	-15	   20.00	1	   -8.00	0	0	348607.00	-15	0	NULL
real	RR	8	1	15	   20.00	1	   -8.00	0	0	  620.36	-15	5	NULL
real	NL	9	1	15	  -20.00	0	    8.00	0	0	387463.00	-3	0	NULL
real	KR	10	1	-15	   20.00	1	   -8.00	0	0	410064.00	15	0	NULL
real	AR	11	1	-15	   20.00	1	   -8.00	0	0	  638.38	-15	7	NULL
real	NR	12	1	15	   20.00	1	   -8.00	0	0	591965.00	-3	0	NULL
real	DR	13	1	15	   20.00	1	   -8.00	0	0	596542.00	15	7	NULL
real	OR	14	1	-15	   20.00	1	   -8.00	0	0	601447.00	15	5	NULL
real	LR	15	1	15	   20.00	1	   -8.00	0	0	606065.00	15	0	NULL
real	RL	16	1	15	  -20.00	0	    8.00	0	0	  411.00	-15	5	NULL
real	FR	17	1	-15	   20.00	1	   -8.00	0	0	  471.21	-3	5	NULL
real	HL	18	1	15	  -20.00	0	    8.00	0	0	  629.57	-3	5	NULL
real	QR	19	1	-15	   20.00	1	   -8.00	0	0	  940.33	-15	5	NULL
real	CR	20	1	-15	   20.00	1	   -8.00	0	0	636583.00	15	7	NULL
real	QL	21	1	-15	  -20.00	0	    8.00	0	0	  540.67	-15	5	NULL
real	ML	22	1	-15	  -20.00	0	    8.00	0	0	645472.00	-3	0	NULL
real	CL	23	1	-15	  -20.00	0	    8.00	0	0	656190.00	15	7	NULL
real	BR	24	1	15	   20.00	1	   -8.00	0	0	  552.36	-15	7	NULL
real	JR	25	1	15	   20.00	1	   -8.00	0	0	666694.00	-15	0	NULL
real	AL	26	1	-15	  -20.00	0	    8.00	0	0	  402.97	-15	7	NULL
real	JL	27	1	15	  -20.00	0	    8.00	0	0	678596.00	-15	0	NULL
real	BL	28	1	15	  -20.00	0	    8.00	0	0	  615.36	-15	7	NULL
real	DL	29	1	15	  -20.00	0	    8.00	0	0	706908.00	15	7	NULL
real	PL	30	1	15	  -20.00	0	    8.00	0	0	711174.00	15	5	NULL
real	GL	31	1	15	  -20.00	0	    8.00	0	0	  481.76	-3	7	NULL
real	HR	32	1	15	   20.00	1	   -8.00	0	0	  357.89	-3	5	NULL
real	EL	33	1	-15	  -20.00	0	    8.00	0	0	  586.91	-3	7	NULL
real	LL	34	1	15	  -20.00	0	    8.00	0	0	780566.00	15	0	NULL
real	FL	35	1	-15	  -20.00	0	    8.00	0	0	  467.15	-3	5	NULL
real	MR	36	1	-15	   20.00	1	   -8.00	0	0	789930.00	-3	0	NULL
real	PL	37	2	15	  -12.00	0	    8.00	0	0	794331.00	15	5	NULL
real	LR	38	2	15	   12.00	1	   -8.00	0	0	798568.00	15	0	NULL
real	EL	39	2	-15	  -12.00	0	    8.00	0	0	  394.40	-3	7	NULL
real	RR	40	2	15	   12.00	1	   -8.00	0	0	  389.04	-15	5	NULL
real	IR	41	2	-15	   12.00	1	   -8.00	0	0	810178.00	-15	0	NULL
real	CR	42	2	-15	   12.00	1	   -8.00	0	0	815656.00	15	7	NULL
real	GL	43	2	15	  -12.00	0	    8.00	0	0	  444.26	-3	7	NULL
real	OL	44	2	-15	  -12.00	0	    8.00	0	0	823540.00	15	5	NULL
real	CL	45	2	-15	  -12.00	0	    8.00	0	0	829929.00	15	7	NULL
real	FR	46	2	-15	   12.00	1	   -8.00	0	0	  444.02	-3	5	NULL
real	ML	47	2	-15	  -12.00	0	    8.00	0	0	843014.00	-3	0	NULL
real	ER	48	2	-15	   12.00	1	   -8.00	0	0	  535.72	-3	7	NULL
real	QL	49	2	-15	  -12.00	0	    8.00	0	0	  463.65	-15	5	NULL
real	RL	50	2	15	  -12.00	0	    8.00	0	0	  517.31	-15	5	NULL
real	KR	51	2	-15	   12.00	1	   -8.00	0	0	860940.00	15	0	NULL
real	PR	52	2	15	   12.00	1	   -8.00	0	0	867345.00	15	5	NULL
real	QR	53	2	-15	   12.00	1	   -8.00	0	0	  364.87	-15	5	NULL
real	KL	54	2	-15	  -12.00	0	    8.00	0	0	879369.00	15	0	NULL
real	DR	55	2	15	   12.00	1	   -8.00	0	0	884009.00	15	7	NULL
real	MR	56	2	-15	   12.00	1	   -8.00	0	0	894236.00	-3	0	NULL
real	AL	57	2	-15	  -12.00	0	    8.00	0	0	  621.64	-15	7	NULL
real	JR	58	2	15	   12.00	1	   -8.00	0	0	909815.00	-15	0	NULL
real	NR	59	2	15	   12.00	1	   -8.00	0	0	914369.00	-3	0	NULL
real	LL	60	2	15	  -12.00	0	    8.00	0	0	922670.00	15	0	NULL
real	JL	61	2	15	  -12.00	0	    8.00	0	0	926597.00	-15	0	NULL
real	IL	62	2	-15	  -12.00	0	    8.00	0	0	930753.00	-15	0	NULL
real	AR	63	2	-15	   12.00	1	   -8.00	0	0	  665.54	-15	7	NULL
real	OR	64	2	-15	   12.00	1	   -8.00	0	0	940428.00	15	5	NULL
real	HL	65	2	15	  -12.00	0	    8.00	0	0	  467.41	-3	5	NULL
real	NL	66	2	15	  -12.00	0	    8.00	0	0	956207.00	-3	0	NULL
real	FL	67	2	-15	  -12.00	0	    8.00	0	0	  531.12	-3	5	NULL
real	HR	68	2	15	   12.00	1	   -8.00	0	0	  466.36	-3	5	NULL
real	GR	69	2	15	   12.00	1	   -8.00	0	0	  547.46	-3	7	NULL
real	BL	70	2	15	  -12.00	0	    8.00	0	0	  975.54	-15	7	NULL
real	DL	71	2	15	  -12.00	0	    8.00	0	0	1006941.00	15	7	NULL
real	BR	72	2	15	   12.00	1	   -8.00	0	0	  479.15	-15	7	NULL
real	JR	73	3	15	    4.00	1	   -8.00	0	0	1025517.00	-15	0	NULL
real	LL	74	3	15	   -4.00	0	    8.00	0	0	1030581.00	15	0	NULL
real	HR	75	3	15	    4.00	1	   -8.00	0	0	 1212.20	-3	5	NULL
real	IL	76	3	-15	   -4.00	0	    8.00	0	0	1043354.00	-15	0	NULL
real	CL	77	3	-15	   -4.00	0	    8.00	0	0	1051255.00	15	7	NULL
real	PR	78	3	15	    4.00	1	   -8.00	0	0	1070397.00	15	5	NULL
real	EL	79	3	-15	   -4.00	0	    8.00	0	0	  913.83	-3	7	NULL
real	FL	80	3	-15	   -4.00	0	    8.00	0	0	  925.01	-3	5	NULL
real	AR	81	3	-15	    4.00	1	   -8.00	0	0	  484.03	-15	7	NULL
real	OL	82	3	-15	   -4.00	0	    8.00	0	0	1124741.00	15	5	NULL
real	GL	83	3	15	   -4.00	0	    8.00	0	0	  451.91	-3	7	NULL
real	NR	84	3	15	    4.00	1	   -8.00	0	0	1132403.00	-3	0	NULL
real	DL	85	3	15	   -4.00	0	    8.00	0	0	1136907.00	15	7	NULL
real	KR	86	3	-15	    4.00	1	   -8.00	0	0	1141145.00	15	0	NULL
real	MR	87	3	-15	    4.00	1	   -8.00	0	0	1163929.00	-3	0	NULL
real	JL	88	3	15	   -4.00	0	    8.00	0	0	1189994.00	-15	0	NULL
real	LR	89	3	15	    4.00	1	   -8.00	0	0	1195620.00	15	0	NULL
real	KL	90	3	-15	   -4.00	1	   -4.00	1	1	1200021.00	15	0	NULL
real	QL	91	3	-15	   -4.00	0	    8.00	0	0	  614.77	-15	5	NULL
real	CR	92	3	-15	    4.00	1	   -8.00	0	0	1236008.00	15	7	NULL
real	DR	93	3	15	    4.00	1	   -8.00	0	0	1241208.00	15	7	NULL
real	AL	94	3	-15	   -4.00	0	    8.00	0	0	  691.48	-15	7	NULL
real	QR	95	3	-15	    4.00	1	   -8.00	0	0	  403.36	-15	5	NULL
real	RR	96	3	15	    4.00	1	   -8.00	0	0	  437.98	-15	5	NULL
real	HL	97	3	15	   -4.00	0	    8.00	0	0	  427.69	-3	5	NULL
real	PL	98	3	15	   -4.00	0	    8.00	0	0	1264569.00	15	5	NULL
real	ER	99	3	-15	    4.00	1	   -8.00	0	0	  406.42	-3	7	NULL
real	FR	100	3	-15	    4.00	1	   -8.00	0	0	  721.99	-3	5	NULL
real	NL	101	3	15	   -4.00	0	    8.00	0	0	1300793.00	-3	0	NULL
real	RL	102	3	15	   -4.00	0	    8.00	0	0	  682.72	-15	5	NULL
real	BR	103	3	15	    4.00	1	   -8.00	0	0	  463.18	-15	7	NULL
real	IR	104	3	-15	    4.00	1	   -8.00	0	0	1335993.00	-15	0	NULL
real	GR	105	3	15	    4.00	1	   -8.00	0	0	  657.21	-3	7	NULL
real	OR	106	3	-15	    4.00	1	   -8.00	0	0	1394646.00	15	5	NULL
real	ML	107	3	-15	   -4.00	1	   -4.00	1	1	1402973.00	-3	0	NULL
real	BL	108	3	15	   -4.00	0	    8.00	0	0	  627.64	-15	7	NULL
real	CR	109	4	-15	   -4.00	0	    4.00	1	1	1428289.00	15	7	NULL
real	KR	110	4	-15	   -4.00	0	    4.00	1	1	1432958.00	15	0	NULL
real	FR	111	4	-15	   -4.00	0	    4.00	1	1	  534.43	-3	5	NULL
real	NL	112	4	15	    4.00	1	   -4.00	1	1	1451720.00	-3	0	NULL
real	QL	113	4	-15	    4.00	1	   -4.00	1	1	  469.29	-15	5	NULL
real	RL	114	4	15	    4.00	1	   -4.00	1	1	  432.62	-15	5	NULL
real	BR	115	4	15	   -4.00	0	    4.00	1	1	  562.58	-15	7	NULL
real	EL	116	4	-15	    4.00	1	   -4.00	1	1	  422.23	-3	7	NULL
real	PL	117	4	15	    4.00	1	   -4.00	1	1	1515660.00	15	5	NULL
real	OL	118	4	-15	    4.00	1	   -4.00	1	1	1696989.00	15	5	NULL
real	HR	119	4	15	   -4.00	0	    4.00	1	1	  476.69	-3	5	NULL
real	GL	120	4	15	    4.00	1	   -4.00	1	1	  591.50	-3	7	NULL
real	JL	121	4	15	    4.00	1	   -4.00	1	1	1708724.00	-15	0	NULL
real	RR	122	4	15	   -4.00	0	    4.00	1	1	  428.74	-15	5	NULL
real	BL	123	4	15	    4.00	1	   -4.00	1	1	  522.57	-15	7	NULL
real	IL	124	4	-15	    4.00	1	   -4.00	1	1	1719617.00	-15	0	NULL
real	LL	125	4	15	    4.00	1	   -4.00	1	1	1723858.00	15	0	NULL
real	FL	126	4	-15	    4.00	1	   -4.00	1	1	  458.05	-3	5	NULL
real	PR	127	4	15	   -4.00	0	    4.00	1	1	1731791.00	15	5	NULL
real	ML	128	4	-15	   -8.00	0	    2.00	1	2	1735669.00	-3	0	NULL
real	JR	129	4	15	   -4.00	0	    4.00	1	1	1739115.00	-15	0	NULL
real	HL	130	4	15	    4.00	1	   -4.00	1	1	  662.90	-3	5	NULL
real	AL	131	4	-15	    4.00	1	   -4.00	1	1	  464.37	-15	7	NULL
real	IR	132	4	-15	   -4.00	0	    4.00	1	1	1750211.00	-15	0	NULL
real	DR	133	4	15	   -4.00	0	    4.00	1	1	1754045.00	15	7	NULL
real	GR	134	4	15	   -4.00	0	    4.00	1	1	  370.63	-3	7	NULL
real	LR	135	4	15	   -4.00	0	    4.00	1	1	1761786.00	15	0	NULL
real	AR	136	4	-15	   -4.00	0	    4.00	1	1	  466.42	-15	7	NULL
real	QR	137	4	-15	   -4.00	0	    4.00	1	1	  872.57	-15	5	NULL
real	ER	138	4	-15	   -4.00	0	    4.00	1	1	  418.27	-3	7	NULL
real	OR	139	4	-15	   -4.00	0	    4.00	1	1	1777177.00	15	5	NULL
real	DL	140	4	15	    4.00	1	   -4.00	1	1	1781492.00	15	7	NULL
real	KL	141	4	-15	   -8.00	0	    2.00	1	2	1785524.00	15	0	NULL
real	CL	142	4	-15	    4.00	1	   -4.00	1	1	1789469.00	15	7	NULL
real	NR	143	4	15	   -4.00	0	    4.00	1	1	1794154.00	-3	0	NULL
real	MR	144	4	-15	   -4.00	0	    4.00	1	1	1800473.00	-3	0	NULL
real	GR	145	5	15	    0.00	0	    4.00	0	1	  518.06	-3	7	NULL
real	IL	146	5	-15	    0.00	0	    2.00	1	2	1808041.00	-15	0	NULL
real	DL	147	5	15	    0.00	0	    2.00	1	2	1811942.00	15	7	NULL
real	JL	148	5	15	    0.00	1	   -4.00	0	1	1815973.00	-15	0	NULL
real	LR	149	5	15	    0.00	0	    4.00	0	1	1821279.00	15	0	NULL
real	DR	150	5	15	    0.00	0	    4.00	0	1	1825205.00	15	7	NULL
real	HL	151	5	15	    0.00	0	    2.00	1	2	  489.07	-3	5	NULL
real	KR	152	5	-15	    0.00	1	   -2.00	1	2	1833025.00	15	0	NULL
real	RL	153	5	15	    0.00	1	   -4.00	0	1	  893.73	-15	5	NULL
real	ER	154	5	-15	    0.00	1	   -2.00	1	2	  610.43	-3	7	NULL
real	NL	155	5	15	    0.00	1	   -4.00	0	1	1853328.00	-3	0	NULL
real	BL	156	5	15	    0.00	1	   -4.00	0	1	 1003.55	-15	7	NULL
real	NR	157	5	15	    0.00	1	   -2.00	1	2	1861216.00	-3	0	NULL
real	IR	158	5	-15	    0.00	1	   -2.00	1	2	1864733.00	-15	0	NULL
real	MR	159	5	-15	    0.00	1	   -2.00	1	2	1868305.00	-3	0	NULL
real	AL	160	5	-15	    0.00	1	   -4.00	0	1	  813.50	-15	7	NULL
real	FR	161	5	-15	    0.00	1	   -2.00	1	2	  620.07	-3	5	NULL
real	GL	162	5	15	    0.00	0	    2.00	1	2	  707.46	-3	7	NULL
real	BR	163	5	15	    0.00	0	    4.00	0	1	 1100.94	-15	7	NULL
real	CR	164	5	-15	    0.00	0	    4.00	0	1	1890752.00	15	7	NULL
real	LL	165	5	15	    0.00	1	   -4.00	0	1	1894855.00	15	0	NULL
real	OL	166	5	-15	    0.00	1	   -4.00	0	1	1898904.00	15	5	NULL
real	EL	167	5	-15	    0.00	1	   -4.00	0	1	  505.86	-3	7	NULL
real	RR	168	5	15	    0.00	1	   -2.00	1	2	  643.39	-15	5	NULL
real	QL	169	5	-15	    0.00	1	   -4.00	0	1	  490.32	-15	5	NULL
real	OR	170	5	-15	    0.00	1	   -2.00	1	2	1923302.00	15	5	NULL
real	PR	171	5	15	    0.00	0	    4.00	0	1	1928328.00	15	5	NULL
real	HR	172	5	15	    0.00	0	    4.00	0	1	  513.28	-3	5	NULL
real	ML	173	5	-15	   -6.00	0	    2.00	0	2	1938307.00	-3	0	NULL
real	QR	174	5	-15	    0.00	0	    4.00	0	1	  380.12	-15	5	NULL
real	JR	175	5	15	    0.00	0	    4.00	0	1	1945403.00	-15	0	NULL
real	CL	176	5	-15	    0.00	1	   -4.00	0	1	1949451.00	15	7	NULL
real	KL	177	5	-15	   -6.00	0	    2.00	0	2	1953541.00	15	0	NULL
real	AR	178	5	-15	    0.00	1	   -2.00	1	2	  698.74	-15	7	NULL
real	FL	179	5	-15	    0.00	1	   -4.00	0	1	  496.58	-3	5	NULL
real	PL	180	5	15	    0.00	0	    2.00	1	2	1970583.00	15	5	NULL
real	BR	181	6	15	    4.00	1	   -2.00	1	2	  419.08	-15	7	NULL
real	OL	182	6	-15	   -4.00	0	    2.00	1	2	1980595.00	15	5	NULL
real	JR	183	6	15	    4.00	1	   -2.00	1	2	1984085.00	-15	0	NULL
real	PR	184	6	15	    4.00	1	   -2.00	1	2	1993519.00	15	5	NULL
real	LR	185	6	15	    4.00	1	   -2.00	1	2	1998949.00	15	0	NULL
real	DR	186	6	15	    4.00	1	   -2.00	1	2	2002754.00	15	7	NULL
real	CR	187	6	-15	    4.00	1	   -2.00	1	2	2006722.00	15	7	NULL
real	IL	188	6	-15	    2.00	1	   -1.00	1	3	2010385.00	-15	0	NULL
real	EL	189	6	-15	   -4.00	0	    2.00	1	2	  443.80	-3	7	NULL
real	PL	190	6	15	    2.00	1	   -1.00	1	3	2017936.00	15	5	NULL
real	AR	191	6	-15	   -2.00	0	    1.00	1	3	  561.03	-15	7	NULL
real	MR	192	6	-15	   -2.00	0	    1.00	1	3	2029886.00	-3	0	NULL
real	QL	193	6	-15	   -4.00	0	    2.00	1	2	  408.17	-15	5	NULL
real	RL	194	6	15	   -4.00	0	    2.00	1	2	  481.41	-15	5	NULL
real	JL	195	6	15	   -4.00	0	    2.00	1	2	2043536.00	-15	0	NULL
real	OR	196	6	-15	   -2.00	1	   -2.00	0	2	2052653.00	15	5	NULL
real	QR	197	6	-15	    4.00	1	   -2.00	1	2	  455.44	-15	5	NULL
real	RR	198	6	15	   -2.00	0	    1.00	1	3	  666.08	-15	5	NULL
real	IR	199	6	-15	   -2.00	0	    1.00	1	3	2072524.00	-15	0	NULL
real	GR	200	6	15	    4.00	1	   -2.00	1	2	  662.10	-3	7	NULL
real	NL	201	6	15	   -4.00	0	    2.00	1	2	2081656.00	-3	0	NULL
real	HR	202	6	15	    4.00	1	   -2.00	1	2	  399.03	-3	5	NULL
real	FL	203	6	-15	   -4.00	0	    2.00	1	2	  678.63	-3	5	NULL
real	GL	204	6	15	    2.00	1	   -1.00	1	3	  509.04	-3	7	NULL
real	LL	205	6	15	   -4.00	0	    2.00	1	2	2105284.00	15	0	NULL
real	HL	206	6	15	    2.00	1	   -1.00	1	3	  503.40	-3	5	NULL
real	NR	207	6	15	   -2.00	0	    1.00	1	3	2115861.00	-3	0	NULL
real	DL	208	6	15	    2.00	1	   -1.00	1	3	2120771.00	15	7	NULL
real	KL	209	6	-15	   -4.00	1	   -1.00	1	3	2125529.00	15	0	NULL
real	KR	210	6	-15	   -2.00	1	   -2.00	0	2	2130982.00	15	0	NULL
real	ML	211	6	-15	   -4.00	0	    2.00	0	2	2134674.00	-3	0	NULL
real	CL	212	6	-15	   -4.00	0	    2.00	1	2	2138456.00	15	7	NULL
real	AL	213	6	-15	   -4.00	0	    2.00	1	2	  484.77	-15	7	NULL
real	ER	214	6	-15	   -2.00	1	   -2.00	0	2	  549.47	-3	7	NULL
real	FR	215	6	-15	   -2.00	1	   -2.00	0	2	  457.32	-3	5	NULL
real	BL	216	6	15	   -4.00	0	    2.00	1	2	  513.38	-15	7	NULL
real	AL	217	7	-15	   -2.00	0	    2.00	0	2	  888.88	-15	7	NULL
real	RR	218	7	15	   -1.00	0	    1.00	0	3	  946.88	-15	5	NULL
real	FR	219	7	-15	   -4.00	0	    1.00	1	3	  672.73	-3	5	NULL
real	ER	220	7	-15	   -4.00	0	    1.00	1	3	  627.88	-3	7	NULL
real	HL	221	7	15	    1.00	1	   -1.00	0	3	  592.32	-3	5	NULL
real	DL	222	7	15	    1.00	1	   -1.00	0	3	2183671.00	15	7	NULL
real	JL	223	7	15	   -2.00	0	    2.00	0	2	2192709.00	-15	0	NULL
real	HR	224	7	15	    2.00	1	   -2.00	0	2	  689.32	-3	5	NULL
real	PL	225	7	15	    1.00	1	   -1.00	0	3	2202329.00	15	5	NULL
real	EL	226	7	-15	   -2.00	0	    2.00	0	2	  819.60	-3	7	NULL
real	OL	227	7	-15	   -2.00	1	   -1.00	1	3	2210692.00	15	5	NULL
real	PR	228	7	15	    2.00	1	   -2.00	0	2	2214730.00	15	5	NULL
real	DR	229	7	15	    2.00	1	   -2.00	0	2	2219307.00	15	7	NULL
real	BR	230	7	15	    2.00	1	   -2.00	0	2	  615.98	-15	7	NULL
real	RL	231	7	15	   -2.00	0	    2.00	0	2	  754.14	-15	5	NULL
real	OR	232	7	-15	   -4.00	0	    1.00	1	3	2230660.00	15	5	NULL
real	MR	233	7	-15	   -1.00	1	   -1.00	1	4	2234811.00	-3	0	NULL
real	QR	234	7	-15	    2.00	1	   -2.00	0	2	  555.96	-15	5	NULL
real	KR	235	7	-15	   -4.00	0	    1.00	1	3	2242396.00	15	0	NULL
real	CR	236	7	-15	    2.00	1	   -2.00	0	2	2246206.00	15	7	NULL
real	GR	237	7	15	    2.00	1	   -2.00	0	2	  460.24	-3	7	NULL
real	FL	238	7	-15	   -2.00	0	    2.00	0	2	  772.16	-3	5	NULL
real	IL	239	7	-15	    1.00	1	   -1.00	0	3	2269675.00	-15	0	NULL
real	NR	240	7	15	   -1.00	0	    1.00	0	3	2273915.00	-3	0	NULL
real	LL	241	7	15	   -2.00	0	    2.00	0	2	2278025.00	15	0	NULL
real	BL	242	7	15	   -2.00	0	    2.00	0	2	 1276.52	-15	7	NULL
real	JR	243	7	15	    2.00	1	   -2.00	0	2	2291848.00	-15	0	NULL
real	NL	244	7	15	   -2.00	0	    2.00	0	2	2295760.00	-3	0	NULL
real	IR	245	7	-15	   -1.00	1	   -1.00	1	4	2303522.00	-15	0	NULL
real	AR	246	7	-15	   -1.00	1	   -1.00	1	4	  683.78	-15	7	NULL
real	KL	247	7	-15	   -5.00	0	    1.00	1	4	2313428.00	15	0	NULL
real	QL	248	7	-15	   -2.00	0	    2.00	0	2	  689.06	-15	5	NULL
real	GL	249	7	15	    1.00	1	   -1.00	0	3	  421.91	-3	7	NULL
real	LR	250	7	15	    2.00	1	   -2.00	0	2	2326029.00	15	0	NULL
real	CL	251	7	-15	   -2.00	0	    2.00	0	2	2330513.00	15	7	NULL
real	ML	252	7	-15	   -2.00	0	    2.00	0	2	2334861.00	-3	0	NULL
real	DR	253	8	15	    0.00	1	   -2.00	0	2	2339461.00	15	7	NULL
real	IR	254	8	-15	   -2.00	0	    1.00	1	5	2347793.00	-15	0	NULL
real	ER	255	8	-15	   -3.00	1	   -1.00	1	4	  651.74	-3	7	NULL
real	ML	256	8	-15	    0.00	1	   -1.00	1	3	2355657.00	-3	0	NULL
real	RL	257	8	15	    0.00	1	   -1.00	1	3	  514.91	-15	5	NULL
real	QR	258	8	-15	    0.00	1	   -2.00	0	2	  503.54	-15	5	NULL
real	MR	259	8	-15	   -2.00	0	    1.00	1	5	2366529.00	-3	0	NULL
real	KL	260	8	-15	   -4.00	0	    1.00	0	4	2370506.00	15	0	NULL
real	LR	261	8	15	    0.00	1	   -2.00	0	2	2374856.00	15	0	NULL
real	HR	262	8	15	    0.00	1	   -2.00	0	2	  514.73	-3	5	NULL
real	IL	263	8	-15	    0.00	1	   -1.00	0	3	2391524.00	-15	0	NULL
real	PL	264	8	15	    0.00	0	    1.00	1	4	2396299.00	15	5	NULL
real	GL	265	8	15	    0.00	0	    1.00	1	4	  534.52	-3	7	NULL
real	JR	266	8	15	    0.00	1	   -2.00	0	2	2413797.00	-15	0	NULL
real	CR	267	8	-15	    0.00	1	   -2.00	0	2	2418566.00	15	7	NULL
real	BR	268	8	15	    0.00	1	   -2.00	0	2	  758.96	-15	7	NULL
real	DL	269	8	15	    0.00	0	    1.00	1	4	2428761.00	15	7	NULL
real	BL	270	8	15	    0.00	1	   -1.00	1	3	  757.91	-15	7	NULL
real	NL	271	8	15	    0.00	1	   -1.00	1	3	2437756.00	-3	0	NULL
real	KR	272	8	-15	   -3.00	1	   -1.00	1	4	2446827.00	15	0	NULL
real	AL	273	8	-15	    0.00	1	   -1.00	1	3	  569.59	-15	7	NULL
real	HL	274	8	15	    0.00	0	    1.00	1	4	  751.44	-3	5	NULL
real	FR	275	8	-15	   -3.00	1	   -1.00	1	4	  657.06	-3	5	NULL
real	NR	276	8	15	    0.00	1	   -1.00	1	4	2468574.00	-3	0	NULL
real	CL	277	8	-15	    0.00	1	   -1.00	1	3	2478492.00	15	7	NULL
real	FL	278	8	-15	    0.00	1	   -1.00	1	3	  493.84	-3	5	NULL
real	QL	279	8	-15	    0.00	1	   -1.00	1	3	  472.02	-15	5	NULL
real	PR	280	8	15	    0.00	0	    1.00	1	3	2491879.00	15	5	NULL
real	OR	281	8	-15	   -3.00	0	    1.00	0	3	2502730.00	15	5	NULL
real	GR	282	8	15	    0.00	0	    1.00	1	3	  690.93	-3	7	NULL
real	OL	283	8	-15	   -3.00	0	    1.00	1	4	2510310.00	15	5	NULL
real	JL	284	8	15	    0.00	1	   -1.00	1	3	2514187.00	-15	0	NULL
real	EL	285	8	-15	    0.00	1	   -1.00	1	3	  476.73	-3	7	NULL
real	AR	286	8	-15	   -2.00	1	   -1.00	0	4	  782.48	-15	7	NULL
real	RR	287	8	15	    0.00	1	   -1.00	1	4	  641.02	-15	5	NULL
real	LL	288	8	15	    0.00	1	   -1.00	1	3	2528989.00	15	0	NULL
real	QL	289	9	-15	   -1.00	1	   -1.00	0	3	  737.28	-15	5	NULL
real	HL	290	9	15	    1.00	1	   -1.00	1	5	  904.86	-3	5	NULL
real	PR	291	9	15	    1.00	1	   -1.00	1	4	2540691.00	15	5	NULL
real	IR	292	9	-15	   -1.00	1	   -1.00	1	6	2544550.00	-15	0	NULL
real	GR	293	9	15	    1.00	1	   -1.00	1	4	  730.16	-3	7	NULL
real	BR	294	9	15	   -2.00	0	    1.00	1	3	  742.95	-15	7	NULL
real	RL	295	9	15	   -1.00	1	   -1.00	0	3	  628.90	-15	5	NULL
real	OL	296	9	-15	   -2.00	0	    1.00	0	4	2562310.00	15	5	NULL
real	LL	297	9	15	   -1.00	0	    1.00	1	4	2566929.00	15	0	NULL
real	JL	298	9	15	   -1.00	0	    1.00	1	4	2571886.00	-15	0	NULL
real	QR	299	9	-15	   -2.00	0	    1.00	1	3	  778.46	-15	5	NULL
real	IL	300	9	-15	   -1.00	1	   -1.00	0	3	2579349.00	-15	0	NULL
real	CL	301	9	-15	   -1.00	0	    1.00	1	4	2583278.00	15	7	NULL
real	MR	302	9	-15	   -1.00	1	   -1.00	1	6	2587458.00	-3	0	NULL
real	GL	303	9	15	    1.00	1	   -1.00	1	5	 1055.38	-3	7	NULL
real	DR	304	9	15	   -2.00	0	    1.00	1	3	2596813.00	15	7	NULL
real	ML	305	9	-15	   -1.00	1	   -1.00	0	3	2602758.00	-3	0	NULL
real	NL	306	9	15	   -1.00	0	    1.00	1	4	2613545.00	-3	0	NULL
real	DL	307	9	15	    1.00	1	   -1.00	1	5	2617667.00	15	7	NULL
real	EL	308	9	-15	   -1.00	0	    1.00	1	4	 1347.41	-3	7	NULL
real	KL	309	9	-15	   -3.00	0	    1.00	0	4	2626452.00	15	0	NULL
real	KR	310	9	-15	   -4.00	1	   -1.00	0	4	2630912.00	15	0	NULL
real	LR	311	9	15	   -2.00	0	    1.00	1	3	2635943.00	15	0	NULL
real	CR	312	9	-15	   -2.00	1	   -2.00	0	2	2642302.00	15	7	NULL
real	PL	313	9	15	    1.00	1	   -1.00	1	5	2646240.00	15	5	NULL
real	AR	314	9	-15	   -3.00	0	    1.00	1	5	  594.77	-15	7	NULL
real	ER	315	9	-15	   -4.00	0	    1.00	1	5	  474.09	-3	7	NULL
real	HR	316	9	15	   -2.00	0	    1.00	1	3	  486.95	-3	5	NULL
real	NR	317	9	15	   -1.00	0	    1.00	1	5	2672343.00	-3	0	NULL
real	OR	318	9	-15	   -2.00	0	    1.00	0	3	2676839.00	15	5	NULL
real	FR	319	9	-15	   -4.00	0	    1.00	1	5	  593.54	-3	5	NULL
real	BL	320	9	15	   -1.00	1	   -1.00	0	3	  499.82	-15	7	NULL
real	JR	321	9	15	   -2.00	0	    1.00	1	3	2699641.00	-15	0	NULL
real	RR	322	9	15	   -1.00	1	   -1.00	0	4	  552.58	-15	5	NULL
real	AL	323	9	-15	   -1.00	1	   -1.00	0	3	  517.51	-15	7	NULL
real	FL	324	9	-15	   -1.00	1	   -1.00	0	3	  493.52	-3	5	NULL
real	IL	325	10	-15	   -2.00	0	    1.00	1	4	2718233.00	-15	0	NULL
real	NL	326	10	15	    0.00	0	    1.00	0	4	2727477.00	-3	0	NULL
real	DR	327	10	15	   -1.00	0	    1.00	0	3	2731870.00	15	7	NULL
real	FL	328	10	-15	   -2.00	1	   -1.00	0	3	  617.61	-3	5	NULL
real	EL	329	10	-15	    0.00	1	   -1.00	1	5	  532.87	-3	7	NULL
real	JR	330	10	15	   -1.00	1	   -1.00	1	4	2749674.00	-15	0	NULL
real	AR	331	10	-15	   -2.00	0	    1.00	0	5	  768.56	-15	7	NULL
real	OR	332	10	-15	   -1.00	1	   -1.00	1	4	2757350.00	15	5	NULL
real	HL	333	10	15	    0.00	1	   -1.00	0	5	 1001.74	-3	5	NULL
real	PL	334	10	15	    0.00	1	   -1.00	0	5	2776191.00	15	5	NULL
real	MR	335	10	-15	   -2.00	1	   -1.00	0	6	2780874.00	-3	0	NULL
real	FR	336	10	-15	   -3.00	0	    1.00	0	5	  444.01	-3	5	NULL
real	NR	337	10	15	    0.00	1	   -1.00	1	6	2788172.00	-3	0	NULL
real	GL	338	10	15	    0.00	1	   -1.00	0	5	  552.36	-3	7	NULL
real	BR	339	10	15	   -1.00	1	   -1.00	1	4	  535.01	-15	7	NULL
real	PR	340	10	15	    0.00	1	   -1.00	0	4	2802106.00	15	5	NULL
real	CL	341	10	-15	    0.00	1	   -1.00	1	5	2809788.00	15	7	NULL
real	ML	342	10	-15	   -2.00	1	   -1.00	0	3	2813608.00	-3	0	NULL
real	AL	343	10	-15	   -2.00	1	   -1.00	0	3	  616.20	-15	7	NULL
real	RR	344	10	15	   -2.00	1	   -1.00	0	4	  527.36	-15	5	NULL
real	KL	345	10	-15	   -2.00	1	   -1.00	1	5	2831374.00	15	0	NULL
real	ER	346	10	-15	   -3.00	0	    1.00	0	5	  723.82	-3	7	NULL
real	LR	347	10	15	   -1.00	0	    1.00	0	3	2849618.00	15	0	NULL
real	QL	348	10	-15	   -2.00	0	    1.00	1	4	  694.04	-15	5	NULL
real	GR	349	10	15	    0.00	1	   -1.00	0	4	  475.27	-3	7	NULL
real	CR	350	10	-15	   -4.00	0	    1.00	1	3	2863697.00	15	7	NULL
real	JL	351	10	15	    0.00	1	   -1.00	1	5	2873092.00	-15	0	NULL
real	IR	352	10	-15	   -2.00	1	   -1.00	0	6	2877130.00	-15	0	NULL
real	LL	353	10	15	    0.00	1	   -1.00	1	5	2881961.00	15	0	NULL
real	KR	354	10	-15	   -5.00	0	    1.00	1	5	2892553.00	15	0	NULL
real	OL	355	10	-15	   -1.00	1	   -1.00	1	5	2900078.00	15	5	NULL
real	HR	356	10	15	   -1.00	0	    1.00	0	3	  530.07	-3	5	NULL
real	BL	357	10	15	   -2.00	1	   -1.00	0	3	  625.51	-15	7	NULL
real	QR	358	10	-15	   -1.00	1	   -1.00	1	4	  884.89	-15	5	NULL
real	RL	359	10	15	   -2.00	1	   -1.00	0	3	  657.67	-15	5	NULL
real	DL	360	10	15	    0.00	0	    1.00	1	6	2924792.00	15	7	NULL
real	IL	361	11	-15	   -1.00	1	   -1.00	1	5	2928574.00	-15	0	NULL
real	QL	362	11	-15	   -1.00	0	    1.00	0	4	  753.24	-15	5	NULL
real	QR	363	11	-15	   -2.00	0	    1.00	1	5	  655.79	-15	5	NULL
real	JL	364	11	15	   -1.00	0	    1.00	1	6	2939905.00	-15	0	NULL
real	FR	365	11	-15	   -2.00	1	   -1.00	1	6	  511.68	-3	5	NULL
real	BR	366	11	15	   -2.00	0	    1.00	1	5	 1064.80	-15	7	NULL
real	MR	367	11	-15	   -3.00	1	   -1.00	0	6	2960377.00	-3	0	NULL
real	BL	368	11	15	   -3.00	0	    1.00	1	4	  597.53	-15	7	NULL
real	KR	369	11	-15	   -4.00	0	    1.00	0	5	2968912.00	15	0	NULL
real	PL	370	11	15	   -1.00	1	   -1.00	0	5	2973956.00	15	5	NULL
real	CL	371	11	-15	   -1.00	1	   -1.00	0	5	2978026.00	15	7	NULL
real	NR	372	11	15	   -1.00	0	    1.00	1	7	2982303.00	-3	0	NULL
real	EL	373	11	-15	   -1.00	1	   -1.00	0	5	  622.70	-3	7	NULL
real	FL	374	11	-15	   -3.00	1	   -1.00	0	3	  755.44	-3	5	NULL
real	ML	375	11	-15	   -3.00	1	   -1.00	0	3	3008028.00	-3	0	NULL
real	IR	376	11	-15	   -3.00	0	    1.00	1	7	3011868.00	-15	0	NULL
real	GL	377	11	15	   -1.00	0	    1.00	1	6	  633.04	-3	7	NULL
real	HR	378	11	15	    0.00	1	   -1.00	1	4	  518.86	-3	5	NULL
real	RR	379	11	15	   -3.00	0	    1.00	1	5	  474.07	-15	5	NULL
real	OR	380	11	-15	   -2.00	1	   -1.00	0	4	3027214.00	15	5	NULL
real	KL	381	11	-15	   -3.00	1	   -1.00	0	5	3031238.00	15	0	NULL
real	LL	382	11	15	   -1.00	1	   -1.00	0	5	3036367.00	15	0	NULL
real	DR	383	11	15	    0.00	1	   -1.00	1	4	3040593.00	15	7	NULL
real	GR	384	11	15	   -1.00	0	    1.00	1	5	  600.33	-3	7	NULL
real	OL	385	11	-15	   -2.00	0	    1.00	1	6	3048792.00	15	5	NULL
real	ER	386	11	-15	   -2.00	1	   -1.00	1	6	  549.97	-3	7	NULL
real	NL	387	11	15	    1.00	1	   -1.00	1	5	3056287.00	-3	0	NULL
real	CR	388	11	-15	   -3.00	0	    1.00	0	3	3060287.00	15	7	NULL
real	PR	389	11	15	   -1.00	0	    1.00	1	5	3067700.00	15	5	NULL
real	RL	390	11	15	   -3.00	0	    1.00	1	4	  549.83	-15	5	NULL
real	AR	391	11	-15	   -1.00	0	    1.00	0	5	  640.80	-15	7	NULL
real	HL	392	11	15	   -1.00	0	    1.00	1	6	  481.87	-3	5	NULL
real	DL	393	11	15	    1.00	1	   -1.00	1	7	3093046.00	15	7	NULL
real	AL	394	11	-15	   -3.00	0	    1.00	1	4	  509.56	-15	7	NULL
real	LR	395	11	15	    0.00	0	    1.00	0	3	3106366.00	15	0	NULL
real	JR	396	11	15	   -2.00	0	    1.00	1	5	3111081.00	-15	0	NULL
real	DR	397	12	15	   -1.00	0	    1.00	1	5	3117276.00	15	7	NULL
real	QR	398	12	-15	   -1.00	0	    1.00	0	5	  761.28	-15	5	NULL
real	CR	399	12	-15	   -2.00	0	    1.00	0	3	3125631.00	15	7	NULL
real	BL	400	12	15	   -2.00	0	    1.00	0	4	  546.29	-15	7	NULL
real	CL	401	12	-15	   -2.00	0	    1.00	1	6	3210867.00	15	7	NULL
real	FL	402	12	-15	   -4.00	0	    1.00	1	4	  521.21	-3	5	NULL
real	NR	403	12	15	    0.00	1	   -1.00	1	8	3218930.00	-3	0	NULL
real	NL	404	12	15	    0.00	1	   -1.00	0	5	3222541.00	-3	0	NULL
real	GL	405	12	15	    0.00	1	   -1.00	1	7	  497.93	-3	7	NULL
real	OR	406	12	-15	   -3.00	1	   -1.00	0	4	3230119.00	15	5	NULL
real	KR	407	12	-15	   -3.00	1	   -1.00	1	6	3234083.00	15	0	NULL
real	LR	408	12	15	    1.00	1	   -1.00	1	4	3238120.00	15	0	NULL
real	JL	409	12	15	    0.00	1	   -1.00	1	7	3241743.00	-15	0	NULL
real	KL	410	12	-15	   -4.00	0	    1.00	1	6	3245718.00	15	0	NULL
real	IR	411	12	-15	   -2.00	1	   -1.00	1	8	3251137.00	-15	0	NULL
real	OL	412	12	-15	   -1.00	1	   -1.00	1	7	3255138.00	15	5	NULL
real	BR	413	12	15	   -1.00	1	   -1.00	1	6	  610.63	-15	7	NULL
real	DL	414	12	15	    0.00	1	   -1.00	0	7	3262519.00	15	7	NULL
real	FR	415	12	-15	   -3.00	1	   -1.00	0	6	  696.33	-3	5	NULL
real	IL	416	12	-15	   -2.00	1	   -1.00	0	5	3271444.00	-15	0	NULL
real	MR	417	12	-15	   -4.00	0	    1.00	1	7	3278483.00	-3	0	NULL
real	ER	418	12	-15	   -3.00	1	   -1.00	0	6	  595.08	-3	7	NULL
real	QL	419	12	-15	    0.00	1	   -1.00	1	5	  554.19	-15	5	NULL
real	HL	420	12	15	    0.00	1	   -1.00	1	7	  502.61	-3	5	NULL
real	PR	421	12	15	    0.00	1	   -1.00	1	6	3293517.00	15	5	NULL
real	LL	422	12	15	   -2.00	0	    1.00	1	6	3297889.00	15	0	NULL
real	GR	423	12	15	    0.00	1	   -1.00	1	6	  991.88	-3	7	NULL
real	RR	424	12	15	   -2.00	0	    1.00	0	5	  921.36	-15	5	NULL
real	PL	425	12	15	   -2.00	0	    1.00	1	6	3309966.00	15	5	NULL
real	ML	426	12	-15	   -4.00	0	    1.00	1	4	3313833.00	-3	0	NULL
real	RL	427	12	15	   -2.00	0	    1.00	0	4	 1311.67	-15	5	NULL
real	AL	428	12	-15	   -2.00	1	   -1.00	1	5	 1766.55	-15	7	NULL
real	HR	429	12	15	   -1.00	1	   -1.00	0	4	  906.68	-3	5	NULL
real	EL	430	12	-15	   -2.00	1	   -1.00	0	5	  576.61	-3	7	NULL
real	JR	431	12	15	   -1.00	1	   -1.00	1	6	3344000.00	-15	0	NULL
real	AR	432	12	-15	    0.00	1	   -1.00	1	6	  484.06	-15	7	NULL
real	ER	433	13	-15	   -4.00	0	    1.00	1	7	  522.44	-3	7	NULL
real	PR	434	13	15	   -1.00	0	    1.00	1	7	3355221.00	15	5	NULL
real	AR	435	13	-15	   -1.00	1	   -1.00	0	6	  501.54	-15	7	NULL
real	QL	436	13	-15	   -1.00	1	   -1.00	0	5	  622.38	-15	5	NULL
real	GR	437	13	15	   -1.00	1	   -1.00	0	6	 1294.76	-3	7	NULL
real	KL	438	13	-15	   -3.00	0	    1.00	0	6	3377264.00	15	0	NULL
real	FR	439	13	-15	   -4.00	0	    1.00	1	7	  921.80	-3	5	NULL
real	BL	440	13	15	   -1.00	1	   -1.00	1	5	  497.26	-15	7	NULL
real	EL	441	13	-15	   -3.00	1	   -1.00	0	5	  422.86	-3	7	NULL
real	JL	442	13	15	   -1.00	1	   -1.00	0	7	3397745.00	-15	0	NULL
real	NR	443	13	15	   -1.00	1	   -1.00	0	8	3403851.00	-3	0	NULL
real	HL	444	13	15	   -1.00	1	   -1.00	0	7	  460.76	-3	5	NULL
real	OL	445	13	-15	   -2.00	1	   -1.00	0	7	3413559.00	15	5	NULL
real	RL	446	13	15	   -1.00	1	   -1.00	1	5	 1285.10	-15	5	NULL
real	BR	447	13	15	   -2.00	1	   -1.00	0	6	  743.41	-15	7	NULL
real	LL	448	13	15	   -1.00	1	   -1.00	1	7	3431356.00	15	0	NULL
real	GL	449	13	15	   -1.00	1	   -1.00	0	7	  546.63	-3	7	NULL
real	CR	450	13	-15	   -1.00	1	   -1.00	1	4	3440432.00	15	7	NULL
real	IL	451	13	-15	   -3.00	1	   -1.00	0	5	3446537.00	-15	0	NULL
real	OR	452	13	-15	   -4.00	0	    1.00	1	5	3450776.00	15	5	NULL
real	JR	453	13	15	   -2.00	1	   -1.00	0	6	3454945.00	-15	0	NULL
real	MR	454	13	-15	   -3.00	1	   -1.00	1	8	3458579.00	-3	0	NULL
real	ML	455	13	-15	   -3.00	1	   -1.00	1	5	3462255.00	-3	0	NULL
real	IR	456	13	-15	   -3.00	0	    1.00	1	9	3466098.00	-15	0	NULL
real	PL	457	13	15	   -1.00	1	   -1.00	1	7	3469914.00	15	5	NULL
real	KR	458	13	-15	   -4.00	0	    1.00	1	7	3481846.00	15	0	NULL
real	QR	459	13	-15	    0.00	1	   -1.00	1	6	  565.77	-15	5	NULL
real	LR	460	13	15	    0.00	1	   -1.00	0	4	3494807.00	15	0	NULL
real	FL	461	13	-15	   -3.00	1	   -1.00	1	5	  469.77	-3	5	NULL
real	NL	462	13	15	   -1.00	1	   -1.00	0	5	3502128.00	-3	0	NULL
real	HR	463	13	15	   -2.00	0	    1.00	1	5	  494.21	-3	5	NULL
real	DR	464	13	15	    0.00	1	   -1.00	1	6	3512541.00	15	7	NULL
real	DL	465	13	15	   -1.00	1	   -1.00	0	7	3516860.00	15	7	NULL
real	RR	466	13	15	   -1.00	1	   -1.00	1	6	  408.56	-15	5	NULL
real	AL	467	13	-15	   -3.00	0	    1.00	1	6	  479.46	-15	7	NULL
real	CL	468	13	-15	   -1.00	1	   -1.00	1	7	3527546.00	15	7	NULL
real	LL	469	14	15	   -2.00	0	    1.00	1	8	3531607.00	15	0	NULL
real	AL	470	14	-15	   -2.00	1	   -1.00	1	7	 1025.77	-15	7	NULL
real	LR	471	14	15	   -1.00	1	   -1.00	0	4	3540228.00	15	0	NULL
real	NR	472	14	15	   -2.00	1	   -1.00	0	8	3543970.00	-3	0	NULL
real	HR	473	14	15	   -1.00	1	   -1.00	1	6	  614.19	-3	5	NULL
real	BR	474	14	15	   -3.00	0	    1.00	1	7	  694.46	-15	7	NULL
real	KR	475	14	-15	   -3.00	1	   -1.00	1	8	3559136.00	15	0	NULL
real	DR	476	14	15	   -1.00	1	   -1.00	0	6	3563061.00	15	7	NULL
real	HL	477	14	15	   -2.00	0	    1.00	1	8	 1212.29	-3	5	NULL
real	OR	478	14	-15	   -3.00	1	   -1.00	1	6	3571704.00	15	5	NULL
real	AR	479	14	-15	   -2.00	1	   -1.00	0	6	  645.79	-15	7	NULL
real	EL	480	14	-15	   -4.00	0	    1.00	1	6	  925.45	-3	7	NULL
real	ML	481	14	-15	   -4.00	1	   -1.00	0	5	3592654.00	-3	0	NULL
real	GR	482	14	15	   -2.00	0	    1.00	1	7	  634.38	-3	7	NULL
real	DL	483	14	15	   -2.00	0	    1.00	1	8	3601021.00	15	7	NULL
real	QR	484	14	-15	   -1.00	1	   -1.00	0	6	  506.64	-15	5	NULL
real	OL	485	14	-15	   -3.00	0	    1.00	1	8	3611401.00	15	5	NULL
real	PR	486	14	15	    0.00	1	   -1.00	1	8	3615372.00	15	5	NULL
real	RL	487	14	15	   -2.00	1	   -1.00	0	5	  672.23	-15	5	NULL
real	GL	488	14	15	   -2.00	1	   -1.00	0	7	  510.58	-3	7	NULL
real	JR	489	14	15	   -3.00	1	   -1.00	0	6	3627502.00	-15	0	NULL
real	FL	490	14	-15	   -4.00	1	   -1.00	0	5	  754.67	-3	5	NULL
real	BL	491	14	15	   -2.00	1	   -1.00	0	5	  737.77	-15	7	NULL
real	QL	492	14	-15	   -2.00	0	    1.00	1	6	  519.42	-15	5	NULL
real	IL	493	14	-15	   -4.00	0	    1.00	1	6	3647364.00	-15	0	NULL
real	MR	494	14	-15	   -4.00	0	    1.00	1	9	3651088.00	-3	0	NULL
real	IR	495	14	-15	   -2.00	1	   -1.00	1	10	3655261.00	-15	0	NULL
real	CL	496	14	-15	   -2.00	1	   -1.00	0	7	3659842.00	15	7	NULL
real	RR	497	14	15	   -2.00	0	    1.00	1	7	  698.56	-15	5	NULL
real	CR	498	14	-15	   -2.00	1	   -1.00	0	4	3671578.00	15	7	NULL
real	JL	499	14	15	   -2.00	0	    1.00	1	8	3680121.00	-15	0	NULL
real	KL	500	14	-15	   -2.00	1	   -1.00	1	7	3684075.00	15	0	NULL
real	NL	501	14	15	   -2.00	1	   -1.00	0	5	3687861.00	-3	0	NULL
real	ER	502	14	-15	   -3.00	1	   -1.00	1	8	  504.52	-3	7	NULL
real	FR	503	14	-15	   -3.00	1	   -1.00	1	8	  439.50	-3	5	NULL
real	PL	504	14	15	   -2.00	1	   -1.00	0	7	3701346.00	15	5	NULL
real	KL	505	15	-15	   -3.00	1	   -1.00	0	7	3705869.00	15	0	NULL
real	JR	506	15	15	   -4.00	0	    1.00	1	7	3713435.00	-15	0	NULL
real	BL	507	15	15	   -3.00	0	    1.00	1	6	  682.46	-15	7	NULL
real	FL	508	15	-15	   -5.00	1	   -1.00	0	5	 1044.26	-3	5	NULL
real	AR	509	15	-15	   -3.00	1	   -1.00	0	6	  509.37	-15	7	NULL
real	FR	510	15	-15	   -4.00	1	   -1.00	0	8	  496.41	-3	5	NULL
real	AL	511	15	-15	   -3.00	1	   -1.00	0	7	  518.65	-15	7	NULL
real	ML	512	15	-15	   -5.00	1	   -1.00	0	5	3741216.00	-3	0	NULL
real	PL	513	15	15	   -3.00	1	   -1.00	0	7	3745184.00	15	5	NULL
real	NR	514	15	15	   -3.00	0	    1.00	1	9	3748957.00	-3	0	NULL
real	CR	515	15	-15	   -3.00	1	   -1.00	0	4	3753686.00	15	7	NULL
real	DL	516	15	15	   -1.00	0	    1.00	0	8	3761550.00	15	7	NULL
real	QR	517	15	-15	   -2.00	1	   -1.00	0	6	 1171.59	-15	5	NULL
real	ER	518	15	-15	   -4.00	1	   -1.00	0	8	  826.59	-3	7	NULL
real	BR	519	15	15	   -2.00	1	   -1.00	1	8	 1327.50	-15	7	NULL
real	IR	520	15	-15	   -3.00	1	   -1.00	0	10	3778717.00	-15	0	NULL
real	HR	521	15	15	   -2.00	0	    1.00	1	7	 1173.67	-3	5	NULL
real	KR	522	15	-15	   -4.00	1	   -1.00	0	8	3787976.00	15	0	NULL
real	HL	523	15	15	   -1.00	0	    1.00	0	8	  871.38	-3	5	NULL
real	LR	524	15	15	   -2.00	0	    1.00	1	5	3797239.00	15	0	NULL
real	NL	525	15	15	   -3.00	0	    1.00	1	6	3805977.00	-3	0	NULL
real	RL	526	15	15	   -3.00	0	    1.00	1	6	  951.29	-15	5	NULL
real	LL	527	15	15	   -1.00	1	   -1.00	1	9	3814496.00	15	0	NULL
real	QL	528	15	-15	   -1.00	1	   -1.00	1	7	  799.83	-15	5	NULL
real	GL	529	15	15	   -3.00	0	    1.00	1	8	  622.92	-3	7	NULL
real	DR	530	15	15	   -2.00	1	   -1.00	0	6	3833531.00	15	7	NULL
real	IL	531	15	-15	   -3.00	0	    1.00	0	6	3838947.00	-15	0	NULL
real	GR	532	15	15	   -1.00	1	   -1.00	1	8	  413.46	-3	7	NULL
real	CL	533	15	-15	   -3.00	1	   -1.00	0	7	3856912.00	15	7	NULL
real	PR	534	15	15	   -1.00	1	   -1.00	0	8	3860820.00	15	5	NULL
real	EL	535	15	-15	   -3.00	1	   -1.00	1	7	  385.73	-3	7	NULL
real	JL	536	15	15	   -1.00	1	   -1.00	1	9	3869065.00	-15	0	NULL
real	MR	537	15	-15	   -3.00	1	   -1.00	1	10	3876293.00	-3	0	NULL
real	OR	538	15	-15	   -4.00	0	    1.00	1	7	3881559.00	15	5	NULL
real	RR	539	15	15	   -1.00	1	   -1.00	1	8	  516.00	-15	5	NULL
real	OL	540	15	-15	   -2.00	1	   -1.00	1	9	3906047.00	15	5	NULL
real	IR	541	16	-15	   -4.00	0	    1.00	1	11	3909623.00	-15	0	NULL
real	AR	542	16	-15	   -4.00	0	    1.00	1	7	  510.46	-15	7	NULL
real	KL	543	16	-15	   -4.00	1	   -1.00	0	7	3920062.00	15	0	NULL
real	AL	544	16	-15	   -4.00	0	    1.00	1	8	  680.16	-15	7	NULL
real	CL	545	16	-15	   -4.00	0	    1.00	1	8	3934576.00	15	7	NULL
real	EL	546	16	-15	   -4.00	1	   -1.00	0	7	  556.96	-3	7	NULL
real	OR	547	16	-15	   -3.00	1	   -1.00	1	8	3942463.00	15	5	NULL
real	OL	548	16	-15	   -3.00	0	    1.00	1	10	3954569.00	15	5	NULL
real	LR	549	16	15	   -1.00	0	    1.00	0	5	3958650.00	15	0	NULL
real	CR	550	16	-15	   -4.00	0	    1.00	1	5	3963355.00	15	7	NULL
real	PL	551	16	15	   -4.00	0	    1.00	1	8	3969771.00	15	5	NULL
real	GL	552	16	15	   -2.00	0	    1.00	0	8	 1279.19	-3	7	NULL
real	JR	553	16	15	   -3.00	1	   -1.00	1	8	3983429.00	-15	0	NULL
real	KR	554	16	-15	   -5.00	0	    1.00	1	9	3987546.00	15	0	NULL
real	ER	555	16	-15	   -5.00	1	   -1.00	0	8	  880.32	-3	7	NULL
real	NL	556	16	15	   -2.00	0	    1.00	0	6	4000618.00	-3	0	NULL
real	RL	557	16	15	   -2.00	1	   -1.00	1	7	  538.94	-15	5	NULL
real	ML	558	16	-15	   -6.00	0	    1.00	1	6	4007728.00	-3	0	NULL
real	JL	559	16	15	   -2.00	1	   -1.00	0	9	4049131.00	-15	0	NULL
real	PR	560	16	15	   -2.00	1	   -1.00	0	8	4053390.00	15	5	NULL
real	LL	561	16	15	   -2.00	0	    1.00	1	10	4057687.00	15	0	NULL
real	QL	562	16	-15	   -2.00	1	   -1.00	0	7	  903.95	-15	5	NULL
real	NR	563	16	15	   -2.00	1	   -1.00	1	10	4066940.00	-3	0	NULL
real	QR	564	16	-15	   -3.00	1	   -1.00	0	6	  738.12	-15	5	NULL
real	HR	565	16	15	   -1.00	1	   -1.00	1	8	  585.08	-3	5	NULL
real	HL	566	16	15	    0.00	1	   -1.00	1	9	  499.87	-3	5	NULL
real	FR	567	16	-15	   -5.00	0	    1.00	1	9	  652.59	-3	5	NULL
real	MR	568	16	-15	   -4.00	1	   -1.00	0	10	4085978.00	-3	0	NULL
real	IL	569	16	-15	   -2.00	1	   -1.00	1	7	4090555.00	-15	0	NULL
real	BR	570	16	15	   -3.00	0	    1.00	1	9	  779.70	-15	7	NULL
real	DL	571	16	15	    0.00	1	   -1.00	1	9	4100038.00	15	7	NULL
real	FL	572	16	-15	   -6.00	0	    1.00	1	6	  530.31	-3	5	NULL
real	BL	573	16	15	   -2.00	1	   -1.00	1	7	  739.80	-15	7	NULL
real	DR	574	16	15	   -3.00	0	    1.00	1	7	4111613.00	15	7	NULL
real	GR	575	16	15	   -2.00	0	    1.00	1	9	  702.08	-3	7	NULL
real	RR	576	16	15	   -2.00	1	   -1.00	0	8	  540.07	-15	5	NULL
real	MR	577	17	-15	   -5.00	1	   -1.00	0	10	4122779.00	-3	0	NULL
real	QR	578	17	-15	   -4.00	0	    1.00	1	7	  588.84	-15	5	NULL
real	AL	579	17	-15	   -3.00	1	   -1.00	1	9	  896.30	-15	7	NULL
real	OL	580	17	-15	   -2.00	1	   -1.00	1	11	4134156.00	15	5	NULL
real	GR	581	17	15	   -1.00	1	   -1.00	1	10	  508.81	-3	7	NULL
real	DR	582	17	15	   -2.00	1	   -1.00	1	8	4142372.00	15	7	NULL
real	QL	583	17	-15	   -3.00	0	    1.00	1	8	  647.67	-15	5	NULL
real	KR	584	17	-15	   -4.00	0	    1.00	0	9	4154918.00	15	0	NULL
real	DL	585	17	15	   -1.00	0	    1.00	1	10	4184703.00	15	7	NULL
real	JR	586	17	15	   -4.00	0	    1.00	1	9	4188416.00	-15	0	NULL
real	RR	587	17	15	   -3.00	0	    1.00	1	9	  731.08	-15	5	NULL
real	AR	588	17	-15	   -3.00	0	    1.00	0	7	  613.75	-15	7	NULL
real	EL	589	17	-15	   -5.00	0	    1.00	1	8	  720.61	-3	7	NULL
real	CR	590	17	-15	   -3.00	1	   -1.00	1	6	4208936.00	15	7	NULL
real	FL	591	17	-15	   -5.00	0	    1.00	0	6	  825.58	-3	5	NULL
real	ER	592	17	-15	   -6.00	0	    1.00	1	9	  710.33	-3	7	NULL
real	LR	593	17	15	    0.00	1	   -1.00	1	6	4224920.00	15	0	NULL
real	CL	594	17	-15	   -3.00	1	   -1.00	1	9	4228945.00	15	7	NULL
real	LL	595	17	15	   -1.00	1	   -1.00	1	11	4236689.00	15	0	NULL
real	IL	596	17	-15	   -3.00	1	   -1.00	0	7	4243287.00	-15	0	NULL
real	IR	597	17	-15	   -3.00	0	    1.00	0	11	4248119.00	-15	0	NULL
real	BL	598	17	15	   -3.00	0	    1.00	1	8	  791.83	-15	7	NULL
real	RL	599	17	15	   -3.00	1	   -1.00	0	7	  696.72	-15	5	NULL
real	OR	600	17	-15	   -4.00	0	    1.00	1	9	4261657.00	15	5	NULL
real	HR	601	17	15	   -2.00	0	    1.00	1	9	  560.94	-3	5	NULL
real	NR	602	17	15	   -3.00	0	    1.00	1	11	4279566.00	-3	0	NULL
real	HL	603	17	15	   -1.00	1	   -1.00	0	9	  655.53	-3	5	NULL
real	BR	604	17	15	   -2.00	0	    1.00	0	9	  652.55	-15	7	NULL
real	NL	605	17	15	   -1.00	1	   -1.00	1	7	4294588.00	-3	0	NULL
real	GL	606	17	15	   -1.00	1	   -1.00	1	9	 1020.54	-3	7	NULL
real	PR	607	17	15	   -3.00	0	    1.00	1	9	4305908.00	15	5	NULL
real	JL	608	17	15	   -3.00	0	    1.00	1	10	4309947.00	-15	0	NULL
real	FR	609	17	-15	   -4.00	0	    1.00	0	9	  587.15	-3	5	NULL
real	ML	610	17	-15	   -5.00	0	    1.00	0	6	4317470.00	-3	0	NULL
real	KL	611	17	-15	   -5.00	0	    1.00	1	8	4327776.00	15	0	NULL
real	PL	612	17	15	   -3.00	0	    1.00	0	8	4334508.00	15	5	NULL
real	HR	613	18	15	   -1.00	1	   -1.00	1	10	  502.94	-3	5	NULL
real	RL	614	18	15	   -4.00	0	    1.00	1	8	  459.77	-15	5	NULL
real	LL	615	18	15	   -2.00	1	   -1.00	0	11	4356136.00	15	0	NULL
real	PR	616	18	15	   -2.00	1	   -1.00	1	10	4360733.00	15	5	NULL
real	BL	617	18	15	   -2.00	1	   -1.00	1	9	  541.21	-15	7	NULL
real	GR	618	18	15	   -2.00	0	    1.00	1	11	  659.83	-3	7	NULL
real	KL	619	18	-15	   -4.00	1	   -1.00	1	9	4372999.00	15	0	NULL
real	FL	620	18	-15	   -4.00	0	    1.00	0	6	  763.37	-3	5	NULL
real	CR	621	18	-15	   -4.00	0	    1.00	1	7	4382329.00	15	7	NULL
real	QL	622	18	-15	   -2.00	0	    1.00	0	8	  636.05	-15	5	NULL
real	CL	623	18	-15	   -4.00	0	    1.00	1	10	4391749.00	15	7	NULL
real	IR	624	18	-15	   -2.00	1	   -1.00	1	12	4404050.00	-15	0	NULL
real	DR	625	18	15	   -3.00	0	    1.00	1	9	4411948.00	15	7	NULL
real	EL	626	18	-15	   -4.00	1	   -1.00	1	9	  738.06	-3	7	NULL
real	ER	627	18	-15	   -5.00	0	    1.00	0	9	  552.59	-3	7	NULL
real	PL	628	18	15	   -2.00	0	    1.00	0	8	4444032.00	15	5	NULL
real	IL	629	18	-15	   -4.00	0	    1.00	1	8	4448206.00	-15	0	NULL
real	JL	630	18	15	   -2.00	1	   -1.00	1	11	4451913.00	-15	0	NULL
real	LR	631	18	15	   -1.00	1	   -1.00	0	6	4455939.00	15	0	NULL
real	ML	632	18	-15	   -4.00	1	   -1.00	1	7	4470654.00	-3	0	NULL
real	BR	633	18	15	   -1.00	1	   -1.00	1	10	  594.13	-15	7	NULL
real	NR	634	18	15	   -2.00	0	    1.00	0	11	4479729.00	-3	0	NULL
real	KR	635	18	-15	   -3.00	1	   -1.00	1	10	4486347.00	15	0	NULL
real	DL	636	18	15	    0.00	1	   -1.00	1	11	4491400.00	15	7	NULL
real	HL	637	18	15	   -2.00	0	    1.00	1	10	  488.84	-3	5	NULL
real	QR	638	18	-15	   -3.00	0	    1.00	0	7	  423.71	-15	5	NULL
real	OR	639	18	-15	   -3.00	1	   -1.00	1	10	4503443.00	15	5	NULL
real	OL	640	18	-15	   -3.00	1	   -1.00	0	11	4512321.00	15	5	NULL
real	AL	641	18	-15	   -4.00	0	    1.00	1	10	  414.68	-15	7	NULL
real	AR	642	18	-15	   -2.00	1	   -1.00	1	8	  735.25	-15	7	NULL
real	FR	643	18	-15	   -3.00	1	   -1.00	1	10	  476.57	-3	5	NULL
real	NL	644	18	15	   -2.00	0	    1.00	1	8	4528305.00	-3	0	NULL
real	MR	645	18	-15	   -6.00	1	   -1.00	0	10	4531993.00	-3	0	NULL
real	JR	646	18	15	   -3.00	0	    1.00	0	9	4538308.00	-15	0	NULL
real	RR	647	18	15	   -2.00	1	   -1.00	1	10	  468.33	-15	5	NULL
real	GL	648	18	15	   -2.00	0	    1.00	1	10	  635.34	-3	7	NULL
real	LL	649	19	15	   -3.00	0	    1.00	1	12	4558865.00	15	0	NULL
real	DR	650	19	15	   -2.00	0	    1.00	0	9	4568560.00	15	7	NULL
real	RL	651	19	15	   -3.00	0	    1.00	0	8	  464.39	-15	5	NULL
real	PL	652	19	15	   -1.00	1	   -1.00	1	9	4585966.00	15	5	NULL
real	FL	653	19	-15	   -3.00	1	   -1.00	1	7	  736.30	-3	5	NULL
real	HR	654	19	15	   -2.00	0	    1.00	1	11	  533.55	-3	5	NULL
real	HL	655	19	15	   -1.00	1	   -1.00	1	11	  432.94	-3	5	NULL
real	LR	656	19	15	   -2.00	1	   -1.00	0	6	4612785.00	15	0	NULL
real	CL	657	19	-15	   -3.00	1	   -1.00	1	11	4616715.00	15	7	NULL
real	MR	658	19	-15	   -7.00	0	    1.00	1	11	4621222.00	-3	0	NULL
real	KR	659	19	-15	   -4.00	1	   -1.00	0	10	4625259.00	15	0	NULL
real	ML	660	19	-15	   -5.00	0	    1.00	1	8	4642656.00	-3	0	NULL
real	QL	661	19	-15	   -1.00	1	   -1.00	1	9	  434.53	-15	5	NULL
real	BR	662	19	15	   -2.00	1	   -1.00	0	10	  721.75	-15	7	NULL
real	QR	663	19	-15	   -2.00	1	   -1.00	1	8	  455.04	-15	5	NULL
real	RR	664	19	15	   -3.00	0	    1.00	1	11	  539.55	-15	5	NULL
real	AL	665	19	-15	   -3.00	1	   -1.00	1	11	  632.51	-15	7	NULL
real	OL	666	19	-15	   -4.00	0	    1.00	1	12	4668950.00	15	5	NULL
real	NR	667	19	15	   -1.00	1	   -1.00	1	12	4676397.00	-3	0	NULL
real	FR	668	19	-15	   -4.00	0	    1.00	1	11	 1326.38	-3	5	NULL
real	JL	669	19	15	   -3.00	0	    1.00	1	12	4691759.00	-15	0	NULL
real	ER	670	19	-15	   -4.00	0	    1.00	0	9	  802.00	-3	7	NULL
real	AR	671	19	-15	   -3.00	0	    1.00	1	9	  563.32	-15	7	NULL
real	EL	672	19	-15	   -5.00	0	    1.00	1	10	  426.06	-3	7	NULL
real	BL	673	19	15	   -3.00	1	   -1.00	0	9	  751.02	-15	7	NULL
real	OR	674	19	-15	   -4.00	0	    1.00	1	11	4732283.00	15	5	NULL
real	JR	675	19	15	   -2.00	0	    1.00	0	9	4736497.00	-15	0	NULL
real	KL	676	19	-15	   -5.00	0	    1.00	1	10	4740537.00	15	0	NULL
real	GR	677	19	15	   -1.00	1	   -1.00	1	12	  486.35	-3	7	NULL
real	GL	678	19	15	   -1.00	0	    1.00	0	10	  888.57	-3	7	NULL
real	NL	679	19	15	   -1.00	0	    1.00	0	8	4753453.00	-3	0	NULL
real	DL	680	19	15	   -1.00	0	    1.00	1	12	4758837.00	15	7	NULL
real	CR	681	19	-15	   -3.00	0	    1.00	0	7	4762830.00	15	7	NULL
real	IL	682	19	-15	   -3.00	0	    1.00	0	8	4770255.00	-15	0	NULL
real	PR	683	19	15	   -3.00	0	    1.00	1	11	4774248.00	15	5	NULL
real	PL	684	20	15	   -2.00	0	    1.00	1	10	4778278.00	15	5	NULL
real	DR	685	20	15	   -1.00	0	    1.00	0	9	4783493.00	15	7	NULL
real	ER	686	20	-15	   -3.00	1	   -1.00	1	10	  416.85	-3	7	NULL
real	BR	687	20	15	   -3.00	0	    1.00	1	11	  587.75	-15	7	NULL
real	AL	688	20	-15	   -4.00	0	    1.00	1	12	  563.51	-15	7	NULL
real	BL	689	20	15	   -4.00	0	    1.00	1	10	  592.37	-15	7	NULL
real	JR	690	20	15	   -1.00	1	   -1.00	1	10	4807467.00	-15	0	NULL
real	ML	691	20	-15	   -4.00	0	    1.00	0	8	4814032.00	-3	0	NULL
real	FL	692	20	-15	   -4.00	1	   -1.00	0	7	  868.65	-3	5	NULL
real	KL	693	20	-15	   -4.00	0	    1.00	0	10	4823978.00	15	0	NULL
real	GL	694	20	15	    0.00	1	   -1.00	1	11	  571.74	-3	7	NULL
real	EL	695	20	-15	   -4.00	1	   -1.00	1	11	 1032.29	-3	7	NULL
real	HL	696	20	15	   -2.00	0	    1.00	1	12	  576.22	-3	5	NULL
real	AR	697	20	-15	   -2.00	1	   -1.00	1	10	  422.11	-15	7	NULL
real	PR	698	20	15	   -2.00	0	    1.00	0	11	4855780.00	15	5	NULL
real	RL	699	20	15	   -2.00	0	    1.00	0	8	  839.04	-15	5	NULL
real	KR	700	20	-15	   -5.00	0	    1.00	1	11	4874480.00	15	0	NULL
real	CL	701	20	-15	   -4.00	0	    1.00	1	12	4878448.00	15	7	NULL
real	CR	702	20	-15	   -2.00	1	   -1.00	1	8	4882961.00	15	7	NULL
real	LR	703	20	15	   -3.00	0	    1.00	1	7	4887823.00	15	0	NULL
real	HR	704	20	15	   -1.00	1	   -1.00	1	12	 1002.81	-3	5	NULL
real	OR	705	20	-15	   -3.00	0	    1.00	0	11	4903959.00	15	5	NULL
real	IL	706	20	-15	   -2.00	0	    1.00	0	8	4909036.00	-15	0	NULL
real	MR	707	20	-15	   -6.00	0	    1.00	0	11	4913166.00	-3	0	NULL
real	NL	708	20	15	    0.00	0	    1.00	0	8	4922586.00	-3	0	NULL
real	QL	709	20	-15	   -2.00	0	    1.00	1	10	  560.30	-15	5	NULL
real	RR	710	20	15	   -2.00	0	    1.00	0	11	  451.41	-15	5	NULL
real	QR	711	20	-15	   -3.00	0	    1.00	1	9	  666.86	-15	5	NULL
real	FR	712	20	-15	   -3.00	1	   -1.00	1	12	  506.52	-3	5	NULL
real	GL	713	21	15	   -1.00	0	    1.00	1	12	  620.06	-3	7	NULL
real	CR	714	21	-15	   -3.00	0	    1.00	1	9	4950058.00	15	7	NULL
real	KL	715	21	-15	   -3.00	1	   -1.00	1	11	4954089.00	15	0	NULL
real	QL	716	21	-15	   -1.00	1	   -1.00	1	11	  566.87	-15	5	NULL
real	RR	717	21	15	   -1.00	1	   -1.00	1	12	  503.28	-15	5	NULL
real	BL	718	21	15	   -3.00	0	    1.00	0	10	  655.68	-15	7	NULL
real	QR	719	21	-15	   -2.00	1	   -1.00	1	10	  642.46	-15	5	NULL
real	KR	720	21	-15	   -4.00	0	    1.00	0	11	4981588.00	15	0	NULL
real	ML	721	21	-15	   -3.00	0	    1.00	0	8	4985890.00	-3	0	NULL
real	RL	722	21	15	   -1.00	1	   -1.00	1	9	  531.68	-15	5	NULL
real	IL	723	21	-15	   -1.00	1	   -1.00	1	9	4992888.00	-15	0	NULL
real	PL	724	21	15	   -1.00	1	   -1.00	1	11	4996867.00	15	5	NULL
real	ER	725	21	-15	   -4.00	0	    1.00	1	11	  736.45	-3	7	NULL
real	FL	726	21	-15	   -5.00	0	    1.00	1	8	  649.11	-3	5	NULL
real	NL	727	21	15	    1.00	1	   -1.00	1	9	5014167.00	-3	0	NULL
real	AR	728	21	-15	   -3.00	0	    1.00	1	11	  613.91	-15	7	NULL
real	DR	729	21	15	    0.00	1	   -1.00	1	10	5022121.00	15	7	NULL
real	MR	730	21	-15	   -5.00	0	    1.00	0	11	5030037.00	-3	0	NULL
real	OR	731	21	-15	   -2.00	1	   -1.00	1	12	5049452.00	15	5	NULL
real	LR	732	21	15	   -2.00	0	    1.00	0	7	5053643.00	15	0	NULL
real	PR	733	21	15	   -1.00	1	   -1.00	1	12	5062122.00	15	5	NULL
real	JR	734	21	15	   -2.00	1	   -1.00	0	10	5091736.00	-15	0	NULL
real	EL	735	21	-15	   -5.00	0	    1.00	1	12	  472.94	-3	7	NULL
real	BR	736	21	15	   -2.00	1	   -1.00	1	12	  928.67	-15	7	NULL
real	BL	737	22	15	   -2.00	1	   -1.00	1	11	  445.00	-15	7	NULL
real	RL	738	22	15	   -2.00	1	   -1.00	0	9	  757.75	-15	5	NULL
real	JR	739	22	15	   -3.00	1	   -1.00	0	10	5116252.00	-15	0	NULL
real	NL	740	22	15	    0.00	1	   -1.00	0	9	5120074.00	-3	0	NULL
real	ML	741	22	-15	   -2.00	1	   -1.00	1	9	5124385.00	-3	0	NULL
real	ER	742	22	-15	   -3.00	0	    1.00	0	11	  568.52	-3	7	NULL
real	KL	743	22	-15	   -4.00	0	    1.00	1	12	5135895.00	15	0	NULL
real	FL	744	22	-15	   -4.00	0	    1.00	0	8	  507.16	-3	5	NULL
real	AR	745	22	-15	   -2.00	1	   -1.00	1	12	  495.49	-15	7	NULL
real	MR	746	22	-15	   -4.00	1	   -1.00	1	12	5146779.00	-3	0	NULL
real	QR	747	22	-15	   -3.00	1	   -1.00	0	10	  498.31	-15	5	NULL
real	LR	748	22	15	   -1.00	1	   -1.00	1	8	5159071.00	15	0	NULL
real	QL	749	22	-15	   -2.00	1	   -1.00	0	11	  423.80	-15	5	NULL
real	DR	750	22	15	   -1.00	1	   -1.00	0	10	5174089.00	15	7	NULL
real	CR	751	22	-15	   -2.00	1	   -1.00	1	10	5178007.00	15	7	NULL
real	PL	752	22	15	   -2.00	1	   -1.00	0	11	5182457.00	15	5	NULL
real	IL	753	22	-15	   -2.00	1	   -1.00	0	9	5202924.00	-15	0	NULL
real	KR	754	22	-15	   -3.00	1	   -1.00	1	12	5206768.00	15	0	NULL
real	NL	755	23	15	   -1.00	1	   -1.00	0	9	5210930.00	-3	0	NULL
real	ML	756	23	-15	   -3.00	1	   -1.00	0	9	5216577.00	-3	0	NULL
real	QL	757	23	-15	   -3.00	0	    1.00	1	12	  447.17	-15	5	NULL
real	JR	758	23	15	   -4.00	0	    1.00	1	11	5223646.00	-15	0	NULL
real	BL	759	23	15	   -3.00	0	    1.00	1	12	  623.58	-15	7	NULL
real	ER	760	23	-15	   -2.00	1	   -1.00	1	12	  466.96	-3	7	NULL
real	PL	761	23	15	   -3.00	0	    1.00	1	12	5234602.00	15	5	NULL
real	DR	762	23	15	   -2.00	0	    1.00	1	11	5240718.00	15	7	NULL
real	CR	763	23	-15	   -3.00	0	    1.00	1	11	5244734.00	15	7	NULL
real	FL	764	23	-15	   -3.00	1	   -1.00	1	9	  650.05	-3	5	NULL
real	LR	765	23	15	   -2.00	0	    1.00	1	9	5253472.00	15	0	NULL
real	QR	766	23	-15	   -4.00	0	    1.00	1	11	 1028.51	-15	5	NULL
real	IL	767	23	-15	   -3.00	1	   -1.00	0	9	5262465.00	-15	0	NULL
real	RL	768	23	15	   -3.00	0	    1.00	1	10	  960.71	-15	5	NULL
real	CR	769	24	-15	   -2.00	1	   -1.00	1	12	5275288.00	15	7	NULL
real	RL	770	24	15	   -2.00	1	   -1.00	1	11	  631.85	-15	5	NULL
real	FL	771	24	-15	   -4.00	0	    1.00	1	10	  487.17	-3	5	NULL
real	NL	772	24	15	   -2.00	1	   -1.00	0	9	5288818.00	-3	0	NULL
real	IL	773	24	-15	   -4.00	0	    1.00	1	10	5292921.00	-15	0	NULL
real	ML	774	24	-15	   -4.00	1	   -1.00	0	9	5298542.00	-3	0	NULL
real	DR	775	24	15	   -1.00	1	   -1.00	1	12	5304321.00	15	7	NULL
real	QR	776	24	-15	   -3.00	0	    1.00	0	11	  483.71	-15	5	NULL
real	JR	777	24	15	   -3.00	0	    1.00	0	11	5311742.00	-15	0	NULL
real	LR	778	24	15	   -1.00	0	    1.00	0	9	5317870.00	15	0	NULL
real	NL	779	25	15	   -3.00	0	    1.00	1	10	5322018.00	-3	0	NULL
real	LR	780	25	15	    0.00	0	    1.00	0	9	5326492.00	15	0	NULL
real	FL	781	25	-15	   -3.00	0	    1.00	0	10	  680.10	-3	5	NULL
real	RL	782	25	15	   -3.00	0	    1.00	1	12	  768.64	-15	5	NULL
real	IL	783	25	-15	   -3.00	0	    1.00	0	10	5339718.00	-15	0	NULL
real	JR	784	25	15	   -2.00	0	    1.00	0	11	5349008.00	-15	0	NULL
real	QR	785	25	-15	   -2.00	1	   -1.00	1	12	  560.82	-15	5	NULL
real	ML	786	25	-15	   -5.00	0	    1.00	1	10	5360206.00	-3	0	NULL
real	FL	787	26	-15	   -2.00	1	   -1.00	1	11	  597.49	-3	5	NULL
real	JR	788	26	15	   -1.00	1	   -1.00	1	12	5375191.00	-15	0	NULL
real	LR	789	26	15	    1.00	1	   -1.00	1	10	5379822.00	15	0	NULL
real	IL	790	26	-15	   -2.00	1	   -1.00	1	11	5384796.00	-15	0	NULL
real	ML	791	26	-15	   -4.00	1	   -1.00	1	11	5399117.00	-3	0	NULL
real	NL	792	26	15	   -2.00	1	   -1.00	1	11	5402904.00	-3	0	NULL
real	IL	793	27	-15	   -3.00	1	   -1.00	0	11	5406756.00	-15	0	NULL
real	FL	794	27	-15	   -3.00	0	    1.00	1	12	  358.58	-3	5	NULL
real	ML	795	27	-15	   -5.00	0	    1.00	1	12	5414140.00	-3	0	NULL
real	NL	796	27	15	   -3.00	0	    1.00	1	12	5426523.00	-3	0	NULL
real	LR	797	27	15	    0.00	1	   -1.00	0	10	5430530.00	15	0	NULL
real	LR	798	28	15	   -1.00	0	    1.00	1	11	5443839.00	15	0	NULL
real	IL	799	28	-15	   -4.00	0	    1.00	1	12	5449642.00	-15	0	NULL
real	LR	800	29	15	    0.00	1	   -1.00	1	12	5543780.00	15	0	NULL
