TRIAL_TYPE	trial_variant	TRIAL_NUMBER	TRIAL_ITERATION_VAL	frame_tilt	rod_tilt	response	step_size	reversal	reversal_num	RT	probe_del	alpha_entrain_refreshes	rod_tilt_val
real	RR	1	1	15	   20.00	1	   -8.00	0	0	 2230.98	-15	5	NULL
real	AR	2	1	-15	   20.00	1	   -8.00	0	0	  942.00	-15	7	NULL
real	HR	3	1	15	   20.00	1	   -8.00	0	0	  684.69	-3	5	NULL
real	CL	4	1	-15	  -20.00	0	    8.00	0	0	407985.00	15	7	NULL
real	PL	5	1	15	  -20.00	0	    8.00	0	0	413276.00	15	5	NULL
real	MR	6	1	-15	   20.00	1	   -8.00	0	0	417261.00	-3	0	NULL
real	CR	7	1	-15	   20.00	1	   -8.00	0	0	425517.00	15	7	NULL
real	AL	8	1	-15	  -20.00	0	    8.00	0	0	  608.84	-15	7	NULL
real	JL	9	1	15	  -20.00	0	    8.00	0	0	436320.00	-15	0	NULL
real	NL	10	1	15	  -20.00	0	    8.00	0	0	440154.00	-3	0	NULL
real	FL	11	1	-15	  -20.00	0	    8.00	0	0	  433.18	-3	5	NULL
real	DL	12	1	15	  -20.00	0	    8.00	0	0	448059.00	15	7	NULL
real	QR	13	1	-15	   20.00	1	   -8.00	0	0	  616.05	-15	5	NULL
real	BL	14	1	15	  -20.00	0	    8.00	0	0	  490.19	-15	7	NULL
real	LR	15	1	15	   20.00	1	   -8.00	0	0	459560.00	15	0	NULL
real	OL	16	1	-15	  -20.00	0	    8.00	0	0	464644.00	15	5	NULL
real	HL	17	1	15	  -20.00	0	    8.00	0	0	  962.23	-3	5	NULL
real	KR	18	1	-15	   20.00	1	   -8.00	0	0	478309.00	15	0	NULL
real	GR	19	1	15	   20.00	1	   -8.00	0	0	  535.16	-3	7	NULL
real	BR	20	1	15	   20.00	1	   -8.00	0	0	  653.07	-15	7	NULL
real	ER	21	1	-15	   20.00	1	   -8.00	0	0	  655.57	-3	7	NULL
real	NR	22	1	15	   20.00	1	   -8.00	0	0	498231.00	-3	0	NULL
real	QL	23	1	-15	  -20.00	0	    8.00	0	0	  672.22	-15	5	NULL
real	EL	24	1	-15	  -20.00	0	    8.00	0	0	  501.78	-3	7	NULL
real	JR	25	1	15	   20.00	1	   -8.00	0	0	510422.00	-15	0	NULL
real	PR	26	1	15	   20.00	1	   -8.00	0	0	514726.00	15	5	NULL
real	KL	27	1	-15	  -20.00	0	    8.00	0	0	519148.00	15	0	NULL
real	FR	28	1	-15	   20.00	1	   -8.00	0	0	  533.53	-3	5	NULL
real	IR	29	1	-15	   20.00	1	   -8.00	0	0	526897.00	-15	0	NULL
real	LL	30	1	15	  -20.00	0	    8.00	0	0	531044.00	15	0	NULL
real	DR	31	1	15	   20.00	1	   -8.00	0	0	535160.00	15	7	NULL
real	IL	32	1	-15	  -20.00	0	    8.00	0	0	539404.00	-15	0	NULL
real	ML	33	1	-15	  -20.00	0	    8.00	0	0	543208.00	-3	0	NULL
real	RL	34	1	15	  -20.00	0	    8.00	0	0	  533.56	-15	5	NULL
real	GL	35	1	15	  -20.00	0	    8.00	0	0	  639.87	-3	7	NULL
real	OR	36	1	-15	   20.00	1	   -8.00	0	0	565171.00	15	5	NULL
real	JR	37	2	15	   12.00	1	   -8.00	0	0	572478.00	-15	0	NULL
real	QR	38	2	-15	   12.00	1	   -8.00	0	0	  670.35	-15	5	NULL
real	OR	39	2	-15	   12.00	1	   -8.00	0	0	581500.00	15	5	NULL
real	DL	40	2	15	  -12.00	0	    8.00	0	0	586071.00	15	7	NULL
real	QL	41	2	-15	  -12.00	0	    8.00	0	0	  578.49	-15	5	NULL
real	PL	42	2	15	  -12.00	0	    8.00	0	0	597188.00	15	5	NULL
real	OL	43	2	-15	  -12.00	0	    8.00	0	0	603035.00	15	5	NULL
real	CR	44	2	-15	   12.00	1	   -8.00	0	0	607346.00	15	7	NULL
real	BL	45	2	15	  -12.00	0	    8.00	0	0	  621.01	-15	7	NULL
real	MR	46	2	-15	   12.00	1	   -8.00	0	0	616613.00	-3	0	NULL
real	IR	47	2	-15	   12.00	1	   -8.00	0	0	624845.00	-15	0	NULL
real	NR	48	2	15	   12.00	1	   -8.00	0	0	629329.00	-3	0	NULL
real	RL	49	2	15	  -12.00	0	    8.00	0	0	  441.65	-15	5	NULL
real	GL	50	2	15	  -12.00	0	    8.00	0	0	  505.19	-3	7	NULL
real	KR	51	2	-15	   12.00	1	   -8.00	0	0	648643.00	15	0	NULL
real	PR	52	2	15	   12.00	1	   -8.00	0	0	675310.00	15	5	NULL
real	AR	53	2	-15	   12.00	1	   -8.00	0	0	  665.77	-15	7	NULL
real	RR	54	2	15	   12.00	1	   -8.00	0	0	  539.65	-15	5	NULL
real	HL	55	2	15	  -12.00	0	    8.00	0	0	  482.64	-3	5	NULL
real	JL	56	2	15	  -12.00	0	    8.00	0	0	691879.00	-15	0	NULL
real	EL	57	2	-15	  -12.00	0	    8.00	0	0	  533.17	-3	7	NULL
real	NL	58	2	15	  -12.00	0	    8.00	0	0	701764.00	-3	0	NULL
real	GR	59	2	15	   12.00	1	   -8.00	0	0	  508.84	-3	7	NULL
real	ML	60	2	-15	  -12.00	0	    8.00	0	0	710132.00	-3	0	NULL
real	DR	61	2	15	   12.00	1	   -8.00	0	0	716464.00	15	7	NULL
real	IL	62	2	-15	  -12.00	0	    8.00	0	0	720845.00	-15	0	NULL
real	CL	63	2	-15	  -12.00	0	    8.00	0	0	725099.00	15	7	NULL
real	KL	64	2	-15	  -12.00	0	    8.00	0	0	729397.00	15	0	NULL
real	FL	65	2	-15	  -12.00	0	    8.00	0	0	  592.10	-3	5	NULL
real	HR	66	2	15	   12.00	1	   -8.00	0	0	  655.58	-3	5	NULL
real	FR	67	2	-15	   12.00	1	   -8.00	0	0	  565.43	-3	5	NULL
real	AL	68	2	-15	  -12.00	0	    8.00	0	0	  682.22	-15	7	NULL
real	ER	69	2	-15	   12.00	1	   -8.00	0	0	  586.66	-3	7	NULL
real	LR	70	2	15	   12.00	1	   -8.00	0	0	756728.00	15	0	NULL
real	BR	71	2	15	   12.00	1	   -8.00	0	0	 1043.57	-15	7	NULL
real	LL	72	2	15	  -12.00	0	    8.00	0	0	766167.00	15	0	NULL
real	GL	73	3	15	   -4.00	0	    8.00	0	0	  567.07	-3	7	NULL
real	QR	74	3	-15	    4.00	1	   -8.00	0	0	  721.84	-15	5	NULL
real	JL	75	3	15	   -4.00	0	    8.00	0	0	778063.00	-15	0	NULL
real	CR	76	3	-15	    4.00	1	   -8.00	0	0	781944.00	15	7	NULL
real	BL	77	3	15	   -4.00	0	    8.00	0	0	  610.77	-15	7	NULL
real	CL	78	3	-15	   -4.00	0	    8.00	0	0	789815.00	15	7	NULL
real	LL	79	3	15	   -4.00	0	    8.00	0	0	794409.00	15	0	NULL
real	DR	80	3	15	    4.00	1	   -8.00	0	0	798588.00	15	7	NULL
real	HR	81	3	15	    4.00	1	   -8.00	0	0	  551.58	-3	5	NULL
real	OR	82	3	-15	    4.00	1	   -8.00	0	0	806695.00	15	5	NULL
real	AR	83	3	-15	    4.00	1	   -8.00	0	0	  836.47	-15	7	NULL
real	FL	84	3	-15	   -4.00	0	    8.00	0	0	  926.93	-3	5	NULL
real	ML	85	3	-15	   -4.00	0	    8.00	0	0	823309.00	-3	0	NULL
real	BR	86	3	15	    4.00	1	   -8.00	0	0	  663.58	-15	7	NULL
real	LR	87	3	15	    4.00	1	   -8.00	0	0	833960.00	15	0	NULL
real	IL	88	3	-15	   -4.00	0	    8.00	0	0	837980.00	-15	0	NULL
real	GR	89	3	15	    4.00	1	   -8.00	0	0	  924.13	-3	7	NULL
real	IR	90	3	-15	    4.00	1	   -8.00	0	0	847308.00	-15	0	NULL
real	PR	91	3	15	    4.00	1	   -8.00	0	0	851680.00	15	5	NULL
real	OL	92	3	-15	   -4.00	0	    8.00	0	0	856308.00	15	5	NULL
real	HL	93	3	15	   -4.00	0	    8.00	0	0	  634.94	-3	5	NULL
real	KL	94	3	-15	   -4.00	0	    8.00	0	0	866265.00	15	0	NULL
real	MR	95	3	-15	    4.00	1	   -8.00	0	0	870264.00	-3	0	NULL
real	RR	96	3	15	    4.00	1	   -8.00	0	0	  731.66	-15	5	NULL
real	NL	97	3	15	   -4.00	0	    8.00	0	0	878887.00	-3	0	NULL
real	PL	98	3	15	   -4.00	0	    8.00	0	0	882939.00	15	5	NULL
real	FR	99	3	-15	    4.00	1	   -8.00	0	0	  782.86	-3	5	NULL
real	ER	100	3	-15	    4.00	1	   -8.00	0	0	  494.13	-3	7	NULL
real	EL	101	3	-15	   -4.00	0	    8.00	0	0	  689.48	-3	7	NULL
real	JR	102	3	15	    4.00	1	   -8.00	0	0	900507.00	-15	0	NULL
real	QL	103	3	-15	   -4.00	0	    8.00	0	0	  778.87	-15	5	NULL
real	AL	104	3	-15	   -4.00	0	    8.00	0	0	  668.70	-15	7	NULL
real	RL	105	3	15	   -4.00	0	    8.00	0	0	  741.67	-15	5	NULL
real	DL	106	3	15	   -4.00	0	    8.00	0	0	921976.00	15	7	NULL
real	KR	107	3	-15	    4.00	1	   -8.00	0	0	926344.00	15	0	NULL
real	NR	108	3	15	    4.00	1	   -8.00	0	0	932250.00	-3	0	NULL
real	OL	109	4	-15	    4.00	1	   -4.00	1	1	936833.00	15	5	NULL
real	RR	110	4	15	   -4.00	0	    4.00	1	1	  527.16	-15	5	NULL
real	KR	111	4	-15	   -4.00	0	    4.00	1	1	948502.00	15	0	NULL
real	AL	112	4	-15	    4.00	1	   -4.00	1	1	  711.99	-15	7	NULL
real	MR	113	4	-15	   -4.00	0	    4.00	1	1	968596.00	-3	0	NULL
real	IR	114	4	-15	   -4.00	0	    4.00	1	1	977836.00	-15	0	NULL
real	NR	115	4	15	   -4.00	0	    4.00	1	1	983008.00	-3	0	NULL
real	AR	116	4	-15	   -4.00	0	    4.00	1	1	  727.13	-15	7	NULL
real	ML	117	4	-15	    4.00	1	   -4.00	1	1	996732.00	-3	0	NULL
real	FL	118	4	-15	    4.00	1	   -4.00	1	1	  562.41	-3	5	NULL
real	QR	119	4	-15	   -4.00	0	    4.00	1	1	  569.93	-15	5	NULL
real	KL	120	4	-15	    4.00	1	   -4.00	1	1	1012553.00	15	0	NULL
real	BR	121	4	15	   -4.00	0	    4.00	1	1	  566.50	-15	7	NULL
real	JR	122	4	15	   -4.00	0	    4.00	1	1	1028569.00	-15	0	NULL
real	IL	123	4	-15	    4.00	1	   -4.00	1	1	1033556.00	-15	0	NULL
real	GL	124	4	15	    4.00	1	   -4.00	1	1	  937.08	-3	7	NULL
real	PL	125	4	15	    4.00	1	   -4.00	1	1	1043211.00	15	5	NULL
real	RL	126	4	15	    4.00	1	   -4.00	1	1	  779.21	-15	5	NULL
real	DR	127	4	15	   -4.00	0	    4.00	1	1	1051411.00	15	7	NULL
real	DL	128	4	15	    4.00	1	   -4.00	1	1	1068065.00	15	7	NULL
real	HL	129	4	15	    4.00	1	   -4.00	1	1	  642.00	-3	5	NULL
real	QL	130	4	-15	    4.00	1	   -4.00	1	1	  660.18	-15	5	NULL
real	HR	131	4	15	   -4.00	0	    4.00	1	1	  536.02	-3	5	NULL
real	CL	132	4	-15	    4.00	1	   -4.00	1	1	1085140.00	15	7	NULL
real	ER	133	4	-15	   -4.00	0	    4.00	1	1	  678.62	-3	7	NULL
real	BL	134	4	15	    4.00	1	   -4.00	1	1	  526.28	-15	7	NULL
real	LL	135	4	15	    4.00	1	   -4.00	1	1	1139971.00	15	0	NULL
real	OR	136	4	-15	   -4.00	0	    4.00	1	1	1144679.00	15	5	NULL
real	JL	137	4	15	    4.00	1	   -4.00	1	1	1148199.00	-15	0	NULL
real	CR	138	4	-15	   -4.00	0	    4.00	1	1	1152273.00	15	7	NULL
real	FR	139	4	-15	   -4.00	0	    4.00	1	1	  474.19	-3	5	NULL
real	NL	140	4	15	    4.00	1	   -4.00	1	1	1160706.00	-3	0	NULL
real	GR	141	4	15	   -4.00	0	    4.00	1	1	  491.32	-3	7	NULL
real	EL	142	4	-15	    4.00	1	   -4.00	1	1	  603.19	-3	7	NULL
real	LR	143	4	15	   -4.00	0	    4.00	1	1	1172759.00	15	0	NULL
real	PR	144	4	15	   -4.00	0	    4.00	1	1	1176951.00	15	5	NULL
real	OL	145	5	-15	    0.00	0	    2.00	1	2	1183483.00	15	5	NULL
real	CR	146	5	-15	    0.00	1	   -2.00	1	2	1189466.00	15	7	NULL
real	HL	147	5	15	    0.00	0	    2.00	1	2	  703.19	-3	5	NULL
real	PR	148	5	15	    0.00	0	    4.00	0	1	1198399.00	15	5	NULL
real	EL	149	5	-15	    0.00	1	   -4.00	0	1	  686.51	-3	7	NULL
real	RR	150	5	15	    0.00	0	    4.00	0	1	 1036.39	-15	5	NULL
real	PL	151	5	15	    0.00	0	    2.00	1	2	1217332.00	15	5	NULL
real	JL	152	5	15	    0.00	1	   -4.00	0	1	1221386.00	-15	0	NULL
real	FL	153	5	-15	    0.00	1	   -4.00	0	1	  680.50	-3	5	NULL
real	IR	154	5	-15	    0.00	1	   -2.00	1	2	1232218.00	-15	0	NULL
real	HR	155	5	15	    0.00	0	    4.00	0	1	  727.27	-3	5	NULL
real	NR	156	5	15	    0.00	0	    4.00	0	1	1241630.00	-3	0	NULL
real	NL	157	5	15	    0.00	0	    2.00	1	2	1256820.00	-3	0	NULL
real	QL	158	5	-15	    0.00	1	   -4.00	0	1	 2068.69	-15	5	NULL
real	IL	159	5	-15	    0.00	0	    2.00	1	2	1270983.00	-15	0	NULL
real	BL	160	5	15	    0.00	0	    2.00	1	2	 1221.00	-15	7	NULL
real	AR	161	5	-15	    0.00	0	    4.00	0	1	  887.68	-15	7	NULL
real	ER	162	5	-15	    0.00	1	   -2.00	1	2	  682.69	-3	7	NULL
real	LR	163	5	15	    0.00	0	    4.00	0	1	1297925.00	15	0	NULL
real	CL	164	5	-15	    0.00	1	   -4.00	0	1	1303071.00	15	7	NULL
real	BR	165	5	15	    0.00	1	   -2.00	1	2	  759.27	-15	7	NULL
real	QR	166	5	-15	    0.00	1	   -2.00	1	2	  754.62	-15	5	NULL
real	FR	167	5	-15	    0.00	1	   -2.00	1	2	  702.24	-3	5	NULL
real	JR	168	5	15	    0.00	0	    4.00	0	1	1328050.00	-15	0	NULL
real	AL	169	5	-15	    0.00	1	   -4.00	0	1	  946.44	-15	7	NULL
real	LL	170	5	15	    0.00	0	    2.00	1	2	1340499.00	15	0	NULL
real	KL	171	5	-15	    0.00	1	   -4.00	0	1	1346047.00	15	0	NULL
real	MR	172	5	-15	    0.00	1	   -2.00	1	2	1352047.00	-3	0	NULL
real	GR	173	5	15	    0.00	0	    4.00	0	1	  539.16	-3	7	NULL
real	ML	174	5	-15	    0.00	1	   -4.00	0	1	1365661.00	-3	0	NULL
real	DL	175	5	15	    0.00	0	    2.00	1	2	1371025.00	15	7	NULL
real	RL	176	5	15	    0.00	1	   -4.00	0	1	  977.79	-15	5	NULL
real	DR	177	5	15	    0.00	1	   -2.00	1	2	1381749.00	15	7	NULL
real	GL	178	5	15	    0.00	0	    2.00	1	2	  936.13	-3	7	NULL
real	OR	179	5	-15	    0.00	0	    4.00	0	1	1401780.00	15	5	NULL
real	KR	180	5	-15	    0.00	0	    4.00	0	1	1406943.00	15	0	NULL
real	PL	181	6	15	    2.00	0	    2.00	0	2	1411284.00	15	5	NULL
real	KR	182	6	-15	    4.00	1	   -2.00	1	2	1415676.00	15	0	NULL
real	OL	183	6	-15	    2.00	1	   -1.00	1	3	1425364.00	15	5	NULL
real	AR	184	6	-15	    4.00	1	   -2.00	1	2	  749.21	-15	7	NULL
real	HL	185	6	15	    2.00	0	    2.00	0	2	  666.16	-3	5	NULL
real	JR	186	6	15	    4.00	1	   -2.00	1	2	1444218.00	-15	0	NULL
real	IL	187	6	-15	    2.00	1	   -1.00	1	3	1447923.00	-15	0	NULL
real	NL	188	6	15	    2.00	0	    2.00	0	2	1453656.00	-3	0	NULL
real	RL	189	6	15	   -4.00	0	    2.00	1	2	  600.84	-15	5	NULL
real	MR	190	6	-15	   -2.00	1	   -2.00	0	2	1477936.00	-3	0	NULL
real	DL	191	6	15	    2.00	1	   -1.00	1	3	1483259.00	15	7	NULL
real	FL	192	6	-15	   -4.00	0	    2.00	1	2	  537.99	-3	5	NULL
real	QR	193	6	-15	   -2.00	0	    1.00	1	3	  529.14	-15	5	NULL
real	NR	194	6	15	    4.00	1	   -2.00	1	2	1505652.00	-3	0	NULL
real	RR	195	6	15	    4.00	1	   -2.00	1	2	  582.13	-15	5	NULL
real	IR	196	6	-15	   -2.00	0	    1.00	1	3	1519243.00	-15	0	NULL
real	GR	197	6	15	    4.00	1	   -2.00	1	2	  591.88	-3	7	NULL
real	OR	198	6	-15	    4.00	1	   -2.00	1	2	1534309.00	15	5	NULL
real	CL	199	6	-15	   -4.00	0	    2.00	1	2	1539232.00	15	7	NULL
real	ER	200	6	-15	   -2.00	0	    1.00	1	3	  869.02	-3	7	NULL
real	BL	201	6	15	    2.00	1	   -1.00	1	3	  900.72	-15	7	NULL
real	PR	202	6	15	    4.00	1	   -2.00	1	2	1558890.00	15	5	NULL
real	LL	203	6	15	    2.00	1	   -1.00	1	3	1564233.00	15	0	NULL
real	JL	204	6	15	   -4.00	0	    2.00	1	2	1572506.00	-15	0	NULL
real	LR	205	6	15	    4.00	1	   -2.00	1	2	1578895.00	15	0	NULL
real	FR	206	6	-15	   -2.00	0	    1.00	1	3	  647.37	-3	5	NULL
real	DR	207	6	15	   -2.00	0	    1.00	1	3	1592630.00	15	7	NULL
real	BR	208	6	15	   -2.00	0	    1.00	1	3	  768.65	-15	7	NULL
real	QL	209	6	-15	   -4.00	0	    2.00	1	2	  564.32	-15	5	NULL
real	KL	210	6	-15	   -4.00	0	    2.00	1	2	1611305.00	15	0	NULL
real	ML	211	6	-15	   -4.00	0	    2.00	1	2	1617738.00	-3	0	NULL
real	GL	212	6	15	    2.00	1	   -1.00	1	3	  743.37	-3	7	NULL
real	EL	213	6	-15	   -4.00	0	    2.00	1	2	  630.41	-3	7	NULL
real	AL	214	6	-15	   -4.00	0	    2.00	1	2	  655.50	-15	7	NULL
real	HR	215	6	15	    4.00	1	   -2.00	1	2	  536.70	-3	5	NULL
real	CR	216	6	-15	   -2.00	0	    1.00	1	3	1641198.00	15	7	NULL
real	NL	217	7	15	    4.00	1	   -1.00	1	3	1646714.00	-3	0	NULL
real	RL	218	7	15	   -2.00	0	    2.00	0	2	  901.99	-15	5	NULL
real	NR	219	7	15	    2.00	1	   -2.00	0	2	1656824.00	-3	0	NULL
real	MR	220	7	-15	   -4.00	0	    1.00	1	3	1663012.00	-3	0	NULL
real	BL	221	7	15	    1.00	1	   -1.00	0	3	  798.82	-15	7	NULL
real	PL	222	7	15	    4.00	1	   -1.00	1	3	1675949.00	15	5	NULL
real	KL	223	7	-15	   -2.00	1	   -1.00	1	3	1681558.00	15	0	NULL
real	LR	224	7	15	    2.00	1	   -2.00	0	2	1688595.00	15	0	NULL
real	DR	225	7	15	   -1.00	0	    1.00	0	3	1692770.00	15	7	NULL
real	RR	226	7	15	    2.00	1	   -2.00	0	2	  624.44	-15	5	NULL
real	LL	227	7	15	    1.00	1	   -1.00	0	3	1707100.00	15	0	NULL
real	AL	228	7	-15	   -2.00	0	    2.00	0	2	  740.68	-15	7	NULL
real	QL	229	7	-15	   -2.00	0	    2.00	0	2	  580.03	-15	5	NULL
real	CL	230	7	-15	   -2.00	0	    2.00	0	2	1732790.00	15	7	NULL
real	OR	231	7	-15	    2.00	1	   -2.00	0	2	1738445.00	15	5	NULL
real	FL	232	7	-15	   -2.00	0	    2.00	0	2	  576.46	-3	5	NULL
real	OL	233	7	-15	    1.00	1	   -1.00	0	3	1749927.00	15	5	NULL
real	IL	234	7	-15	    1.00	0	    1.00	1	4	1759143.00	-15	0	NULL
real	FR	235	7	-15	   -1.00	0	    1.00	0	3	  695.60	-3	5	NULL
real	GL	236	7	15	    1.00	0	    1.00	1	4	  603.75	-3	7	NULL
real	AR	237	7	-15	    2.00	1	   -2.00	0	2	  642.85	-15	7	NULL
real	BR	238	7	15	   -1.00	0	    1.00	0	3	  547.53	-15	7	NULL
real	PR	239	7	15	    2.00	1	   -2.00	0	2	1781286.00	15	5	NULL
real	JL	240	7	15	   -2.00	0	    2.00	0	2	1792586.00	-15	0	NULL
real	DL	241	7	15	    1.00	1	   -1.00	0	3	1801838.00	15	7	NULL
real	GR	242	7	15	    2.00	1	   -2.00	0	2	  777.57	-3	7	NULL
real	CR	243	7	-15	   -1.00	1	   -1.00	1	4	1810457.00	15	7	NULL
real	EL	244	7	-15	   -2.00	0	    2.00	0	2	  741.74	-3	7	NULL
real	QR	245	7	-15	   -1.00	0	    1.00	0	3	  491.65	-15	5	NULL
real	KR	246	7	-15	    2.00	1	   -2.00	0	2	1825238.00	15	0	NULL
real	IR	247	7	-15	   -1.00	0	    1.00	0	3	1830405.00	-15	0	NULL
real	HR	248	7	15	    2.00	0	    1.00	1	3	  532.49	-3	5	NULL
real	ML	249	7	-15	   -2.00	1	   -1.00	1	3	1838649.00	-3	0	NULL
real	HL	250	7	15	    4.00	1	   -1.00	1	3	  633.67	-3	5	NULL
real	ER	251	7	-15	   -1.00	0	    1.00	0	3	 1590.89	-3	7	NULL
real	JR	252	7	15	    2.00	1	   -2.00	0	2	1855032.00	-15	0	NULL
real	GL	253	8	15	    2.00	1	   -1.00	1	5	 1443.78	-3	7	NULL
real	DL	254	8	15	    0.00	0	    1.00	1	4	1867930.00	15	7	NULL
real	GR	255	8	15	    0.00	0	    1.00	1	3	  782.91	-3	7	NULL
real	KR	256	8	-15	    0.00	1	   -2.00	0	2	1881668.00	15	0	NULL
real	RR	257	8	15	    0.00	0	    1.00	1	3	  586.24	-15	5	NULL
real	OR	258	8	-15	    0.00	1	   -2.00	0	2	1905289.00	15	5	NULL
real	IR	259	8	-15	    0.00	0	    1.00	0	3	1909235.00	-15	0	NULL
real	OL	260	8	-15	    0.00	0	    1.00	1	4	1913886.00	15	5	NULL
real	JL	261	8	15	    0.00	0	    2.00	0	2	1929425.00	-15	0	NULL
real	NL	262	8	15	    3.00	1	   -1.00	0	3	1936543.00	-3	0	NULL
real	DR	263	8	15	    0.00	0	    1.00	0	3	1949893.00	15	7	NULL
real	CR	264	8	-15	   -2.00	0	    1.00	1	5	1966122.00	15	7	NULL
real	BR	265	8	15	    0.00	1	   -1.00	1	4	  765.02	-15	7	NULL
real	IL	266	8	-15	    2.00	1	   -1.00	1	5	1979522.00	-15	0	NULL
real	NR	267	8	15	    0.00	0	    1.00	1	3	1987701.00	-3	0	NULL
real	LL	268	8	15	    0.00	0	    1.00	1	4	1992090.00	15	0	NULL
real	LR	269	8	15	    0.00	0	    1.00	1	3	1996967.00	15	0	NULL
real	BL	270	8	15	    0.00	1	   -1.00	0	3	  975.63	-15	7	NULL
real	AR	271	8	-15	    0.00	1	   -2.00	0	2	  785.08	-15	7	NULL
real	EL	272	8	-15	    0.00	1	   -1.00	1	3	  624.06	-3	7	NULL
real	AL	273	8	-15	    0.00	1	   -1.00	1	3	  707.54	-15	7	NULL
real	PR	274	8	15	    0.00	0	    1.00	1	3	2027845.00	15	5	NULL
real	FR	275	8	-15	    0.00	1	   -1.00	1	4	  590.62	-3	5	NULL
real	FL	276	8	-15	    0.00	1	   -1.00	1	3	  590.54	-3	5	NULL
real	HL	277	8	15	    3.00	1	   -1.00	0	3	  510.26	-3	5	NULL
real	PL	278	8	15	    3.00	1	   -1.00	0	3	2057829.00	15	5	NULL
real	JR	279	8	15	    0.00	1	   -2.00	0	2	2066267.00	-15	0	NULL
real	QL	280	8	-15	    0.00	1	   -1.00	1	3	  758.32	-15	5	NULL
real	MR	281	8	-15	   -3.00	0	    1.00	0	3	2081446.00	-3	0	NULL
real	RL	282	8	15	    0.00	1	   -1.00	1	3	  960.47	-15	5	NULL
real	KL	283	8	-15	   -3.00	0	    1.00	1	4	2094980.00	15	0	NULL
real	ER	284	8	-15	    0.00	1	   -1.00	1	4	  570.32	-3	7	NULL
real	CL	285	8	-15	    0.00	1	   -1.00	1	3	2105590.00	15	7	NULL
real	QR	286	8	-15	    0.00	0	    1.00	0	3	  584.45	-15	5	NULL
real	HR	287	8	15	    3.00	1	   -1.00	1	4	  400.20	-3	5	NULL
real	ML	288	8	-15	   -3.00	0	    1.00	1	4	2119735.00	-3	0	NULL
real	GL	289	9	15	    1.00	1	   -1.00	0	5	  725.95	-3	7	NULL
real	LR	290	9	15	    1.00	0	    1.00	0	3	2131669.00	15	0	NULL
real	FR	291	9	-15	   -1.00	1	   -1.00	0	4	  615.97	-3	5	NULL
real	GR	292	9	15	    1.00	1	   -1.00	1	4	  801.51	-3	7	NULL
real	NR	293	9	15	    1.00	1	   -1.00	1	4	2158694.00	-3	0	NULL
real	NL	294	9	15	    2.00	1	   -1.00	0	3	2167685.00	-3	0	NULL
real	KR	295	9	-15	   -2.00	0	    1.00	1	3	2175774.00	15	0	NULL
real	CR	296	9	-15	   -1.00	0	    1.00	0	5	2180594.00	15	7	NULL
real	JL	297	9	15	    2.00	1	   -1.00	1	3	2185773.00	-15	0	NULL
real	PR	298	9	15	    1.00	1	   -1.00	1	4	2192703.00	15	5	NULL
real	OL	299	9	-15	    1.00	1	   -1.00	1	5	2198538.00	15	5	NULL
real	RL	300	9	15	   -1.00	0	    1.00	1	4	  548.59	-15	5	NULL
real	LL	301	9	15	    1.00	0	    1.00	0	4	2232571.00	15	0	NULL
real	FL	302	9	-15	   -1.00	1	   -1.00	0	3	  576.81	-3	5	NULL
real	QL	303	9	-15	   -1.00	0	    1.00	1	4	  602.53	-15	5	NULL
real	JR	304	9	15	   -2.00	0	    1.00	1	3	2245905.00	-15	0	NULL
real	BR	305	9	15	   -1.00	1	   -1.00	0	4	  710.93	-15	7	NULL
real	RR	306	9	15	    1.00	1	   -1.00	1	4	  651.70	-15	5	NULL
real	DR	307	9	15	    1.00	1	   -1.00	1	4	2258553.00	15	7	NULL
real	BL	308	9	15	   -1.00	1	   -1.00	0	3	  690.39	-15	7	NULL
real	MR	309	9	-15	   -2.00	1	   -1.00	1	4	2267502.00	-3	0	NULL
real	IR	310	9	-15	    1.00	1	   -1.00	1	4	2272283.00	-15	0	NULL
real	QR	311	9	-15	    1.00	1	   -1.00	1	4	  551.37	-15	5	NULL
real	KL	312	9	-15	   -2.00	1	   -1.00	1	5	2282580.00	15	0	NULL
real	HL	313	9	15	    2.00	1	   -1.00	0	3	  590.80	-3	5	NULL
real	AR	314	9	-15	   -2.00	0	    1.00	1	3	  501.89	-15	7	NULL
real	ML	315	9	-15	   -2.00	1	   -1.00	1	5	2299486.00	-3	0	NULL
real	OR	316	9	-15	   -2.00	0	    1.00	1	3	2309198.00	15	5	NULL
real	HR	317	9	15	    2.00	1	   -1.00	0	4	  477.37	-3	5	NULL
real	EL	318	9	-15	   -1.00	1	   -1.00	0	3	  594.90	-3	7	NULL
real	DL	319	9	15	    1.00	0	    1.00	0	4	2332195.00	15	7	NULL
real	PL	320	9	15	    2.00	1	   -1.00	0	3	2336654.00	15	5	NULL
real	IL	321	9	-15	    1.00	1	   -1.00	0	5	2341825.00	-15	0	NULL
real	ER	322	9	-15	   -1.00	1	   -1.00	0	4	  798.78	-3	7	NULL
real	CL	323	9	-15	   -1.00	1	   -1.00	0	3	2355881.00	15	7	NULL
real	AL	324	9	-15	   -1.00	0	    1.00	1	4	  540.35	-15	7	NULL
real	MR	325	10	-15	   -3.00	0	    1.00	1	5	2368331.00	-3	0	NULL
real	QL	326	10	-15	    0.00	0	    1.00	0	4	 1001.40	-15	5	NULL
real	FL	327	10	-15	   -2.00	0	    1.00	1	4	  538.82	-3	5	NULL
real	BL	328	10	15	   -2.00	0	    1.00	1	4	  508.80	-15	7	NULL
real	CL	329	10	-15	   -2.00	1	   -1.00	0	3	2390398.00	15	7	NULL
real	OR	330	10	-15	   -1.00	1	   -1.00	1	4	2395217.00	15	5	NULL
real	PR	331	10	15	    0.00	0	    1.00	1	5	2399700.00	15	5	NULL
real	RL	332	10	15	    0.00	1	   -1.00	1	5	  659.93	-15	5	NULL
real	KL	333	10	-15	   -3.00	0	    1.00	1	6	2407495.00	15	0	NULL
real	JL	334	10	15	    1.00	1	   -1.00	0	3	2411703.00	-15	0	NULL
real	FR	335	10	-15	   -2.00	0	    1.00	1	5	  821.98	-3	5	NULL
real	GR	336	10	15	    0.00	0	    1.00	1	5	  624.16	-3	7	NULL
real	ML	337	10	-15	   -3.00	0	    1.00	1	6	2430686.00	-3	0	NULL
real	PL	338	10	15	    1.00	0	    1.00	1	4	2435844.00	15	5	NULL
real	LR	339	10	15	    2.00	1	   -1.00	1	4	2441396.00	15	0	NULL
real	IL	340	10	-15	    0.00	0	    1.00	1	6	2446601.00	-15	0	NULL
real	IR	341	10	-15	    0.00	1	   -1.00	0	4	2451998.00	-15	0	NULL
real	NL	342	10	15	    1.00	0	    1.00	1	4	2457526.00	-3	0	NULL
real	EL	343	10	-15	   -2.00	0	    1.00	1	4	  956.93	-3	7	NULL
real	BR	344	10	15	   -2.00	0	    1.00	1	5	  593.77	-15	7	NULL
real	LL	345	10	15	    2.00	1	   -1.00	1	5	2472178.00	15	0	NULL
real	QR	346	10	-15	    0.00	1	   -1.00	0	4	  609.06	-15	5	NULL
real	AL	347	10	-15	    0.00	0	    1.00	0	4	  559.13	-15	7	NULL
real	ER	348	10	-15	   -2.00	0	    1.00	1	5	  610.57	-3	7	NULL
real	GL	349	10	15	    0.00	0	    1.00	1	6	  539.57	-3	7	NULL
real	RR	350	10	15	    0.00	1	   -1.00	0	4	  539.75	-15	5	NULL
real	HR	351	10	15	    1.00	0	    1.00	1	5	  582.63	-3	5	NULL
real	DL	352	10	15	    2.00	1	   -1.00	1	5	2515135.00	15	7	NULL
real	DR	353	10	15	    0.00	0	    1.00	1	5	2519748.00	15	7	NULL
real	KR	354	10	-15	   -1.00	1	   -1.00	1	4	2523781.00	15	0	NULL
real	NR	355	10	15	    0.00	0	    1.00	1	5	2528001.00	-3	0	NULL
real	HL	356	10	15	    1.00	1	   -1.00	0	3	  857.86	-3	5	NULL
real	JR	357	10	15	   -1.00	0	    1.00	0	3	2536610.00	-15	0	NULL
real	CR	358	10	-15	    0.00	1	   -1.00	1	6	2541942.00	15	7	NULL
real	OL	359	10	-15	    0.00	1	   -1.00	0	5	2549646.00	15	5	NULL
real	AR	360	10	-15	   -1.00	0	    1.00	0	3	  600.35	-15	7	NULL
real	LR	361	11	15	    1.00	1	   -1.00	0	4	2569619.00	15	0	NULL
real	OR	362	11	-15	   -2.00	0	    1.00	1	5	2587786.00	15	5	NULL
real	BL	363	11	15	   -1.00	0	    1.00	0	4	  596.29	-15	7	NULL
real	KL	364	11	-15	   -2.00	0	    1.00	0	6	2597923.00	15	0	NULL
real	NL	365	11	15	    2.00	1	   -1.00	1	5	2602190.00	-3	0	NULL
real	HL	366	11	15	    0.00	0	    1.00	1	4	  575.99	-3	5	NULL
real	GR	367	11	15	    1.00	1	   -1.00	1	6	  557.81	-3	7	NULL
real	JL	368	11	15	    0.00	0	    1.00	1	4	2634452.00	-15	0	NULL
real	AL	369	11	-15	    1.00	1	   -1.00	1	5	  493.53	-15	7	NULL
real	OL	370	11	-15	   -1.00	0	    1.00	1	6	2643124.00	15	5	NULL
real	CL	371	11	-15	   -3.00	0	    1.00	1	4	2647193.00	15	7	NULL
real	NR	372	11	15	    1.00	0	    1.00	0	5	2654248.00	-3	0	NULL
real	AR	373	11	-15	    0.00	0	    1.00	0	3	  515.30	-15	7	NULL
real	QL	374	11	-15	    1.00	1	   -1.00	1	5	  672.60	-15	5	NULL
real	RL	375	11	15	   -1.00	0	    1.00	1	6	  589.19	-15	5	NULL
real	IR	376	11	-15	   -1.00	0	    1.00	1	5	2677779.00	-15	0	NULL
real	BR	377	11	15	   -1.00	1	   -1.00	1	6	  728.99	-15	7	NULL
real	IL	378	11	-15	    1.00	0	    1.00	0	6	2688146.00	-15	0	NULL
real	PR	379	11	15	    1.00	1	   -1.00	1	6	2693663.00	15	5	NULL
real	CR	380	11	-15	   -1.00	0	    1.00	1	7	2702981.00	15	7	NULL
real	DL	381	11	15	    1.00	0	    1.00	1	6	2708287.00	15	7	NULL
real	FR	382	11	-15	   -1.00	0	    1.00	0	5	  684.29	-3	5	NULL
real	ER	383	11	-15	   -1.00	1	   -1.00	1	6	  514.48	-3	7	NULL
real	KR	384	11	-15	   -2.00	0	    1.00	1	5	2733190.00	15	0	NULL
real	LL	385	11	15	    1.00	1	   -1.00	0	5	2738572.00	15	0	NULL
real	HR	386	11	15	    2.00	1	   -1.00	1	6	  714.69	-3	5	NULL
real	MR	387	11	-15	   -2.00	0	    1.00	0	5	2762823.00	-3	0	NULL
real	ML	388	11	-15	   -2.00	1	   -1.00	1	7	2766576.00	-3	0	NULL
real	JR	389	11	15	    0.00	1	   -1.00	1	4	2770022.00	-15	0	NULL
real	FL	390	11	-15	   -1.00	0	    1.00	0	4	  578.96	-3	5	NULL
real	EL	391	11	-15	   -1.00	1	   -1.00	1	5	  509.24	-3	7	NULL
real	GL	392	11	15	    1.00	1	   -1.00	1	7	  464.05	-3	7	NULL
real	RR	393	11	15	   -1.00	0	    1.00	1	5	  823.92	-15	5	NULL
real	DR	394	11	15	    1.00	1	   -1.00	1	6	2811708.00	15	7	NULL
real	QR	395	11	-15	   -1.00	0	    1.00	1	5	  614.82	-15	5	NULL
real	PL	396	11	15	    2.00	1	   -1.00	1	5	2827229.00	15	5	NULL
real	RL	397	12	15	    0.00	1	   -1.00	1	7	  827.42	-15	5	NULL
real	BR	398	12	15	   -2.00	0	    1.00	1	7	  572.25	-15	7	NULL
real	IL	399	12	-15	    2.00	1	   -1.00	1	7	2849042.00	-15	0	NULL
real	CL	400	12	-15	   -2.00	0	    1.00	0	4	2928518.00	15	7	NULL
real	QR	401	12	-15	    0.00	0	    1.00	0	5	  580.38	-15	5	NULL
real	KL	402	12	-15	   -1.00	0	    1.00	0	6	2936000.00	15	0	NULL
real	IR	403	12	-15	    0.00	0	    1.00	0	5	2939495.00	-15	0	NULL
real	AR	404	12	-15	    1.00	1	   -1.00	1	4	  647.18	-15	7	NULL
real	CR	405	12	-15	    0.00	0	    1.00	0	7	2947130.00	15	7	NULL
real	JR	406	12	15	   -1.00	0	    1.00	1	5	2950596.00	-15	0	NULL
real	NL	407	12	15	    1.00	0	    1.00	1	6	2954849.00	-3	0	NULL
real	LL	408	12	15	    0.00	0	    1.00	1	6	2959231.00	15	0	NULL
real	OL	409	12	-15	    0.00	1	   -1.00	1	7	2963206.00	15	5	NULL
real	HR	410	12	15	    1.00	1	   -1.00	0	6	  584.33	-3	5	NULL
real	OR	411	12	-15	   -1.00	1	   -1.00	1	6	2971229.00	15	5	NULL
real	NR	412	12	15	    2.00	1	   -1.00	1	6	2975069.00	-3	0	NULL
real	KR	413	12	-15	   -1.00	1	   -1.00	1	6	2982700.00	15	0	NULL
real	BL	414	12	15	    0.00	1	   -1.00	1	5	  521.15	-15	7	NULL
real	RR	415	12	15	    0.00	0	    1.00	0	5	  456.94	-15	5	NULL
real	DR	416	12	15	    0.00	1	   -1.00	0	6	2995092.00	15	7	NULL
real	ML	417	12	-15	   -3.00	0	    1.00	1	8	2998916.00	-3	0	NULL
real	LR	418	12	15	    0.00	1	   -1.00	0	4	3002811.00	15	0	NULL
real	AL	419	12	-15	    0.00	0	    1.00	1	6	  460.54	-15	7	NULL
real	MR	420	12	-15	   -1.00	1	   -1.00	1	6	3010655.00	-3	0	NULL
real	QL	421	12	-15	    0.00	0	    1.00	1	6	  542.87	-15	5	NULL
real	EL	422	12	-15	   -2.00	1	   -1.00	0	5	  443.67	-3	7	NULL
real	DL	423	12	15	    2.00	1	   -1.00	1	7	3021749.00	15	7	NULL
real	GL	424	12	15	    0.00	0	    1.00	1	8	  570.10	-3	7	NULL
real	FL	425	12	-15	    0.00	1	   -1.00	1	5	  505.01	-3	5	NULL
real	GR	426	12	15	    0.00	0	    1.00	1	7	  572.03	-3	7	NULL
real	PR	427	12	15	    0.00	0	    1.00	1	7	3037653.00	15	5	NULL
real	ER	428	12	-15	   -2.00	1	   -1.00	0	6	  502.71	-3	7	NULL
real	HL	429	12	15	    1.00	1	   -1.00	1	5	  839.05	-3	5	NULL
real	PL	430	12	15	    1.00	0	    1.00	1	6	3050650.00	15	5	NULL
real	FR	431	12	-15	    0.00	1	   -1.00	1	6	  802.71	-3	5	NULL
real	JL	432	12	15	    1.00	1	   -1.00	1	5	3061773.00	-15	0	NULL
real	HL	433	13	15	    0.00	0	    1.00	1	6	  597.33	-3	5	NULL
real	KR	434	13	-15	   -2.00	0	    1.00	1	7	3075255.00	15	0	NULL
real	AR	435	13	-15	    0.00	0	    1.00	1	5	  754.15	-15	7	NULL
real	CL	436	13	-15	   -1.00	0	    1.00	0	4	3093710.00	15	7	NULL
real	LL	437	13	15	    1.00	1	   -1.00	1	7	3098082.00	15	0	NULL
real	FR	438	13	-15	   -1.00	0	    1.00	1	7	  549.01	-3	5	NULL
real	KL	439	13	-15	    0.00	1	   -1.00	1	7	3113511.00	15	0	NULL
real	JR	440	13	15	    0.00	1	   -1.00	1	6	3117831.00	-15	0	NULL
real	AL	441	13	-15	    1.00	1	   -1.00	1	7	  620.83	-15	7	NULL
real	QL	442	13	-15	    1.00	1	   -1.00	1	7	  649.68	-15	5	NULL
real	RL	443	13	15	   -1.00	0	    1.00	1	8	  826.48	-15	5	NULL
real	ER	444	13	-15	   -3.00	1	   -1.00	0	6	 2040.54	-3	7	NULL
real	NR	445	13	15	    1.00	1	   -1.00	0	6	3144778.00	-3	0	NULL
real	LR	446	13	15	   -1.00	0	    1.00	1	5	3150318.00	15	0	NULL
real	RR	447	13	15	    1.00	1	   -1.00	1	6	  654.60	-15	5	NULL
real	GR	448	13	15	    1.00	1	   -1.00	1	8	  611.68	-3	7	NULL
real	DR	449	13	15	   -1.00	0	    1.00	1	7	3171303.00	15	7	NULL
real	CR	450	13	-15	    1.00	1	   -1.00	1	8	3182593.00	15	7	NULL
real	PR	451	13	15	    1.00	0	    1.00	0	7	3187686.00	15	5	NULL
real	OR	452	13	-15	   -2.00	0	    1.00	1	7	3192134.00	15	5	NULL
real	FL	453	13	-15	   -1.00	1	   -1.00	0	5	  601.07	-3	5	NULL
real	ML	454	13	-15	   -2.00	0	    1.00	0	8	3202335.00	-3	0	NULL
real	EL	455	13	-15	   -3.00	0	    1.00	1	6	  538.90	-3	7	NULL
real	GL	456	13	15	    1.00	0	    1.00	0	8	  858.39	-3	7	NULL
real	DL	457	13	15	    1.00	0	    1.00	1	8	3217468.00	15	7	NULL
real	OL	458	13	-15	   -1.00	1	   -1.00	0	7	3222062.00	15	5	NULL
real	IR	459	13	-15	    1.00	1	   -1.00	1	6	3226643.00	-15	0	NULL
real	IL	460	13	-15	    1.00	1	   -1.00	0	7	3230637.00	-15	0	NULL
real	NL	461	13	15	    2.00	1	   -1.00	1	7	3235159.00	-3	0	NULL
real	JL	462	13	15	    0.00	1	   -1.00	0	5	3240691.00	-15	0	NULL
real	MR	463	13	-15	   -2.00	1	   -1.00	0	6	3245310.00	-3	0	NULL
real	BL	464	13	15	   -1.00	1	   -1.00	0	5	  892.58	-15	7	NULL
real	PL	465	13	15	    2.00	1	   -1.00	1	7	3253840.00	15	5	NULL
real	HR	466	13	15	    0.00	1	   -1.00	0	6	 2380.00	-3	5	NULL
real	QR	467	13	-15	    1.00	1	   -1.00	1	6	  596.11	-15	5	NULL
real	BR	468	13	15	   -1.00	1	   -1.00	1	8	  654.38	-15	7	NULL
real	LR	469	14	15	    0.00	1	   -1.00	1	6	3272790.00	15	0	NULL
real	IR	470	14	-15	    0.00	1	   -1.00	0	6	3278325.00	-15	0	NULL
real	GR	471	14	15	    0.00	1	   -1.00	0	8	  852.94	-3	7	NULL
real	CR	472	14	-15	    0.00	1	   -1.00	0	8	3288240.00	15	7	NULL
real	AR	473	14	-15	    1.00	1	   -1.00	1	6	  871.63	-15	7	NULL
real	IL	474	14	-15	    0.00	1	   -1.00	0	7	3298937.00	-15	0	NULL
real	FL	475	14	-15	   -2.00	0	    1.00	1	6	 2713.08	-3	5	NULL
real	GL	476	14	15	    2.00	1	   -1.00	1	9	  662.87	-3	7	NULL
real	EL	477	14	-15	   -2.00	1	   -1.00	1	7	  639.71	-3	7	NULL
real	JR	478	14	15	   -1.00	0	    1.00	1	7	3322574.00	-15	0	NULL
real	QR	479	14	-15	    0.00	1	   -1.00	0	6	  789.80	-15	5	NULL
real	BR	480	14	15	   -2.00	0	    1.00	1	9	  538.72	-15	7	NULL
real	ER	481	14	-15	   -4.00	0	    1.00	1	7	  587.84	-3	7	NULL
real	NR	482	14	15	    0.00	0	    1.00	1	7	3338102.00	-3	0	NULL
real	ML	483	14	-15	   -1.00	0	    1.00	0	8	3344038.00	-3	0	NULL
real	AL	484	14	-15	    0.00	0	    1.00	1	8	  707.91	-15	7	NULL
real	KL	485	14	-15	   -1.00	0	    1.00	1	8	3353499.00	15	0	NULL
real	BL	486	14	15	   -2.00	0	    1.00	1	6	 1087.20	-15	7	NULL
real	JL	487	14	15	   -1.00	0	    1.00	1	6	3365306.00	-15	0	NULL
real	DR	488	14	15	    0.00	0	    1.00	0	7	3369839.00	15	7	NULL
real	OL	489	14	-15	   -2.00	0	    1.00	1	8	3375084.00	15	5	NULL
real	RL	490	14	15	    0.00	0	    1.00	0	8	  734.50	-15	5	NULL
real	NL	491	14	15	    1.00	0	    1.00	1	8	3383773.00	-3	0	NULL
real	LL	492	14	15	    0.00	1	   -1.00	0	7	3388071.00	15	0	NULL
real	CL	493	14	-15	    0.00	1	   -1.00	1	5	3392422.00	15	7	NULL
real	HL	494	14	15	    1.00	1	   -1.00	1	7	  602.91	-3	5	NULL
real	RR	495	14	15	    0.00	1	   -1.00	0	6	  495.91	-15	5	NULL
real	PR	496	14	15	    2.00	1	   -1.00	1	8	3406530.00	15	5	NULL
real	OR	497	14	-15	   -1.00	1	   -1.00	1	8	3411725.00	15	5	NULL
real	QL	498	14	-15	    0.00	1	   -1.00	0	7	  582.67	-15	5	NULL
real	FR	499	14	-15	    0.00	1	   -1.00	1	8	  456.81	-3	5	NULL
real	KR	500	14	-15	   -1.00	1	   -1.00	1	8	3429710.00	15	0	NULL
real	HR	501	14	15	   -1.00	0	    1.00	1	7	  614.44	-3	5	NULL
real	DL	502	14	15	    2.00	1	   -1.00	1	9	3438773.00	15	7	NULL
real	PL	503	14	15	    1.00	1	   -1.00	0	7	3443475.00	15	5	NULL
real	MR	504	14	-15	   -3.00	0	    1.00	1	7	3448856.00	-3	0	NULL
real	RL	505	15	15	    1.00	1	   -1.00	1	9	  554.95	-15	5	NULL
real	EL	506	15	-15	   -3.00	1	   -1.00	0	7	 1189.96	-3	7	NULL
real	BL	507	15	15	   -1.00	0	    1.00	0	6	  908.18	-15	7	NULL
real	BR	508	15	15	   -1.00	0	    1.00	0	9	  933.27	-15	7	NULL
real	ER	509	15	-15	   -3.00	1	   -1.00	1	8	 1333.66	-3	7	NULL
real	IR	510	15	-15	   -1.00	0	    1.00	1	7	3478441.00	-15	0	NULL
real	KR	511	15	-15	   -2.00	0	    1.00	1	9	3482441.00	15	0	NULL
real	IL	512	15	-15	   -1.00	0	    1.00	1	8	3487367.00	-15	0	NULL
real	ML	513	15	-15	    0.00	1	   -1.00	1	9	3491510.00	-3	0	NULL
real	JR	514	15	15	    0.00	0	    1.00	0	7	3496190.00	-15	0	NULL
real	OL	515	15	-15	   -1.00	0	    1.00	0	8	3500890.00	15	5	NULL
real	FR	516	15	-15	   -1.00	1	   -1.00	0	8	  600.87	-3	5	NULL
real	DR	517	15	15	    1.00	1	   -1.00	1	8	3510849.00	15	7	NULL
real	NL	518	15	15	    2.00	1	   -1.00	1	9	3520343.00	-3	0	NULL
real	PR	519	15	15	    1.00	1	   -1.00	0	8	3533051.00	15	5	NULL
real	LL	520	15	15	   -1.00	0	    1.00	1	8	3538255.00	15	0	NULL
real	QR	521	15	-15	   -1.00	0	    1.00	1	7	  511.40	-15	5	NULL
real	OR	522	15	-15	   -2.00	0	    1.00	1	9	3545791.00	15	5	NULL
real	HL	523	15	15	    0.00	0	    1.00	1	8	  540.62	-3	5	NULL
real	KL	524	15	-15	    0.00	1	   -1.00	1	9	3555167.00	15	0	NULL
real	LR	525	15	15	   -1.00	0	    1.00	1	7	3559769.00	15	0	NULL
real	JL	526	15	15	    0.00	1	   -1.00	1	7	3564812.00	-15	0	NULL
real	GR	527	15	15	   -1.00	0	    1.00	1	9	  524.87	-3	7	NULL
real	CR	528	15	-15	   -1.00	1	   -1.00	0	8	3579717.00	15	7	NULL
real	MR	529	15	-15	   -2.00	1	   -1.00	1	8	3584021.00	-3	0	NULL
real	NR	530	15	15	    1.00	1	   -1.00	1	8	3588715.00	-3	0	NULL
real	RR	531	15	15	   -1.00	1	   -1.00	0	6	  576.49	-15	5	NULL
real	PL	532	15	15	    0.00	1	   -1.00	0	7	3597715.00	15	5	NULL
real	DL	533	15	15	    1.00	1	   -1.00	0	9	3603411.00	15	7	NULL
real	QL	534	15	-15	   -1.00	0	    1.00	1	8	 1047.52	-15	5	NULL
real	GL	535	15	15	    1.00	1	   -1.00	0	9	  522.88	-3	7	NULL
real	AL	536	15	-15	    1.00	1	   -1.00	1	9	  503.06	-15	7	NULL
real	FL	537	15	-15	   -1.00	1	   -1.00	1	7	  632.23	-3	5	NULL
real	CL	538	15	-15	   -1.00	0	    1.00	1	6	3628919.00	15	7	NULL
real	AR	539	15	-15	    0.00	0	    1.00	1	7	  570.13	-15	7	NULL
real	HR	540	15	15	    0.00	0	    1.00	0	7	  584.71	-3	5	NULL
real	JL	541	16	15	   -1.00	0	    1.00	1	8	3643131.00	-15	0	NULL
real	QL	542	16	-15	    0.00	1	   -1.00	1	9	  444.59	-15	5	NULL
real	DR	543	16	15	    0.00	0	    1.00	1	9	3658285.00	15	7	NULL
real	CL	544	16	-15	    0.00	1	   -1.00	1	7	3662345.00	15	7	NULL
real	FR	545	16	-15	   -2.00	1	   -1.00	0	8	  821.48	-3	5	NULL
real	AR	546	16	-15	    1.00	1	   -1.00	1	8	  574.45	-15	7	NULL
real	QR	547	16	-15	    0.00	1	   -1.00	1	8	  759.44	-15	5	NULL
real	JR	548	16	15	    1.00	1	   -1.00	1	8	3679139.00	-15	0	NULL
real	PL	549	16	15	   -1.00	0	    1.00	1	8	3684028.00	15	5	NULL
real	LR	550	16	15	    0.00	0	    1.00	0	7	3688343.00	15	0	NULL
real	NR	551	16	15	    0.00	0	    1.00	1	9	3692358.00	-3	0	NULL
real	EL	552	16	-15	   -4.00	0	    1.00	1	8	  468.57	-3	7	NULL
real	KL	553	16	-15	   -1.00	0	    1.00	1	10	3706794.00	15	0	NULL
real	BR	554	16	15	    0.00	0	    1.00	0	9	  621.42	-15	7	NULL
real	IR	555	16	-15	    0.00	1	   -1.00	1	8	3714409.00	-15	0	NULL
real	AL	556	16	-15	    0.00	0	    1.00	1	10	  479.07	-15	7	NULL
real	DL	557	16	15	    0.00	0	    1.00	1	10	3723969.00	15	7	NULL
real	LL	558	16	15	    0.00	1	   -1.00	1	9	3729169.00	15	0	NULL
real	CR	559	16	-15	   -2.00	0	    1.00	1	9	3733699.00	15	7	NULL
real	PR	560	16	15	    0.00	0	    1.00	1	9	3744327.00	15	5	NULL
real	GR	561	16	15	    0.00	0	    1.00	0	9	  505.47	-3	7	NULL
real	GL	562	16	15	    0.00	0	    1.00	1	10	  776.57	-3	7	NULL
real	ML	563	16	-15	   -1.00	1	   -1.00	0	9	3762284.00	-3	0	NULL
real	BL	564	16	15	    0.00	1	   -1.00	1	7	  672.25	-15	7	NULL
real	HR	565	16	15	    1.00	1	   -1.00	1	8	  550.94	-3	5	NULL
real	RL	566	16	15	    0.00	1	   -1.00	0	9	  580.29	-15	5	NULL
real	RR	567	16	15	   -2.00	0	    1.00	1	7	  502.48	-15	5	NULL
real	IL	568	16	-15	    0.00	1	   -1.00	1	9	3784687.00	-15	0	NULL
real	ER	569	16	-15	   -4.00	0	    1.00	1	9	  532.29	-3	7	NULL
real	OR	570	16	-15	   -1.00	1	   -1.00	1	10	3795702.00	15	5	NULL
real	OL	571	16	-15	    0.00	1	   -1.00	1	9	3804300.00	15	5	NULL
real	KR	572	16	-15	   -1.00	1	   -1.00	1	10	3809740.00	15	0	NULL
real	MR	573	16	-15	   -3.00	0	    1.00	1	9	3813909.00	-3	0	NULL
real	NL	574	16	15	    1.00	1	   -1.00	0	9	3817953.00	-3	0	NULL
real	FL	575	16	-15	   -2.00	0	    1.00	1	8	  728.18	-3	5	NULL
real	HL	576	16	15	    1.00	1	   -1.00	1	9	  440.46	-3	5	NULL
real	AL	577	17	-15	    1.00	0	    1.00	0	10	  790.58	-15	7	NULL
real	KR	578	17	-15	   -2.00	1	   -1.00	0	10	3837363.00	15	0	NULL
real	ML	579	17	-15	   -2.00	0	    1.00	1	10	3842637.00	-3	0	NULL
real	OR	580	17	-15	   -2.00	0	    1.00	1	11	3859462.00	15	5	NULL
real	GL	581	17	15	    1.00	1	   -1.00	1	11	  338.00	-3	7	NULL
real	ER	582	17	-15	   -3.00	0	    1.00	0	9	  366.70	-3	7	NULL
real	BL	583	17	15	   -1.00	1	   -1.00	0	7	  691.97	-15	7	NULL
real	DR	584	17	15	    1.00	1	   -1.00	1	10	3875140.00	15	7	NULL
real	JL	585	17	15	    0.00	1	   -1.00	1	9	3893016.00	-15	0	NULL
real	HL	586	17	15	    0.00	0	    1.00	1	10	  569.90	-3	5	NULL
real	AR	587	17	-15	    0.00	1	   -1.00	0	8	  364.06	-15	7	NULL
real	NL	588	17	15	    0.00	1	   -1.00	0	9	3903994.00	-3	0	NULL
real	HR	589	17	15	    0.00	0	    1.00	1	9	  423.06	-3	5	NULL
real	RR	590	17	15	   -1.00	1	   -1.00	1	8	  422.77	-15	5	NULL
real	QR	591	17	-15	   -1.00	0	    1.00	1	9	  491.06	-15	5	NULL
real	CR	592	17	-15	   -1.00	1	   -1.00	1	10	3922258.00	15	7	NULL
real	BR	593	17	15	    1.00	1	   -1.00	1	10	  776.78	-15	7	NULL
real	PR	594	17	15	    1.00	1	   -1.00	1	10	3930539.00	15	5	NULL
real	RL	595	17	15	   -1.00	0	    1.00	1	10	  513.85	-15	5	NULL
real	EL	596	17	-15	   -3.00	1	   -1.00	1	9	  534.86	-3	7	NULL
real	CL	597	17	-15	   -1.00	1	   -1.00	0	7	3941464.00	15	7	NULL
real	IL	598	17	-15	   -1.00	1	   -1.00	0	9	3945200.00	-15	0	NULL
real	OL	599	17	-15	   -1.00	0	    1.00	1	10	3948929.00	15	5	NULL
real	LR	600	17	15	    1.00	1	   -1.00	1	8	3952650.00	15	0	NULL
real	QL	601	17	-15	   -1.00	0	    1.00	1	10	 1276.48	-15	5	NULL
real	NR	602	17	15	    1.00	1	   -1.00	1	10	3960344.00	-3	0	NULL
real	JR	603	17	15	    0.00	0	    1.00	1	9	3963787.00	-15	0	NULL
real	KL	604	17	-15	    0.00	1	   -1.00	1	11	3968983.00	15	0	NULL
real	MR	605	17	-15	   -2.00	0	    1.00	0	9	3973339.00	-3	0	NULL
real	FR	606	17	-15	   -3.00	0	    1.00	1	9	  576.03	-3	5	NULL
real	IR	607	17	-15	   -1.00	0	    1.00	1	9	3981094.00	-15	0	NULL
real	GR	608	17	15	    1.00	1	   -1.00	1	10	  682.41	-3	7	NULL
real	LL	609	17	15	   -1.00	0	    1.00	1	10	3990987.00	15	0	NULL
real	FL	610	17	-15	   -1.00	1	   -1.00	1	9	  712.93	-3	5	NULL
real	PL	611	17	15	    0.00	0	    1.00	0	8	4003881.00	15	5	NULL
real	DL	612	17	15	    1.00	1	   -1.00	1	11	4013204.00	15	7	NULL
real	JR	613	18	15	    1.00	1	   -1.00	1	10	4017485.00	-15	0	NULL
real	DL	614	18	15	    0.00	0	    1.00	1	12	4024609.00	15	7	NULL
real	NR	615	18	15	    0.00	1	   -1.00	0	10	4029907.00	-3	0	NULL
real	OL	616	18	-15	    0.00	1	   -1.00	1	11	4034800.00	15	5	NULL
real	KL	617	18	-15	   -1.00	0	    1.00	1	12	4039800.00	15	0	NULL
real	EL	618	18	-15	   -4.00	0	    1.00	1	10	  498.48	-3	7	NULL
real	ML	619	18	-15	   -1.00	0	    1.00	0	10	4050067.00	-3	0	NULL
real	IL	620	18	-15	   -2.00	0	    1.00	1	10	4054720.00	-15	0	NULL
real	OR	621	18	-15	   -1.00	0	    1.00	0	11	4061128.00	15	5	NULL
real	JL	622	18	15	   -1.00	0	    1.00	1	10	4071921.00	-15	0	NULL
real	HL	623	18	15	    1.00	0	    1.00	0	10	  538.20	-3	5	NULL
real	QL	624	18	-15	    0.00	1	   -1.00	1	11	  442.24	-15	5	NULL
real	AL	625	18	-15	    2.00	1	   -1.00	1	11	  483.88	-15	7	NULL
real	FR	626	18	-15	   -2.00	0	    1.00	0	9	  445.96	-3	5	NULL
real	AR	627	18	-15	   -1.00	0	    1.00	1	9	  499.42	-15	7	NULL
real	QR	628	18	-15	    0.00	1	   -1.00	1	10	  517.58	-15	5	NULL
real	BL	629	18	15	   -2.00	0	    1.00	1	8	  474.36	-15	7	NULL
real	IR	630	18	-15	    0.00	1	   -1.00	1	10	4109765.00	-15	0	NULL
real	HR	631	18	15	    1.00	1	   -1.00	1	10	  463.97	-3	5	NULL
real	RL	632	18	15	    0.00	1	   -1.00	1	11	  518.79	-15	5	NULL
real	PR	633	18	15	    0.00	0	    1.00	1	11	4130681.00	15	5	NULL
real	CL	634	18	-15	   -2.00	1	   -1.00	0	7	4134818.00	15	7	NULL
real	ER	635	18	-15	   -2.00	0	    1.00	0	9	  549.38	-3	7	NULL
real	RR	636	18	15	   -2.00	0	    1.00	1	9	  519.83	-15	5	NULL
real	LR	637	18	15	    0.00	1	   -1.00	0	8	4149240.00	15	0	NULL
real	NL	638	18	15	   -1.00	0	    1.00	1	10	4153330.00	-3	0	NULL
real	CR	639	18	-15	   -2.00	0	    1.00	1	11	4157842.00	15	7	NULL
real	DR	640	18	15	    0.00	1	   -1.00	0	10	4162314.00	15	7	NULL
real	BR	641	18	15	    0.00	1	   -1.00	0	10	  517.02	-15	7	NULL
real	LL	642	18	15	    0.00	1	   -1.00	1	11	4169970.00	15	0	NULL
real	GR	643	18	15	    0.00	1	   -1.00	0	10	  571.15	-3	7	NULL
real	MR	644	18	-15	   -1.00	1	   -1.00	1	10	4178045.00	-3	0	NULL
real	KR	645	18	-15	   -3.00	0	    1.00	1	11	4182288.00	15	0	NULL
real	FL	646	18	-15	   -2.00	1	   -1.00	0	9	  561.15	-3	5	NULL
real	GL	647	18	15	    0.00	0	    1.00	1	12	  608.79	-3	7	NULL
real	PL	648	18	15	    1.00	0	    1.00	0	8	4209666.00	15	5	NULL
real	KR	649	19	-15	   -2.00	0	    1.00	0	11	4214035.00	15	0	NULL
real	ER	650	19	-15	   -1.00	1	   -1.00	1	10	 1069.90	-3	7	NULL
real	BL	651	19	15	   -1.00	1	   -1.00	1	9	  603.92	-15	7	NULL
real	HL	652	19	15	    2.00	1	   -1.00	1	11	  577.43	-3	5	NULL
real	NL	653	19	15	    0.00	0	    1.00	0	10	4238143.00	-3	0	NULL
real	PR	654	19	15	    1.00	1	   -1.00	1	12	4256277.00	15	5	NULL
real	LR	655	19	15	   -1.00	0	    1.00	1	9	4260584.00	15	0	NULL
real	RR	656	19	15	   -1.00	1	   -1.00	1	10	  676.65	-15	5	NULL
real	IL	657	19	-15	   -1.00	0	    1.00	0	10	4269730.00	-15	0	NULL
real	BR	658	19	15	   -1.00	1	   -1.00	0	10	  570.12	-15	7	NULL
real	CL	659	19	-15	   -3.00	0	    1.00	1	8	4285315.00	15	7	NULL
real	AR	660	19	-15	    0.00	1	   -1.00	1	10	  560.05	-15	7	NULL
real	HR	661	19	15	    0.00	0	    1.00	1	11	  906.08	-3	5	NULL
real	FL	662	19	-15	   -3.00	0	    1.00	1	10	  816.85	-3	5	NULL
real	JR	663	19	15	    0.00	1	   -1.00	0	10	4305853.00	-15	0	NULL
real	OR	664	19	-15	    0.00	1	   -1.00	1	12	4312247.00	15	5	NULL
real	MR	665	19	-15	   -2.00	0	    1.00	1	11	4319418.00	-3	0	NULL
real	PL	666	19	15	    2.00	1	   -1.00	1	9	4324237.00	15	5	NULL
real	ML	667	19	-15	    0.00	1	   -1.00	1	11	4330420.00	-3	0	NULL
real	GR	668	19	15	   -1.00	0	    1.00	1	11	  682.51	-3	7	NULL
real	RL	669	19	15	   -1.00	1	   -1.00	0	11	  499.60	-15	5	NULL
real	QR	670	19	-15	   -1.00	0	    1.00	1	11	  565.94	-15	5	NULL
real	AL	671	19	-15	    1.00	1	   -1.00	0	11	  501.76	-15	7	NULL
real	LL	672	19	15	   -1.00	0	    1.00	1	12	4354964.00	15	0	NULL
real	JL	673	19	15	    0.00	1	   -1.00	1	11	4358496.00	-15	0	NULL
real	FR	674	19	-15	   -1.00	1	   -1.00	1	10	  552.27	-3	5	NULL
real	NR	675	19	15	   -1.00	0	    1.00	1	11	4366650.00	-3	0	NULL
real	CR	676	19	-15	   -1.00	1	   -1.00	1	12	4370760.00	15	7	NULL
real	QL	677	19	-15	   -1.00	0	    1.00	1	12	  429.78	-15	5	NULL
real	IR	678	19	-15	   -1.00	0	    1.00	1	11	4378887.00	-15	0	NULL
real	EL	679	19	-15	   -3.00	0	    1.00	0	10	  483.55	-3	7	NULL
real	OL	680	19	-15	   -1.00	1	   -1.00	0	11	4386837.00	15	5	NULL
real	DR	681	19	15	   -1.00	0	    1.00	1	11	4391034.00	15	7	NULL
real	AL	682	20	-15	    0.00	1	   -1.00	0	11	  618.70	-15	7	NULL
real	ML	683	20	-15	   -1.00	1	   -1.00	0	11	4401368.00	-3	0	NULL
real	IL	684	20	-15	    0.00	1	   -1.00	1	11	4405603.00	-15	0	NULL
real	HL	685	20	15	    1.00	0	    1.00	1	12	  652.56	-3	5	NULL
real	IR	686	20	-15	    0.00	1	   -1.00	1	12	4414411.00	-15	0	NULL
real	CL	687	20	-15	   -2.00	0	    1.00	0	8	4418491.00	15	7	NULL
real	FR	688	20	-15	   -2.00	0	    1.00	1	11	  581.53	-3	5	NULL
real	AR	689	20	-15	   -1.00	1	   -1.00	0	10	  516.40	-15	7	NULL
real	NL	690	20	15	    1.00	1	   -1.00	1	11	4445930.00	-3	0	NULL
real	DR	691	20	15	    0.00	1	   -1.00	1	12	4450540.00	15	7	NULL
real	HR	692	20	15	    1.00	1	   -1.00	1	12	  427.44	-3	5	NULL
real	RL	693	20	15	   -2.00	0	    1.00	1	12	  601.77	-15	5	NULL
real	BL	694	20	15	   -2.00	1	   -1.00	0	9	  404.13	-15	7	NULL
real	FL	695	20	-15	   -2.00	1	   -1.00	1	11	  462.95	-3	5	NULL
real	JL	696	20	15	   -1.00	1	   -1.00	0	11	4478585.00	-15	0	NULL
real	LR	697	20	15	    0.00	1	   -1.00	1	10	4483489.00	15	0	NULL
real	ER	698	20	-15	   -2.00	1	   -1.00	0	10	  462.09	-3	7	NULL
real	RR	699	20	15	   -2.00	1	   -1.00	0	10	  756.92	-15	5	NULL
real	GR	700	20	15	    0.00	1	   -1.00	1	12	  455.98	-3	7	NULL
real	NR	701	20	15	    0.00	1	   -1.00	1	12	4507810.00	-3	0	NULL
real	QR	702	20	-15	    0.00	1	   -1.00	1	12	  439.58	-15	5	NULL
real	MR	703	20	-15	   -1.00	1	   -1.00	1	12	4527408.00	-3	0	NULL
real	PL	704	20	15	    1.00	1	   -1.00	0	9	4539293.00	15	5	NULL
real	EL	705	20	-15	   -2.00	0	    1.00	0	10	  601.74	-3	7	NULL
real	BR	706	20	15	   -2.00	0	    1.00	1	11	 1008.82	-15	7	NULL
real	JR	707	20	15	   -1.00	0	    1.00	1	11	4555431.00	-15	0	NULL
real	KR	708	20	-15	   -1.00	1	   -1.00	1	12	4561094.00	15	0	NULL
real	OL	709	20	-15	   -2.00	0	    1.00	1	12	4565995.00	15	5	NULL
real	FR	710	21	-15	   -1.00	1	   -1.00	1	12	  403.09	-3	5	NULL
real	EL	711	21	-15	   -1.00	0	    1.00	0	10	  440.66	-3	7	NULL
real	IL	712	21	-15	   -1.00	0	    1.00	1	12	4582176.00	-15	0	NULL
real	BL	713	21	15	   -3.00	0	    1.00	1	10	  446.17	-15	7	NULL
real	ER	714	21	-15	   -3.00	0	    1.00	1	11	  710.04	-3	7	NULL
real	BR	715	21	15	   -1.00	1	   -1.00	1	12	 1110.74	-15	7	NULL
real	JR	716	21	15	    0.00	1	   -1.00	1	12	4605896.00	-15	0	NULL
real	JL	717	21	15	   -2.00	0	    1.00	1	12	4613176.00	-15	0	NULL
real	CL	718	21	-15	   -1.00	1	   -1.00	1	9	4634564.00	15	7	NULL
real	FL	719	21	-15	   -3.00	0	    1.00	1	12	  523.64	-3	5	NULL
real	AR	720	21	-15	   -2.00	0	    1.00	1	11	  485.02	-15	7	NULL
real	ML	721	21	-15	   -2.00	0	    1.00	1	12	4646751.00	-3	0	NULL
real	AL	722	21	-15	   -1.00	0	    1.00	1	12	  535.47	-15	7	NULL
real	RR	723	21	15	   -3.00	0	    1.00	1	11	  468.69	-15	5	NULL
real	NL	724	21	15	    0.00	0	    1.00	1	12	4657810.00	-3	0	NULL
real	LR	725	21	15	   -1.00	0	    1.00	1	11	4662048.00	15	0	NULL
real	PL	726	21	15	    0.00	1	   -1.00	0	9	4670076.00	15	5	NULL
real	EL	727	22	-15	    0.00	1	   -1.00	1	11	  443.83	-3	7	NULL
real	AR	728	22	-15	   -1.00	0	    1.00	0	11	  464.17	-15	7	NULL
real	ER	729	22	-15	   -2.00	1	   -1.00	1	12	  546.79	-3	7	NULL
real	RR	730	22	15	   -2.00	0	    1.00	0	11	  482.25	-15	5	NULL
real	LR	731	22	15	    0.00	1	   -1.00	1	12	4716346.00	15	0	NULL
real	CL	732	22	-15	   -2.00	0	    1.00	1	10	4731085.00	15	7	NULL
real	BL	733	22	15	   -2.00	0	    1.00	0	10	  714.82	-15	7	NULL
real	PL	734	22	15	   -1.00	0	    1.00	1	10	4746043.00	15	5	NULL
real	EL	735	23	-15	   -1.00	1	   -1.00	0	11	  510.93	-3	7	NULL
real	AR	736	23	-15	    0.00	1	   -1.00	1	12	  507.32	-15	7	NULL
real	PL	737	23	15	    0.00	1	   -1.00	1	11	4761962.00	15	5	NULL
real	RR	738	23	15	   -1.00	0	    1.00	0	11	  634.41	-15	5	NULL
real	BL	739	23	15	   -1.00	0	    1.00	0	10	  576.98	-15	7	NULL
real	CL	740	23	-15	   -1.00	1	   -1.00	1	11	4778669.00	15	7	NULL
real	BL	741	24	15	    0.00	1	   -1.00	1	11	  466.88	-15	7	NULL
real	EL	742	24	-15	   -2.00	1	   -1.00	0	11	  555.26	-3	7	NULL
real	PL	743	24	15	   -1.00	1	   -1.00	0	11	4808855.00	15	5	NULL
real	CL	744	24	-15	   -2.00	1	   -1.00	0	11	4814308.00	15	7	NULL
real	RR	745	24	15	    0.00	1	   -1.00	1	12	 1352.38	-15	5	NULL
real	BL	746	25	15	   -1.00	1	   -1.00	0	11	  662.75	-15	7	NULL
real	CL	747	25	-15	   -3.00	1	   -1.00	0	11	4847916.00	15	7	NULL
real	EL	748	25	-15	   -3.00	0	    1.00	1	12	  385.15	-3	7	NULL
real	PL	749	25	15	   -2.00	0	    1.00	1	12	4859431.00	15	5	NULL
real	BL	750	26	15	   -2.00	1	   -1.00	0	11	  622.25	-15	7	NULL
real	CL	751	26	-15	   -4.00	0	    1.00	1	12	4868631.00	15	7	NULL
real	BL	752	27	15	   -3.00	0	    1.00	1	12	  524.38	-15	7	NULL
