TRIAL_TYPE	trial_variant	TRIAL_NUMBER	TRIAL_ITERATION_VAL	frame_tilt	rod_tilt	response	step_size	reversal	reversal_num	RT	probe_del	alpha_entrain_refreshes	rod_tilt_val
real	QR	1	1	-15	   20.00	1	   -8.00	0	0	 1064.20	-15	5	NULL
real	GL	2	1	15	  -20.00	0	    8.00	0	0	  480.23	-3	7	NULL
real	ER	3	1	-15	   20.00	1	   -8.00	0	0	  331.31	-3	7	NULL
real	IR	4	1	-15	   20.00	1	   -8.00	0	0	240616.00	-15	0	NULL
real	GR	5	1	15	   20.00	1	   -8.00	0	0	  461.30	-3	7	NULL
real	NL	6	1	15	  -20.00	0	    8.00	0	0	260212.00	-3	0	NULL
real	AR	7	1	-15	   20.00	1	   -8.00	0	0	  628.79	-15	7	NULL
real	RR	8	1	15	   20.00	1	   -8.00	0	0	  553.89	-15	5	NULL
real	JR	9	1	15	   20.00	1	   -8.00	0	0	273899.00	-15	0	NULL
real	PR	10	1	15	   20.00	1	   -8.00	0	0	278821.00	15	5	NULL
real	ML	11	1	-15	  -20.00	0	    8.00	0	0	284500.00	-3	0	NULL
real	OL	12	1	-15	  -20.00	0	    8.00	0	0	291420.00	15	5	NULL
real	PL	13	1	15	  -20.00	0	    8.00	0	0	295709.00	15	5	NULL
real	CR	14	1	-15	   20.00	1	   -8.00	0	0	301044.00	15	7	NULL
real	AL	15	1	-15	  -20.00	0	    8.00	0	0	  768.10	-15	7	NULL
real	KL	16	1	-15	  -20.00	0	    8.00	0	0	311789.00	15	0	NULL
real	IL	17	1	-15	  -20.00	0	    8.00	0	0	317502.00	-15	0	NULL
real	BL	18	1	15	  -20.00	0	    8.00	0	0	  828.77	-15	7	NULL
real	DL	19	1	15	  -20.00	0	    8.00	0	0	326339.00	15	7	NULL
real	CL	20	1	-15	  -20.00	0	    8.00	0	0	332438.00	15	7	NULL
real	KR	21	1	-15	   20.00	1	   -8.00	0	0	338225.00	15	0	NULL
real	MR	22	1	-15	   20.00	1	   -8.00	0	0	343101.00	-3	0	NULL
real	HL	23	1	15	  -20.00	0	    8.00	0	0	  568.65	-3	5	NULL
real	LR	24	1	15	   20.00	1	   -8.00	0	0	353617.00	15	0	NULL
real	BR	25	1	15	   20.00	1	   -8.00	0	0	  737.76	-15	7	NULL
real	FL	26	1	-15	  -20.00	0	    8.00	0	0	  698.40	-3	5	NULL
real	RL	27	1	15	  -20.00	0	    8.00	0	0	  693.09	-15	5	NULL
real	DR	28	1	15	   20.00	1	   -8.00	0	0	377541.00	15	7	NULL
real	QL	29	1	-15	  -20.00	0	    8.00	0	0	  528.81	-15	5	NULL
real	FR	30	1	-15	   20.00	1	   -8.00	0	0	  734.51	-3	5	NULL
real	LL	31	1	15	  -20.00	0	    8.00	0	0	394558.00	15	0	NULL
real	EL	32	1	-15	  -20.00	0	    8.00	0	0	  793.85	-3	7	NULL
real	OR	33	1	-15	   20.00	1	   -8.00	0	0	404440.00	15	5	NULL
real	HR	34	1	15	   20.00	1	   -8.00	0	0	  555.53	-3	5	NULL
real	NR	35	1	15	   20.00	1	   -8.00	0	0	415413.00	-3	0	NULL
real	JL	36	1	15	  -20.00	0	    8.00	0	0	421597.00	-15	0	NULL
real	DR	37	2	15	   12.00	1	   -8.00	0	0	426548.00	15	7	NULL
real	QL	38	2	-15	  -12.00	0	    8.00	0	0	  635.34	-15	5	NULL
real	DL	39	2	15	  -12.00	0	    8.00	0	0	435144.00	15	7	NULL
real	FL	40	2	-15	  -12.00	0	    8.00	0	0	  605.58	-3	5	NULL
real	PL	41	2	15	  -12.00	0	    8.00	0	0	446483.00	15	5	NULL
real	EL	42	2	-15	  -12.00	0	    8.00	0	0	  618.21	-3	7	NULL
real	CR	43	2	-15	   12.00	1	   -8.00	0	0	459827.00	15	7	NULL
real	ER	44	2	-15	   12.00	1	   -8.00	0	0	  481.01	-3	7	NULL
real	OL	45	2	-15	  -12.00	0	    8.00	0	0	472041.00	15	5	NULL
real	LR	46	2	15	   12.00	1	   -8.00	0	0	475984.00	15	0	NULL
real	GL	47	2	15	  -12.00	0	    8.00	0	0	  468.24	-3	7	NULL
real	HL	48	2	15	  -12.00	0	    8.00	0	0	  434.21	-3	5	NULL
real	QR	49	2	-15	   12.00	1	   -8.00	0	0	  690.08	-15	5	NULL
real	IL	50	2	-15	  -12.00	0	    8.00	0	0	498707.00	-15	0	NULL
real	JL	51	2	15	  -12.00	0	    8.00	0	0	505002.00	-15	0	NULL
real	OR	52	2	-15	   12.00	1	   -8.00	0	0	510067.00	15	5	NULL
real	RL	53	2	15	  -12.00	0	    8.00	0	0	  465.24	-15	5	NULL
real	AR	54	2	-15	   12.00	1	   -8.00	0	0	  457.33	-15	7	NULL
real	KL	55	2	-15	  -12.00	0	    8.00	0	0	524323.00	15	0	NULL
real	BR	56	2	15	   12.00	1	   -8.00	0	0	  474.48	-15	7	NULL
real	IR	57	2	-15	   12.00	1	   -8.00	0	0	536112.00	-15	0	NULL
real	AL	58	2	-15	  -12.00	0	    8.00	0	0	  993.17	-15	7	NULL
real	CL	59	2	-15	  -12.00	0	    8.00	0	0	591512.00	15	7	NULL
real	NL	60	2	15	  -12.00	0	    8.00	0	0	596122.00	-3	0	NULL
real	LL	61	2	15	  -12.00	0	    8.00	0	0	600789.00	15	0	NULL
real	HR	62	2	15	   12.00	1	   -8.00	0	0	  525.24	-3	5	NULL
real	RR	63	2	15	   12.00	1	   -8.00	0	0	  513.65	-15	5	NULL
real	KR	64	2	-15	   12.00	1	   -8.00	0	0	618296.00	15	0	NULL
real	GR	65	2	15	   12.00	1	   -8.00	0	0	  512.47	-3	7	NULL
real	JR	66	2	15	   12.00	1	   -8.00	0	0	630445.00	-15	0	NULL
real	MR	67	2	-15	   12.00	1	   -8.00	0	0	635957.00	-3	0	NULL
real	PR	68	2	15	   12.00	1	   -8.00	0	0	640945.00	15	5	NULL
real	FR	69	2	-15	   12.00	1	   -8.00	0	0	  466.77	-3	5	NULL
real	ML	70	2	-15	  -12.00	0	    8.00	0	0	649374.00	-3	0	NULL
real	BL	71	2	15	  -12.00	0	    8.00	0	0	  827.15	-15	7	NULL
real	NR	72	2	15	   12.00	1	   -8.00	0	0	661622.00	-3	0	NULL
real	PL	73	3	15	   -4.00	0	    8.00	0	0	669707.00	15	5	NULL
real	CR	74	3	-15	    4.00	1	   -8.00	0	0	674638.00	15	7	NULL
real	BR	75	3	15	    4.00	1	   -8.00	0	0	  461.37	-15	7	NULL
real	FR	76	3	-15	    4.00	1	   -8.00	0	0	  471.70	-3	5	NULL
real	LL	77	3	15	   -4.00	0	    8.00	0	0	691910.00	15	0	NULL
real	JR	78	3	15	    4.00	1	   -8.00	0	0	697782.00	-15	0	NULL
real	KR	79	3	-15	    4.00	1	   -8.00	0	0	707072.00	15	0	NULL
real	PR	80	3	15	    4.00	1	   -8.00	0	0	711554.00	15	5	NULL
real	NR	81	3	15	    4.00	1	   -8.00	0	0	716201.00	-3	0	NULL
real	EL	82	3	-15	   -4.00	0	    8.00	0	0	 1034.19	-3	7	NULL
real	IR	83	3	-15	    4.00	1	   -8.00	0	0	734596.00	-15	0	NULL
real	AL	84	3	-15	   -4.00	0	    8.00	0	0	  790.68	-15	7	NULL
real	RL	85	3	15	   -4.00	0	    8.00	0	0	  515.17	-15	5	NULL
real	OL	86	3	-15	   -4.00	0	    8.00	0	0	752459.00	15	5	NULL
real	ML	87	3	-15	   -4.00	0	    8.00	0	0	758593.00	-3	0	NULL
real	LR	88	3	15	    4.00	1	   -8.00	0	0	763089.00	15	0	NULL
real	RR	89	3	15	    4.00	1	   -8.00	0	0	  511.40	-15	5	NULL
real	JL	90	3	15	   -4.00	0	    8.00	0	0	775583.00	-15	0	NULL
real	ER	91	3	-15	    4.00	1	   -8.00	0	0	  696.43	-3	7	NULL
real	MR	92	3	-15	    4.00	1	   -8.00	0	0	785458.00	-3	0	NULL
real	OR	93	3	-15	    4.00	1	   -8.00	0	0	791679.00	15	5	NULL
real	GR	94	3	15	    4.00	1	   -8.00	0	0	  496.66	-3	7	NULL
real	CL	95	3	-15	   -4.00	0	    8.00	0	0	808263.00	15	7	NULL
real	DR	96	3	15	    4.00	1	   -8.00	0	0	814094.00	15	7	NULL
real	IL	97	3	-15	   -4.00	0	    8.00	0	0	819901.00	-15	0	NULL
real	NL	98	3	15	   -4.00	0	    8.00	0	0	826196.00	-3	0	NULL
real	HL	99	3	15	   -4.00	0	    8.00	0	0	  670.26	-3	5	NULL
real	KL	100	3	-15	   -4.00	1	   -4.00	1	1	841756.00	15	0	NULL
real	GL	101	3	15	   -4.00	0	    8.00	0	0	  729.65	-3	7	NULL
real	QR	102	3	-15	    4.00	1	   -8.00	0	0	  494.70	-15	5	NULL
real	DL	103	3	15	   -4.00	0	    8.00	0	0	855988.00	15	7	NULL
real	AR	104	3	-15	    4.00	1	   -8.00	0	0	  518.62	-15	7	NULL
real	HR	105	3	15	    4.00	1	   -8.00	0	0	  607.11	-3	5	NULL
real	FL	106	3	-15	   -4.00	0	    8.00	0	0	 1832.20	-3	5	NULL
real	BL	107	3	15	   -4.00	0	    8.00	0	0	  800.26	-15	7	NULL
real	QL	108	3	-15	   -4.00	0	    8.00	0	0	  779.93	-15	5	NULL
real	ER	109	4	-15	   -4.00	1	   -8.00	0	0	 2362.41	-3	7	NULL
real	NL	110	4	15	    4.00	1	   -4.00	1	1	914911.00	-3	0	NULL
real	LR	111	4	15	   -4.00	0	    4.00	1	1	920237.00	15	0	NULL
real	FL	112	4	-15	    4.00	1	   -4.00	1	1	  471.08	-3	5	NULL
real	HR	113	4	15	   -4.00	0	    4.00	1	1	  719.49	-3	5	NULL
real	IL	114	4	-15	    4.00	1	   -4.00	1	1	936988.00	-15	0	NULL
real	QL	115	4	-15	    4.00	1	   -4.00	1	1	  559.99	-15	5	NULL
real	GL	116	4	15	    4.00	1	   -4.00	1	1	  667.76	-3	7	NULL
real	HL	117	4	15	    4.00	1	   -4.00	1	1	  654.44	-3	5	NULL
real	AL	118	4	-15	    4.00	1	   -4.00	1	1	  506.48	-15	7	NULL
real	AR	119	4	-15	   -4.00	0	    4.00	1	1	  612.52	-15	7	NULL
real	PR	120	4	15	   -4.00	0	    4.00	1	1	976454.00	15	5	NULL
real	OR	121	4	-15	   -4.00	1	   -8.00	0	0	981257.00	15	5	NULL
real	PL	122	4	15	    4.00	1	   -4.00	1	1	989628.00	15	5	NULL
real	JL	123	4	15	    4.00	1	   -4.00	1	1	993283.00	-15	0	NULL
real	QR	124	4	-15	   -4.00	0	    4.00	1	1	  594.66	-15	5	NULL
real	OL	125	4	-15	    4.00	1	   -4.00	1	1	1003125.00	15	5	NULL
real	NR	126	4	15	   -4.00	0	    4.00	1	1	1010625.00	-3	0	NULL
real	JR	127	4	15	   -4.00	0	    4.00	1	1	1015371.00	-15	0	NULL
real	BR	128	4	15	   -4.00	0	    4.00	1	1	  638.45	-15	7	NULL
real	MR	129	4	-15	   -4.00	1	   -8.00	0	0	1023543.00	-3	0	NULL
real	BL	130	4	15	    4.00	1	   -4.00	1	1	  630.84	-15	7	NULL
real	RR	131	4	15	   -4.00	0	    4.00	1	1	  654.03	-15	5	NULL
real	LL	132	4	15	    4.00	1	   -4.00	1	1	1038884.00	15	0	NULL
real	KL	133	4	-15	   -8.00	0	    2.00	1	2	1046555.00	15	0	NULL
real	KR	134	4	-15	   -4.00	0	    4.00	1	1	1053025.00	15	0	NULL
real	GR	135	4	15	   -4.00	0	    4.00	1	1	  516.15	-3	7	NULL
real	DL	136	4	15	    4.00	1	   -4.00	1	1	1073200.00	15	7	NULL
real	CR	137	4	-15	   -4.00	1	   -8.00	0	0	1078523.00	15	7	NULL
real	IR	138	4	-15	   -4.00	1	   -8.00	0	0	1082296.00	-15	0	NULL
real	CL	139	4	-15	    4.00	1	   -4.00	1	1	1088721.00	15	7	NULL
real	RL	140	4	15	    4.00	1	   -4.00	1	1	  671.74	-15	5	NULL
real	EL	141	4	-15	    4.00	1	   -4.00	1	1	  673.29	-3	7	NULL
real	FR	142	4	-15	   -4.00	0	    4.00	1	1	 2054.87	-3	5	NULL
real	DR	143	4	15	   -4.00	0	    4.00	1	1	1114891.00	15	7	NULL
real	ML	144	4	-15	    4.00	1	   -4.00	1	1	1119224.00	-3	0	NULL
real	EL	145	5	-15	    0.00	1	   -4.00	0	1	  721.38	-3	7	NULL
real	CL	146	5	-15	    0.00	1	   -4.00	0	1	1129095.00	15	7	NULL
real	LR	147	5	15	    0.00	1	   -2.00	1	2	1133333.00	15	0	NULL
real	GR	148	5	15	    0.00	1	   -2.00	1	2	  574.95	-3	7	NULL
real	PL	149	5	15	    0.00	1	   -4.00	0	1	1155515.00	15	5	NULL
real	ER	150	5	-15	  -12.00	0	    4.00	1	1	  559.33	-3	7	NULL
real	JL	151	5	15	    0.00	1	   -4.00	0	1	1163976.00	-15	0	NULL
real	BR	152	5	15	    0.00	1	   -2.00	1	2	  714.77	-15	7	NULL
real	DL	153	5	15	    0.00	1	   -4.00	0	1	1174789.00	15	7	NULL
real	HR	154	5	15	    0.00	1	   -2.00	1	2	  653.30	-3	5	NULL
real	NR	155	5	15	    0.00	0	    4.00	0	1	1188459.00	-3	0	NULL
real	FR	156	5	-15	    0.00	1	   -2.00	1	2	  608.75	-3	5	NULL
real	RL	157	5	15	    0.00	1	   -4.00	0	1	  636.39	-15	5	NULL
real	ML	158	5	-15	    0.00	1	   -4.00	0	1	1205159.00	-3	0	NULL
real	RR	159	5	15	    0.00	1	   -2.00	1	2	  548.17	-15	5	NULL
real	AL	160	5	-15	    0.00	1	   -4.00	0	1	  565.01	-15	7	NULL
real	AR	161	5	-15	    0.00	1	   -2.00	1	2	  640.53	-15	7	NULL
real	OL	162	5	-15	    0.00	1	   -4.00	0	1	1230244.00	15	5	NULL
real	OR	163	5	-15	  -12.00	0	    4.00	1	1	1236297.00	15	5	NULL
real	FL	164	5	-15	    0.00	1	   -4.00	0	1	  429.85	-3	5	NULL
real	QR	165	5	-15	    0.00	1	   -2.00	1	2	  437.50	-15	5	NULL
real	NL	166	5	15	    0.00	0	    2.00	1	2	1252714.00	-3	0	NULL
real	CR	167	5	-15	  -12.00	0	    4.00	1	1	1262541.00	15	7	NULL
real	IL	168	5	-15	    0.00	1	   -4.00	0	1	1267263.00	-15	0	NULL
real	GL	169	5	15	    0.00	0	    2.00	1	2	  650.44	-3	7	NULL
real	MR	170	5	-15	  -12.00	0	    4.00	1	1	1276406.00	-3	0	NULL
real	IR	171	5	-15	  -12.00	0	    4.00	1	1	1280510.00	-15	0	NULL
real	JR	172	5	15	    0.00	1	   -2.00	1	2	1286457.00	-15	0	NULL
real	DR	173	5	15	    0.00	0	    4.00	0	1	1291099.00	15	7	NULL
real	KR	174	5	-15	    0.00	1	   -2.00	1	2	1295488.00	15	0	NULL
real	LL	175	5	15	    0.00	0	    2.00	1	2	1308665.00	15	0	NULL
real	QL	176	5	-15	    0.00	1	   -4.00	0	1	  507.40	-15	5	NULL
real	HL	177	5	15	    0.00	0	    2.00	1	2	  555.38	-3	5	NULL
real	BL	178	5	15	    0.00	1	   -4.00	0	1	  392.93	-15	7	NULL
real	PR	179	5	15	    0.00	1	   -2.00	1	2	1328475.00	15	5	NULL
real	KL	180	5	-15	   -6.00	0	    2.00	0	2	1337412.00	15	0	NULL
real	NL	181	6	15	    2.00	1	   -1.00	1	3	1352745.00	-3	0	NULL
real	GR	182	6	15	   -2.00	0	    1.00	1	3	  642.52	-3	7	NULL
real	CL	183	6	-15	   -4.00	1	   -4.00	0	1	1366601.00	15	7	NULL
real	IR	184	6	-15	   -8.00	0	    4.00	0	1	1380772.00	-15	0	NULL
real	DL	185	6	15	   -4.00	0	    2.00	1	2	1388891.00	15	7	NULL
real	PR	186	6	15	   -2.00	1	   -2.00	0	2	1396238.00	15	5	NULL
real	CR	187	6	-15	   -8.00	0	    4.00	0	1	1400334.00	15	7	NULL
real	QR	188	6	-15	   -2.00	0	    1.00	1	3	  650.34	-15	5	NULL
real	KL	189	6	-15	   -4.00	0	    2.00	0	2	1431431.00	15	0	NULL
real	OL	190	6	-15	   -4.00	0	    2.00	1	2	1435883.00	15	5	NULL
real	RR	191	6	15	   -2.00	1	   -2.00	0	2	  608.14	-15	5	NULL
real	AL	192	6	-15	   -4.00	0	    2.00	1	2	  541.72	-15	7	NULL
real	LR	193	6	15	   -2.00	1	   -2.00	0	2	1450519.00	15	0	NULL
real	NR	194	6	15	    4.00	1	   -2.00	1	2	1455712.00	-3	0	NULL
real	HR	195	6	15	   -2.00	0	    1.00	1	3	  520.26	-3	5	NULL
real	MR	196	6	-15	   -8.00	0	    4.00	0	1	1466580.00	-3	0	NULL
real	FR	197	6	-15	   -2.00	1	   -2.00	0	2	  433.59	-3	5	NULL
real	ML	198	6	-15	   -4.00	1	   -4.00	0	1	1478262.00	-3	0	NULL
real	AR	199	6	-15	   -2.00	1	   -2.00	0	2	  831.79	-15	7	NULL
real	PL	200	6	15	   -4.00	0	    2.00	1	2	1492831.00	15	5	NULL
real	JR	201	6	15	   -2.00	0	    1.00	1	3	1514187.00	-15	0	NULL
real	BL	202	6	15	   -4.00	0	    2.00	1	2	  530.38	-15	7	NULL
real	OR	203	6	-15	   -8.00	0	    4.00	0	1	1521953.00	15	5	NULL
real	LL	204	6	15	    2.00	1	   -1.00	1	3	1526423.00	15	0	NULL
real	DR	205	6	15	    4.00	1	   -2.00	1	2	1531654.00	15	7	NULL
real	EL	206	6	-15	   -4.00	1	   -4.00	0	1	  707.39	-3	7	NULL
real	KR	207	6	-15	   -2.00	1	   -2.00	0	2	1540346.00	15	0	NULL
real	HL	208	6	15	    2.00	1	   -1.00	1	3	  800.06	-3	5	NULL
real	RL	209	6	15	   -4.00	0	    2.00	1	2	  452.32	-15	5	NULL
real	ER	210	6	-15	   -8.00	0	    4.00	0	1	  436.57	-3	7	NULL
real	IL	211	6	-15	   -4.00	0	    2.00	1	2	1558156.00	-15	0	NULL
real	QL	212	6	-15	   -4.00	0	    2.00	1	2	  703.15	-15	5	NULL
real	FL	213	6	-15	   -4.00	0	    2.00	1	2	  523.13	-3	5	NULL
real	JL	214	6	15	   -4.00	0	    2.00	1	2	1577391.00	-15	0	NULL
real	GL	215	6	15	    2.00	1	   -1.00	1	3	  562.77	-3	7	NULL
real	BR	216	6	15	   -2.00	1	   -2.00	0	2	  679.46	-15	7	NULL
real	HR	217	7	15	   -1.00	1	   -1.00	1	4	  476.69	-3	5	NULL
real	GL	218	7	15	    1.00	1	   -1.00	0	3	  547.59	-3	7	NULL
real	HL	219	7	15	    1.00	1	   -1.00	0	3	  455.33	-3	5	NULL
real	ER	220	7	-15	   -4.00	1	   -2.00	1	2	  671.59	-3	7	NULL
real	PR	221	7	15	   -4.00	0	    1.00	1	3	1634558.00	15	5	NULL
real	EL	222	7	-15	   -8.00	0	    2.00	1	2	  467.04	-3	7	NULL
real	NL	223	7	15	    1.00	0	    1.00	1	4	1644741.00	-3	0	NULL
real	BR	224	7	15	   -4.00	0	    1.00	1	3	  438.94	-15	7	NULL
real	DR	225	7	15	    2.00	1	   -2.00	0	2	1652384.00	15	7	NULL
real	JL	226	7	15	   -2.00	1	   -1.00	1	3	1655777.00	-15	0	NULL
real	GR	227	7	15	   -1.00	0	    1.00	0	3	  586.75	-3	7	NULL
real	AL	228	7	-15	   -2.00	1	   -1.00	1	3	  463.72	-15	7	NULL
real	JR	229	7	15	   -1.00	1	   -1.00	1	4	1669577.00	-15	0	NULL
real	PL	230	7	15	   -2.00	0	    2.00	0	2	1674425.00	15	5	NULL
real	ML	231	7	-15	   -8.00	0	    2.00	1	2	1680956.00	-3	0	NULL
real	RR	232	7	15	   -4.00	0	    1.00	1	3	  455.89	-15	5	NULL
real	RL	233	7	15	   -2.00	1	   -1.00	1	3	  420.91	-15	5	NULL
real	LL	234	7	15	    1.00	1	   -1.00	0	3	1700558.00	15	0	NULL
real	KR	235	7	-15	   -4.00	1	   -2.00	0	2	1707076.00	15	0	NULL
real	DL	236	7	15	   -2.00	1	   -1.00	1	3	1711297.00	15	7	NULL
real	LR	237	7	15	   -4.00	0	    1.00	1	3	1720939.00	15	0	NULL
real	KL	238	7	-15	   -2.00	1	   -1.00	1	3	1725295.00	15	0	NULL
real	IL	239	7	-15	   -2.00	1	   -1.00	1	3	1731959.00	-15	0	NULL
real	OL	240	7	-15	   -2.00	1	   -1.00	1	3	1750773.00	15	5	NULL
real	IR	241	7	-15	   -4.00	0	    4.00	0	1	1755671.00	-15	0	NULL
real	FR	242	7	-15	   -4.00	0	    1.00	1	3	  705.06	-3	5	NULL
real	AR	243	7	-15	   -4.00	0	    1.00	1	3	  453.16	-15	7	NULL
real	QR	244	7	-15	   -1.00	1	   -1.00	1	4	  478.47	-15	5	NULL
real	QL	245	7	-15	   -2.00	1	   -1.00	1	3	  460.17	-15	5	NULL
real	CL	246	7	-15	   -8.00	0	    2.00	1	2	1785054.00	15	7	NULL
real	OR	247	7	-15	   -4.00	1	   -2.00	1	2	1794776.00	15	5	NULL
real	BL	248	7	15	   -2.00	1	   -1.00	1	3	  498.98	-15	7	NULL
real	MR	249	7	-15	   -4.00	1	   -2.00	1	2	1805671.00	-3	0	NULL
real	CR	250	7	-15	   -4.00	1	   -2.00	1	2	1812147.00	15	7	NULL
real	FL	251	7	-15	   -2.00	1	   -1.00	1	3	  563.83	-3	5	NULL
real	NR	252	7	15	    2.00	1	   -2.00	0	2	1823338.00	-3	0	NULL
real	BR	253	8	15	   -3.00	1	   -1.00	1	4	  507.18	-15	7	NULL
real	OR	254	8	-15	   -6.00	0	    1.00	1	3	1835628.00	15	5	NULL
real	PL	255	8	15	    0.00	1	   -1.00	1	3	1841553.00	15	5	NULL
real	OL	256	8	-15	   -3.00	1	   -1.00	0	3	1849846.00	15	5	NULL
real	DL	257	8	15	   -3.00	0	    1.00	1	4	1855841.00	15	7	NULL
real	NR	258	8	15	    0.00	1	   -2.00	0	2	1860369.00	-3	0	NULL
real	GL	259	8	15	    0.00	1	   -1.00	0	3	  398.25	-3	7	NULL
real	JR	260	8	15	   -2.00	0	    1.00	1	5	1874813.00	-15	0	NULL
real	FL	261	8	-15	   -3.00	1	   -1.00	0	3	  520.61	-3	5	NULL
real	MR	262	8	-15	   -6.00	0	    1.00	1	3	1887353.00	-3	0	NULL
real	KR	263	8	-15	   -6.00	0	    1.00	1	3	1892066.00	15	0	NULL
real	ER	264	8	-15	   -6.00	0	    1.00	1	3	  553.26	-3	7	NULL
real	HL	265	8	15	    0.00	1	   -1.00	0	3	  443.09	-3	5	NULL
real	KL	266	8	-15	   -3.00	1	   -1.00	0	3	1916264.00	15	0	NULL
real	EL	267	8	-15	   -6.00	0	    2.00	0	2	  394.41	-3	7	NULL
real	FR	268	8	-15	   -3.00	1	   -1.00	1	4	  489.85	-3	5	NULL
real	IL	269	8	-15	   -3.00	0	    1.00	1	4	1929164.00	-15	0	NULL
real	LR	270	8	15	   -3.00	0	    1.00	0	3	1933318.00	15	0	NULL
real	RR	271	8	15	   -3.00	0	    1.00	0	3	  506.95	-15	5	NULL
real	QL	272	8	-15	   -3.00	0	    1.00	1	4	  631.71	-15	5	NULL
real	AL	273	8	-15	   -3.00	0	    1.00	1	4	  536.26	-15	7	NULL
real	DR	274	8	15	    0.00	1	   -2.00	0	2	1954356.00	15	7	NULL
real	NL	275	8	15	    2.00	1	   -1.00	1	5	1960051.00	-3	0	NULL
real	ML	276	8	-15	   -6.00	0	    2.00	0	2	1964223.00	-3	0	NULL
real	CL	277	8	-15	   -6.00	0	    2.00	0	2	1968649.00	15	7	NULL
real	GR	278	8	15	    0.00	1	   -1.00	1	4	  391.09	-3	7	NULL
real	LL	279	8	15	    0.00	1	   -1.00	0	3	1980726.00	15	0	NULL
real	IR	280	8	-15	    0.00	1	   -2.00	1	2	1985510.00	-15	0	NULL
real	BL	281	8	15	   -3.00	0	    1.00	1	4	  509.36	-15	7	NULL
real	QR	282	8	-15	   -2.00	1	   -1.00	0	4	  416.26	-15	5	NULL
real	HR	283	8	15	   -2.00	0	    1.00	1	5	  502.33	-3	5	NULL
real	CR	284	8	-15	   -6.00	0	    1.00	1	3	2003627.00	15	7	NULL
real	JL	285	8	15	   -3.00	0	    1.00	1	4	2011560.00	-15	0	NULL
real	RL	286	8	15	   -3.00	0	    1.00	1	4	  502.12	-15	5	NULL
real	AR	287	8	-15	   -3.00	0	    1.00	0	3	  602.10	-15	7	NULL
real	PR	288	8	15	   -3.00	0	    1.00	0	3	2024791.00	15	5	NULL
real	QL	289	9	-15	   -2.00	1	   -1.00	1	5	  471.84	-15	5	NULL
real	DL	290	9	15	   -2.00	0	    1.00	0	4	2036368.00	15	7	NULL
real	NR	291	9	15	   -2.00	0	    1.00	1	3	2040440.00	-3	0	NULL
real	QR	292	9	-15	   -3.00	0	    1.00	1	5	  591.50	-15	5	NULL
real	PL	293	9	15	   -1.00	0	    1.00	1	4	2058148.00	15	5	NULL
real	GL	294	9	15	   -1.00	0	    1.00	1	4	  600.71	-3	7	NULL
real	ER	295	9	-15	   -5.00	0	    1.00	0	3	  761.46	-3	7	NULL
real	FL	296	9	-15	   -4.00	0	    1.00	1	4	 1024.74	-3	5	NULL
real	BR	297	9	15	   -4.00	0	    1.00	1	5	  530.77	-15	7	NULL
real	OR	298	9	-15	   -5.00	1	   -1.00	1	4	2089552.00	15	5	NULL
real	LL	299	9	15	   -1.00	0	    1.00	1	4	2095168.00	15	0	NULL
real	CR	300	9	-15	   -5.00	0	    1.00	0	3	2099899.00	15	7	NULL
real	HL	301	9	15	   -1.00	1	   -1.00	0	3	  529.23	-3	5	NULL
real	EL	302	9	-15	   -4.00	0	    2.00	0	2	  531.68	-3	7	NULL
real	JR	303	9	15	   -1.00	1	   -1.00	1	6	2123115.00	-15	0	NULL
real	ML	304	9	-15	   -4.00	1	   -1.00	1	3	2134077.00	-3	0	NULL
real	AR	305	9	-15	   -2.00	1	   -1.00	1	4	  421.12	-15	7	NULL
real	DR	306	9	15	   -2.00	0	    1.00	1	3	2157723.00	15	7	NULL
real	KR	307	9	-15	   -5.00	0	    1.00	0	3	2162601.00	15	0	NULL
real	HR	308	9	15	   -1.00	0	    1.00	0	5	  692.38	-3	5	NULL
real	JL	309	9	15	   -2.00	0	    1.00	0	4	2171540.00	-15	0	NULL
real	NL	310	9	15	    1.00	1	   -1.00	0	5	2177487.00	-3	0	NULL
real	GR	311	9	15	   -1.00	0	    1.00	1	5	  677.56	-3	7	NULL
real	AL	312	9	-15	   -2.00	1	   -1.00	1	5	 1088.95	-15	7	NULL
real	FR	313	9	-15	   -4.00	0	    1.00	1	5	  441.34	-3	5	NULL
real	LR	314	9	15	   -2.00	0	    1.00	0	3	2201246.00	15	0	NULL
real	PR	315	9	15	   -2.00	0	    1.00	0	3	2205893.00	15	5	NULL
real	RR	316	9	15	   -2.00	0	    1.00	0	3	  692.66	-15	5	NULL
real	MR	317	9	-15	   -5.00	0	    1.00	0	3	2224582.00	-3	0	NULL
real	BL	318	9	15	   -2.00	0	    1.00	0	4	 1046.34	-15	7	NULL
real	OL	319	9	-15	   -4.00	0	    1.00	1	4	2234707.00	15	5	NULL
real	KL	320	9	-15	   -4.00	0	    1.00	1	4	2239403.00	15	0	NULL
real	RL	321	9	15	   -2.00	0	    1.00	0	4	  784.57	-15	5	NULL
real	CL	322	9	-15	   -4.00	0	    2.00	0	2	2251089.00	15	7	NULL
real	IL	323	9	-15	   -2.00	1	   -1.00	1	5	2256027.00	-15	0	NULL
real	IR	324	9	-15	   -2.00	1	   -2.00	0	2	2260447.00	-15	0	NULL
real	HR	325	10	15	    0.00	1	   -1.00	1	6	  466.37	-3	5	NULL
real	OL	326	10	-15	   -3.00	1	   -1.00	1	5	2268808.00	15	5	NULL
real	AR	327	10	-15	   -3.00	0	    1.00	1	5	  582.32	-15	7	NULL
real	FR	328	10	-15	   -3.00	0	    1.00	0	5	  422.81	-3	5	NULL
real	MR	329	10	-15	   -4.00	0	    1.00	0	3	2298178.00	-3	0	NULL
real	NR	330	10	15	   -1.00	0	    1.00	0	3	2302511.00	-3	0	NULL
real	CL	331	10	-15	   -2.00	1	   -1.00	1	3	2306871.00	15	7	NULL
real	KL	332	10	-15	   -3.00	1	   -1.00	1	5	2311181.00	15	0	NULL
real	BR	333	10	15	   -3.00	0	    1.00	0	5	  467.88	-15	7	NULL
real	GR	334	10	15	    0.00	1	   -1.00	1	6	  405.40	-3	7	NULL
real	FL	335	10	-15	   -3.00	1	   -1.00	1	5	  643.44	-3	5	NULL
real	LL	336	10	15	    0.00	1	   -1.00	1	5	2329973.00	15	0	NULL
real	DL	337	10	15	   -1.00	0	    1.00	0	4	2334698.00	15	7	NULL
real	EL	338	10	-15	   -2.00	1	   -1.00	1	3	  498.40	-3	7	NULL
real	CR	339	10	-15	   -4.00	0	    1.00	0	3	2351996.00	15	7	NULL
real	DR	340	10	15	   -1.00	0	    1.00	0	3	2359389.00	15	7	NULL
real	RL	341	10	15	   -1.00	1	   -1.00	1	5	  436.06	-15	5	NULL
real	JL	342	10	15	   -1.00	1	   -1.00	1	5	2373153.00	-15	0	NULL
real	IL	343	10	-15	   -3.00	1	   -1.00	0	5	2377570.00	-15	0	NULL
real	RR	344	10	15	   -1.00	1	   -1.00	1	4	  524.94	-15	5	NULL
real	HL	345	10	15	   -2.00	0	    1.00	1	4	  490.70	-3	5	NULL
real	ML	346	10	-15	   -5.00	0	    1.00	1	4	2417435.00	-3	0	NULL
real	PL	347	10	15	    0.00	1	   -1.00	1	5	2422811.00	15	5	NULL
real	LR	348	10	15	   -1.00	0	    1.00	0	3	2430654.00	15	0	NULL
real	NL	349	10	15	    0.00	1	   -1.00	0	5	2434822.00	-3	0	NULL
real	BL	350	10	15	   -1.00	1	   -1.00	1	5	  485.49	-15	7	NULL
real	IR	351	10	-15	   -4.00	0	    1.00	1	3	2445110.00	-15	0	NULL
real	PR	352	10	15	   -1.00	1	   -1.00	1	4	2451590.00	15	5	NULL
real	OR	353	10	-15	   -6.00	0	    1.00	1	5	2457474.00	15	5	NULL
real	QL	354	10	-15	   -3.00	1	   -1.00	0	5	  931.02	-15	5	NULL
real	GL	355	10	15	    0.00	0	    1.00	0	4	 1847.62	-3	7	NULL
real	AL	356	10	-15	   -3.00	0	    1.00	1	6	  530.74	-15	7	NULL
real	ER	357	10	-15	   -4.00	0	    1.00	0	3	  906.28	-3	7	NULL
real	QR	358	10	-15	   -2.00	0	    1.00	0	5	  518.17	-15	5	NULL
real	KR	359	10	-15	   -4.00	0	    1.00	0	3	2503145.00	15	0	NULL
real	JR	360	10	15	   -2.00	1	   -1.00	0	6	2506613.00	-15	0	NULL
real	IR	361	11	-15	   -3.00	1	   -1.00	1	4	2510155.00	-15	0	NULL
real	DR	362	11	15	    0.00	0	    1.00	0	3	2517043.00	15	7	NULL
real	IL	363	11	-15	   -4.00	0	    1.00	1	6	2521440.00	-15	0	NULL
real	CL	364	11	-15	   -3.00	1	   -1.00	0	3	2525857.00	15	7	NULL
real	RR	365	11	15	   -2.00	1	   -1.00	0	4	  509.67	-15	5	NULL
real	CR	366	11	-15	   -3.00	1	   -1.00	1	4	2534918.00	15	7	NULL
real	PL	367	11	15	   -1.00	1	   -1.00	0	5	2539777.00	15	5	NULL
real	GL	368	11	15	    1.00	1	   -1.00	1	5	  453.36	-3	7	NULL
real	JR	369	11	15	   -3.00	1	   -1.00	0	6	2548509.00	-15	0	NULL
real	ML	370	11	-15	   -4.00	1	   -1.00	1	5	2552536.00	-3	0	NULL
real	LR	371	11	15	    0.00	1	   -1.00	1	4	2557283.00	15	0	NULL
real	AL	372	11	-15	   -2.00	1	   -1.00	1	7	  409.27	-15	7	NULL
real	ER	373	11	-15	   -3.00	1	   -1.00	1	4	  432.61	-3	7	NULL
real	DL	374	11	15	    0.00	1	   -1.00	1	5	2569674.00	15	7	NULL
real	FL	375	11	-15	   -4.00	1	   -1.00	0	5	  806.21	-3	5	NULL
real	AR	376	11	-15	   -2.00	1	   -1.00	1	6	  602.57	-15	7	NULL
real	LL	377	11	15	   -1.00	1	   -1.00	0	5	2584788.00	15	0	NULL
real	NL	378	11	15	   -1.00	0	    1.00	1	6	2591987.00	-3	0	NULL
real	HL	379	11	15	   -1.00	1	   -1.00	1	5	  425.26	-3	5	NULL
real	OL	380	11	-15	   -4.00	0	    1.00	1	6	2602735.00	15	5	NULL
real	OR	381	11	-15	   -5.00	0	    1.00	0	5	2624380.00	15	5	NULL
real	KR	382	11	-15	   -3.00	1	   -1.00	1	4	2630931.00	15	0	NULL
real	GR	383	11	15	   -1.00	0	    1.00	1	7	  479.17	-3	7	NULL
real	QL	384	11	-15	   -4.00	0	    1.00	1	6	  476.49	-15	5	NULL
real	NR	385	11	15	    0.00	0	    1.00	0	3	2644711.00	-3	0	NULL
real	PR	386	11	15	   -2.00	0	    1.00	1	5	2649291.00	15	5	NULL
real	HR	387	11	15	   -1.00	0	    1.00	1	7	  630.33	-3	5	NULL
real	QR	388	11	-15	   -1.00	1	   -1.00	1	6	  380.84	-15	5	NULL
real	EL	389	11	-15	   -3.00	1	   -1.00	0	3	  562.35	-3	7	NULL
real	RL	390	11	15	   -2.00	1	   -1.00	0	5	 1229.85	-15	5	NULL
real	MR	391	11	-15	   -3.00	1	   -1.00	1	4	2683310.00	-3	0	NULL
real	JL	392	11	15	   -2.00	1	   -1.00	0	5	2689842.00	-15	0	NULL
real	BL	393	11	15	   -2.00	0	    1.00	1	6	  637.56	-15	7	NULL
real	KL	394	11	-15	   -4.00	1	   -1.00	0	5	2702691.00	15	0	NULL
real	FR	395	11	-15	   -2.00	1	   -1.00	1	6	  490.51	-3	5	NULL
real	BR	396	11	15	   -2.00	1	   -1.00	1	6	  465.24	-15	7	NULL
real	HR	397	12	15	    0.00	1	   -1.00	1	8	  536.86	-3	5	NULL
real	HL	398	12	15	   -2.00	0	    1.00	1	6	  563.00	-3	5	NULL
real	ML	399	12	-15	   -5.00	0	    1.00	1	6	2727099.00	-3	0	NULL
real	FL	400	12	-15	   -5.00	0	    1.00	1	6	  491.13	-3	5	NULL
real	JL	401	12	15	   -3.00	0	    1.00	1	6	2852909.00	-15	0	NULL
real	RL	402	12	15	   -3.00	0	    1.00	1	6	  555.18	-15	5	NULL
real	NR	403	12	15	    1.00	1	   -1.00	1	4	2873644.00	-3	0	NULL
real	ER	404	12	-15	   -4.00	1	   -1.00	0	4	  609.93	-3	7	NULL
real	KL	405	12	-15	   -5.00	0	    1.00	1	6	2881777.00	15	0	NULL
real	EL	406	12	-15	   -4.00	0	    1.00	1	4	  485.32	-3	7	NULL
real	MR	407	12	-15	   -4.00	1	   -1.00	0	4	2892656.00	-3	0	NULL
real	QR	408	12	-15	   -2.00	1	   -1.00	0	6	  472.84	-15	5	NULL
real	GR	409	12	15	    0.00	1	   -1.00	1	8	  489.82	-3	7	NULL
real	JR	410	12	15	   -4.00	0	    1.00	1	7	2910517.00	-15	0	NULL
real	DR	411	12	15	    1.00	1	   -1.00	1	4	2915032.00	15	7	NULL
real	BR	412	12	15	   -3.00	0	    1.00	1	7	  486.85	-15	7	NULL
real	PR	413	12	15	   -1.00	1	   -1.00	1	6	2926990.00	15	5	NULL
real	KR	414	12	-15	   -4.00	1	   -1.00	0	4	2933930.00	15	0	NULL
real	AL	415	12	-15	   -3.00	0	    1.00	1	8	  669.27	-15	7	NULL
real	BL	416	12	15	   -1.00	0	    1.00	0	6	 2118.04	-15	7	NULL
real	IL	417	12	-15	   -3.00	0	    1.00	0	6	3030591.00	-15	0	NULL
real	QL	418	12	-15	   -3.00	0	    1.00	0	6	  417.61	-15	5	NULL
real	PL	419	12	15	   -2.00	1	   -1.00	0	5	3039555.00	15	5	NULL
real	OL	420	12	-15	   -3.00	1	   -1.00	1	7	3045066.00	15	5	NULL
real	IR	421	12	-15	   -4.00	0	    1.00	1	5	3048774.00	-15	0	NULL
real	GL	422	12	15	    0.00	1	   -1.00	0	5	  368.40	-3	7	NULL
real	FR	423	12	-15	   -3.00	1	   -1.00	0	6	  553.32	-3	5	NULL
real	CL	424	12	-15	   -4.00	0	    1.00	1	4	3060263.00	15	7	NULL
real	NL	425	12	15	    0.00	1	   -1.00	1	7	3067295.00	-3	0	NULL
real	RR	426	12	15	   -3.00	0	    1.00	1	5	  528.06	-15	5	NULL
real	DL	427	12	15	   -1.00	1	   -1.00	0	5	3075640.00	15	7	NULL
real	AR	428	12	-15	   -3.00	0	    1.00	1	7	  444.76	-15	7	NULL
real	OR	429	12	-15	   -4.00	0	    1.00	0	5	3084460.00	15	5	NULL
real	LL	430	12	15	   -2.00	1	   -1.00	0	5	3088806.00	15	0	NULL
real	LR	431	12	15	   -1.00	1	   -1.00	0	4	3093619.00	15	0	NULL
real	CR	432	12	-15	   -4.00	0	    1.00	1	5	3098314.00	15	7	NULL
real	QL	433	13	-15	   -2.00	1	   -1.00	1	7	  642.85	-15	5	NULL
real	GL	434	13	15	   -1.00	1	   -1.00	0	5	  799.64	-3	7	NULL
real	AR	435	13	-15	   -2.00	1	   -1.00	1	8	  437.57	-15	7	NULL
real	GR	436	13	15	   -1.00	1	   -1.00	0	8	  358.53	-3	7	NULL
real	KL	437	13	-15	   -4.00	0	    1.00	0	6	3118258.00	15	0	NULL
real	HL	438	13	15	   -1.00	0	    1.00	0	6	  455.98	-3	5	NULL
real	JR	439	13	15	   -3.00	0	    1.00	0	7	3126020.00	-15	0	NULL
real	ML	440	13	-15	   -4.00	0	    1.00	0	6	3129925.00	-3	0	NULL
real	DL	441	13	15	   -2.00	0	    1.00	1	6	3135137.00	15	7	NULL
real	ER	442	13	-15	   -5.00	0	    1.00	1	5	  445.57	-3	7	NULL
real	RR	443	13	15	   -2.00	0	    1.00	0	5	  545.21	-15	5	NULL
real	IL	444	13	-15	   -2.00	0	    1.00	0	6	3150838.00	-15	0	NULL
real	PR	445	13	15	   -2.00	0	    1.00	1	7	3159645.00	15	5	NULL
real	AL	446	13	-15	   -2.00	1	   -1.00	1	9	  467.93	-15	7	NULL
real	FR	447	13	-15	   -4.00	0	    1.00	1	7	  390.64	-3	5	NULL
real	OL	448	13	-15	   -4.00	0	    1.00	1	8	3173702.00	15	5	NULL
real	RL	449	13	15	   -2.00	0	    1.00	0	6	  672.08	-15	5	NULL
real	LL	450	13	15	   -3.00	0	    1.00	1	6	3182463.00	15	0	NULL
real	MR	451	13	-15	   -5.00	0	    1.00	1	5	3188248.00	-3	0	NULL
real	KR	452	13	-15	   -5.00	0	    1.00	1	5	3193278.00	15	0	NULL
real	QR	453	13	-15	   -3.00	0	    1.00	1	7	  469.90	-15	5	NULL
real	CR	454	13	-15	   -3.00	1	   -1.00	1	6	3205509.00	15	7	NULL
real	PL	455	13	15	   -3.00	0	    1.00	1	6	3209890.00	15	5	NULL
real	JL	456	13	15	   -2.00	1	   -1.00	1	7	3213783.00	-15	0	NULL
real	IR	457	13	-15	   -3.00	0	    1.00	0	5	3220386.00	-15	0	NULL
real	HR	458	13	15	   -1.00	1	   -1.00	0	8	  345.22	-3	5	NULL
real	CL	459	13	-15	   -3.00	1	   -1.00	1	5	3228192.00	15	7	NULL
real	EL	460	13	-15	   -3.00	1	   -1.00	1	5	  740.81	-3	7	NULL
real	BR	461	13	15	   -2.00	1	   -1.00	1	8	  540.42	-15	7	NULL
real	BL	462	13	15	    0.00	1	   -1.00	1	7	  491.20	-15	7	NULL
real	NR	463	13	15	    0.00	1	   -1.00	0	4	3245392.00	-3	0	NULL
real	LR	464	13	15	   -2.00	1	   -1.00	0	4	3250437.00	15	0	NULL
real	OR	465	13	-15	   -3.00	1	   -1.00	1	6	3257721.00	15	5	NULL
real	NL	466	13	15	   -1.00	0	    1.00	1	8	3261889.00	-3	0	NULL
real	FL	467	13	-15	   -4.00	0	    1.00	0	6	  502.34	-3	5	NULL
real	DR	468	13	15	    0.00	1	   -1.00	0	4	3270506.00	15	7	NULL
real	CR	469	14	-15	   -4.00	0	    1.00	1	7	3274940.00	15	7	NULL
real	PR	470	14	15	   -1.00	1	   -1.00	1	8	3279280.00	15	5	NULL
real	LL	471	14	15	   -2.00	0	    1.00	0	6	3287851.00	15	0	NULL
real	BL	472	14	15	   -1.00	1	   -1.00	0	7	  465.78	-15	7	NULL
real	CL	473	14	-15	   -4.00	1	   -1.00	0	5	3298513.00	15	7	NULL
real	QR	474	14	-15	   -2.00	1	   -1.00	1	8	  666.41	-15	5	NULL
real	RR	475	14	15	   -1.00	1	   -1.00	1	6	  610.93	-15	5	NULL
real	ER	476	14	-15	   -4.00	1	   -1.00	1	6	  603.63	-3	7	NULL
real	GR	477	14	15	   -2.00	0	    1.00	1	9	  465.92	-3	7	NULL
real	NL	478	14	15	    0.00	1	   -1.00	1	9	3321741.00	-3	0	NULL
real	KR	479	14	-15	   -4.00	0	    1.00	0	5	3328252.00	15	0	NULL
real	EL	480	14	-15	   -4.00	0	    1.00	1	6	  490.05	-3	7	NULL
real	NR	481	14	15	   -1.00	0	    1.00	1	5	3337726.00	-3	0	NULL
real	KL	482	14	-15	   -3.00	1	   -1.00	1	7	3341663.00	15	0	NULL
real	JL	483	14	15	   -3.00	0	    1.00	1	8	3345687.00	-15	0	NULL
real	HL	484	14	15	    0.00	1	   -1.00	1	7	  426.50	-3	5	NULL
real	RL	485	14	15	   -1.00	1	   -1.00	1	7	  509.72	-15	5	NULL
real	HR	486	14	15	   -2.00	0	    1.00	1	9	  444.31	-3	5	NULL
real	QL	487	14	-15	   -3.00	0	    1.00	1	8	  543.07	-15	5	NULL
real	DR	488	14	15	   -1.00	0	    1.00	1	5	3367026.00	15	7	NULL
real	GL	489	14	15	   -2.00	0	    1.00	1	6	  398.41	-3	7	NULL
real	BR	490	14	15	   -3.00	0	    1.00	1	9	  431.27	-15	7	NULL
real	DL	491	14	15	   -1.00	0	    1.00	0	6	3379471.00	15	7	NULL
real	AR	492	14	-15	   -3.00	1	   -1.00	0	8	  869.14	-15	7	NULL
real	IR	493	14	-15	   -2.00	1	   -1.00	1	6	3387269.00	-15	0	NULL
real	OR	494	14	-15	   -4.00	0	    1.00	1	7	3392501.00	15	5	NULL
real	FL	495	14	-15	   -3.00	0	    1.00	0	6	 1005.92	-3	5	NULL
real	ML	496	14	-15	   -3.00	0	    1.00	0	6	3403671.00	-3	0	NULL
real	IL	497	14	-15	   -1.00	1	   -1.00	1	7	3413038.00	-15	0	NULL
real	OL	498	14	-15	   -3.00	0	    1.00	0	8	3418208.00	15	5	NULL
real	JR	499	14	15	   -2.00	1	   -1.00	1	8	3426715.00	-15	0	NULL
real	FR	500	14	-15	   -3.00	1	   -1.00	1	8	  465.26	-3	5	NULL
real	AL	501	14	-15	   -3.00	0	    1.00	1	10	  496.40	-15	7	NULL
real	LR	502	14	15	   -3.00	0	    1.00	1	5	3451124.00	15	0	NULL
real	PL	503	14	15	   -2.00	0	    1.00	0	6	3456348.00	15	5	NULL
real	MR	504	14	-15	   -4.00	0	    1.00	0	5	3460565.00	-3	0	NULL
real	CR	505	15	-15	   -3.00	1	   -1.00	1	8	3465381.00	15	7	NULL
real	FL	506	15	-15	   -2.00	1	   -1.00	1	7	  465.60	-3	5	NULL
real	DR	507	15	15	    0.00	1	   -1.00	1	6	3473316.00	15	7	NULL
real	LL	508	15	15	   -1.00	1	   -1.00	1	7	3490363.00	15	0	NULL
real	OR	509	15	-15	   -3.00	1	   -1.00	1	8	3494227.00	15	5	NULL
real	GR	510	15	15	   -1.00	1	   -1.00	1	10	  377.39	-3	7	NULL
real	KL	511	15	-15	   -4.00	1	   -1.00	0	7	3503944.00	15	0	NULL
real	LR	512	15	15	   -2.00	1	   -1.00	1	6	3508558.00	15	0	NULL
real	KR	513	15	-15	   -3.00	1	   -1.00	1	6	3512852.00	15	0	NULL
real	FR	514	15	-15	   -4.00	0	    1.00	1	9	 1048.68	-3	5	NULL
real	NR	515	15	15	    0.00	1	   -1.00	1	6	3524638.00	-3	0	NULL
real	DL	516	15	15	    0.00	1	   -1.00	1	7	3530677.00	15	7	NULL
real	ML	517	15	-15	   -2.00	1	   -1.00	1	7	3538545.00	-3	0	NULL
real	AL	518	15	-15	   -2.00	1	   -1.00	1	11	  631.99	-15	7	NULL
real	OL	519	15	-15	   -2.00	1	   -1.00	1	9	3547908.00	15	5	NULL
real	PR	520	15	15	   -2.00	0	    1.00	1	9	3552349.00	15	5	NULL
real	IR	521	15	-15	   -3.00	0	    1.00	1	7	3560069.00	-15	0	NULL
real	RL	522	15	15	   -2.00	0	    1.00	1	8	  684.81	-15	5	NULL
real	IL	523	15	-15	   -2.00	1	   -1.00	0	7	3567842.00	-15	0	NULL
real	MR	524	15	-15	   -3.00	1	   -1.00	1	6	3577237.00	-3	0	NULL
real	CL	525	15	-15	   -5.00	0	    1.00	1	6	3581573.00	15	7	NULL
real	JL	526	15	15	   -2.00	1	   -1.00	1	9	3585543.00	-15	0	NULL
real	RR	527	15	15	   -2.00	1	   -1.00	0	6	  441.16	-15	5	NULL
real	NL	528	15	15	   -1.00	0	    1.00	1	10	3599356.00	-3	0	NULL
real	PL	529	15	15	   -1.00	1	   -1.00	1	7	3605900.00	15	5	NULL
real	AR	530	15	-15	   -4.00	0	    1.00	1	9	  443.57	-15	7	NULL
real	HR	531	15	15	   -1.00	1	   -1.00	1	10	  387.53	-3	5	NULL
real	EL	532	15	-15	   -3.00	1	   -1.00	1	7	  456.03	-3	7	NULL
real	BR	533	15	15	   -2.00	1	   -1.00	1	10	  533.28	-15	7	NULL
real	BL	534	15	15	   -2.00	1	   -1.00	0	7	  538.96	-15	7	NULL
real	QR	535	15	-15	   -3.00	0	    1.00	1	9	  512.28	-15	5	NULL
real	ER	536	15	-15	   -5.00	0	    1.00	1	7	  409.00	-3	7	NULL
real	QL	537	15	-15	   -2.00	1	   -1.00	1	9	  966.27	-15	5	NULL
real	HL	538	15	15	   -1.00	0	    1.00	1	8	  427.20	-3	5	NULL
real	GL	539	15	15	   -1.00	0	    1.00	0	6	  519.50	-3	7	NULL
real	JR	540	15	15	   -3.00	0	    1.00	1	9	3652064.00	-15	0	NULL
real	NL	541	16	15	    0.00	1	   -1.00	1	11	3664159.00	-3	0	NULL
real	IL	542	16	-15	   -3.00	0	    1.00	1	8	3670062.00	-15	0	NULL
real	FR	543	16	-15	   -3.00	1	   -1.00	1	10	  682.58	-3	5	NULL
real	RL	544	16	15	   -1.00	1	   -1.00	1	9	  496.17	-15	5	NULL
real	JL	545	16	15	   -3.00	0	    1.00	1	10	3693400.00	-15	0	NULL
real	OL	546	16	-15	   -3.00	1	   -1.00	0	9	3700066.00	15	5	NULL
real	DL	547	16	15	   -1.00	0	    1.00	1	8	3705708.00	15	7	NULL
real	IR	548	16	-15	   -2.00	1	   -1.00	1	8	3714063.00	-15	0	NULL
real	PR	549	16	15	   -1.00	0	    1.00	0	9	3718096.00	15	5	NULL
real	FL	550	16	-15	   -3.00	1	   -1.00	0	7	  533.08	-3	5	NULL
real	CR	551	16	-15	   -4.00	1	   -1.00	0	8	3730613.00	15	7	NULL
real	GR	552	16	15	   -2.00	0	    1.00	1	11	  458.93	-3	7	NULL
real	GL	553	16	15	    0.00	1	   -1.00	1	7	  411.61	-3	7	NULL
real	QR	554	16	-15	   -2.00	0	    1.00	0	9	  661.70	-15	5	NULL
real	BL	555	16	15	   -3.00	0	    1.00	1	8	  556.63	-15	7	NULL
real	OR	556	16	-15	   -4.00	1	   -1.00	0	8	3767864.00	15	5	NULL
real	MR	557	16	-15	   -4.00	0	    1.00	1	7	3774699.00	-3	0	NULL
real	KR	558	16	-15	   -4.00	0	    1.00	1	7	3791171.00	15	0	NULL
real	NR	559	16	15	   -1.00	0	    1.00	1	7	3796795.00	-3	0	NULL
real	LL	560	16	15	   -2.00	0	    1.00	1	8	3802502.00	15	0	NULL
real	BR	561	16	15	   -3.00	0	    1.00	1	11	  440.24	-15	7	NULL
real	QL	562	16	-15	   -3.00	1	   -1.00	0	9	  648.33	-15	5	NULL
real	AL	563	16	-15	   -3.00	0	    1.00	1	12	  432.70	-15	7	NULL
real	HL	564	16	15	    0.00	1	   -1.00	1	9	  996.95	-3	5	NULL
real	LR	565	16	15	   -3.00	0	    1.00	1	7	3933931.00	15	0	NULL
real	ML	566	16	-15	   -3.00	0	    1.00	1	8	3939312.00	-3	0	NULL
real	RR	567	16	15	   -3.00	0	    1.00	1	7	  603.56	-15	5	NULL
real	KL	568	16	-15	   -5.00	1	   -1.00	0	7	3947867.00	15	0	NULL
real	PL	569	16	15	   -2.00	1	   -1.00	0	7	3952125.00	15	5	NULL
real	JR	570	16	15	   -2.00	1	   -1.00	1	10	3956201.00	-15	0	NULL
real	DR	571	16	15	   -1.00	1	   -1.00	0	6	3960124.00	15	7	NULL
real	AR	572	16	-15	   -3.00	0	    1.00	0	9	  633.05	-15	7	NULL
real	HR	573	16	15	   -2.00	0	    1.00	1	11	  518.28	-3	5	NULL
real	ER	574	16	-15	   -4.00	1	   -1.00	1	8	  825.21	-3	7	NULL
real	CL	575	16	-15	   -4.00	1	   -1.00	1	7	3994546.00	15	7	NULL
real	EL	576	16	-15	   -4.00	0	    1.00	1	8	  528.30	-3	7	NULL
real	PL	577	17	15	   -3.00	0	    1.00	1	8	4003906.00	15	5	NULL
real	OR	578	17	-15	   -5.00	0	    1.00	1	9	4008685.00	15	5	NULL
real	GR	579	17	15	   -1.00	1	   -1.00	1	12	  416.07	-3	7	NULL
real	NL	580	17	15	   -1.00	1	   -1.00	0	11	4018200.00	-3	0	NULL
real	MR	581	17	-15	   -3.00	1	   -1.00	1	8	4022335.00	-3	0	NULL
real	KR	582	17	-15	   -3.00	1	   -1.00	1	8	4026711.00	15	0	NULL
real	GL	583	17	15	   -1.00	0	    1.00	1	8	  602.61	-3	7	NULL
real	IL	584	17	-15	   -2.00	1	   -1.00	1	9	4037480.00	-15	0	NULL
real	ER	585	17	-15	   -5.00	0	    1.00	1	9	  421.41	-3	7	NULL
real	JL	586	17	15	   -2.00	0	    1.00	0	10	4049504.00	-15	0	NULL
real	FR	587	17	-15	   -4.00	0	    1.00	1	11	  652.00	-3	5	NULL
real	KL	588	17	-15	   -6.00	0	    1.00	1	8	4059374.00	15	0	NULL
real	LR	589	17	15	   -2.00	0	    1.00	0	7	4064355.00	15	0	NULL
real	CL	590	17	-15	   -5.00	0	    1.00	1	8	4069731.00	15	7	NULL
real	BL	591	17	15	   -2.00	1	   -1.00	1	9	  479.62	-15	7	NULL
real	HR	592	17	15	   -1.00	0	    1.00	0	11	  626.85	-3	5	NULL
real	LL	593	17	15	   -1.00	1	   -1.00	1	9	4083868.00	15	0	NULL
real	ML	594	17	-15	   -2.00	1	   -1.00	1	9	4088502.00	-3	0	NULL
real	HL	595	17	15	   -1.00	0	    1.00	1	10	  769.82	-3	5	NULL
real	DL	596	17	15	    0.00	1	   -1.00	1	9	4100983.00	15	7	NULL
real	EL	597	17	-15	   -3.00	0	    1.00	0	8	  430.55	-3	7	NULL
real	FL	598	17	-15	   -4.00	0	    1.00	1	8	  471.96	-3	5	NULL
real	QR	599	17	-15	   -1.00	1	   -1.00	1	10	  458.04	-15	5	NULL
real	PR	600	17	15	    0.00	1	   -1.00	1	10	4130043.00	15	5	NULL
real	AR	601	17	-15	   -2.00	1	   -1.00	1	10	  531.74	-15	7	NULL
real	OL	602	17	-15	   -4.00	0	    1.00	1	10	4139316.00	15	5	NULL
real	BR	603	17	15	   -2.00	1	   -1.00	1	12	 1055.68	-15	7	NULL
real	RL	604	17	15	   -2.00	1	   -1.00	0	9	  519.48	-15	5	NULL
real	QL	605	17	-15	   -4.00	0	    1.00	1	10	  537.75	-15	5	NULL
real	IR	606	17	-15	   -3.00	0	    1.00	1	9	4163896.00	-15	0	NULL
real	DR	607	17	15	   -2.00	0	    1.00	1	7	4174977.00	15	7	NULL
real	NR	608	17	15	    0.00	0	    1.00	0	7	4183004.00	-3	0	NULL
real	RR	609	17	15	   -2.00	0	    1.00	0	7	  610.23	-15	5	NULL
real	CR	610	17	-15	   -5.00	0	    1.00	1	9	4198663.00	15	7	NULL
real	JR	611	17	15	   -3.00	0	    1.00	1	11	4205988.00	-15	0	NULL
real	LR	612	18	15	   -1.00	1	   -1.00	1	8	4220301.00	15	0	NULL
real	QR	613	18	-15	   -2.00	0	    1.00	1	11	  999.26	-15	5	NULL
real	ER	614	18	-15	   -4.00	0	    1.00	0	9	  436.92	-3	7	NULL
real	ML	615	18	-15	   -3.00	0	    1.00	1	10	4241445.00	-3	0	NULL
real	NR	616	18	15	    1.00	1	   -1.00	1	8	4246472.00	-3	0	NULL
real	AR	617	18	-15	   -3.00	0	    1.00	1	11	  446.42	-15	7	NULL
real	IR	618	18	-15	   -2.00	0	    1.00	0	9	4261343.00	-15	0	NULL
real	JL	619	18	15	   -1.00	1	   -1.00	1	11	4265797.00	-15	0	NULL
real	MR	620	18	-15	   -4.00	0	    1.00	1	9	4274463.00	-3	0	NULL
real	HR	621	18	15	    0.00	1	   -1.00	1	12	  379.22	-3	5	NULL
real	QL	622	18	-15	   -3.00	0	    1.00	0	10	  779.66	-15	5	NULL
real	KL	623	18	-15	   -5.00	0	    1.00	0	8	4304241.00	15	0	NULL
real	RR	624	18	15	   -1.00	1	   -1.00	1	8	  549.05	-15	5	NULL
real	LL	625	18	15	   -2.00	0	    1.00	1	10	4318229.00	15	0	NULL
real	OR	626	18	-15	   -4.00	0	    1.00	0	9	4324568.00	15	5	NULL
real	RL	627	18	15	   -3.00	0	    1.00	1	10	  508.07	-15	5	NULL
real	OL	628	18	-15	   -3.00	1	   -1.00	1	11	4337783.00	15	5	NULL
real	NL	629	18	15	   -2.00	0	    1.00	1	12	4345605.00	-3	0	NULL
real	CL	630	18	-15	   -4.00	1	   -1.00	1	9	4354120.00	15	7	NULL
real	BL	631	18	15	   -3.00	0	    1.00	1	10	  428.73	-15	7	NULL
real	PL	632	18	15	   -2.00	0	    1.00	0	8	4365584.00	15	5	NULL
real	DL	633	18	15	   -1.00	1	   -1.00	0	9	4371194.00	15	7	NULL
real	KR	634	18	-15	   -4.00	1	   -1.00	0	8	4380058.00	15	0	NULL
real	CR	635	18	-15	   -4.00	1	   -1.00	1	10	4385024.00	15	7	NULL
real	JR	636	18	15	   -2.00	1	   -1.00	1	12	4390146.00	-15	0	NULL
real	HL	637	18	15	    0.00	1	   -1.00	1	11	  484.08	-3	5	NULL
real	PR	638	18	15	   -1.00	0	    1.00	1	11	4404320.00	15	5	NULL
real	DR	639	18	15	   -1.00	0	    1.00	0	7	4413526.00	15	7	NULL
real	EL	640	18	-15	   -2.00	1	   -1.00	1	9	  444.24	-3	7	NULL
real	GL	641	18	15	    0.00	1	   -1.00	1	9	  411.77	-3	7	NULL
real	FL	642	18	-15	   -3.00	1	   -1.00	1	9	  701.05	-3	5	NULL
real	FR	643	18	-15	   -3.00	0	    1.00	0	11	  671.71	-3	5	NULL
real	IL	644	18	-15	   -3.00	0	    1.00	1	10	4455249.00	-15	0	NULL
real	LL	645	19	15	   -1.00	0	    1.00	0	10	4460896.00	15	0	NULL
real	IL	646	19	-15	   -2.00	0	    1.00	0	10	4465132.00	-15	0	NULL
real	FL	647	19	-15	   -4.00	0	    1.00	1	10	  489.80	-3	5	NULL
real	ER	648	19	-15	   -3.00	1	   -1.00	1	10	  506.28	-3	7	NULL
real	MR	649	19	-15	   -3.00	1	   -1.00	1	10	4485858.00	-3	0	NULL
real	AR	650	19	-15	   -2.00	1	   -1.00	1	12	  461.21	-15	7	NULL
real	NR	651	19	15	    0.00	1	   -1.00	0	8	4495872.00	-3	0	NULL
real	KR	652	19	-15	   -5.00	0	    1.00	1	9	4508883.00	15	0	NULL
real	RL	653	19	15	   -2.00	1	   -1.00	1	11	  463.99	-15	5	NULL
real	OL	654	19	-15	   -4.00	0	    1.00	1	12	4522400.00	15	5	NULL
real	PL	655	19	15	   -1.00	0	    1.00	0	8	4529890.00	15	5	NULL
real	RR	656	19	15	   -2.00	0	    1.00	1	9	  943.26	-15	5	NULL
real	CR	657	19	-15	   -5.00	0	    1.00	1	11	4552469.00	15	7	NULL
real	IR	658	19	-15	   -1.00	1	   -1.00	1	10	4556845.00	-15	0	NULL
real	BL	659	19	15	   -2.00	0	    1.00	0	10	  442.76	-15	7	NULL
real	QL	660	19	-15	   -2.00	1	   -1.00	1	11	  427.72	-15	5	NULL
real	DR	661	19	15	    0.00	1	   -1.00	1	8	4572319.00	15	7	NULL
real	KL	662	19	-15	   -4.00	1	   -1.00	1	9	4585152.00	15	0	NULL
real	CL	663	19	-15	   -5.00	0	    1.00	1	10	4590983.00	15	7	NULL
real	FR	664	19	-15	   -2.00	1	   -1.00	1	12	  391.05	-3	5	NULL
real	PR	665	19	15	    0.00	1	   -1.00	1	12	4611123.00	15	5	NULL
real	QR	666	19	-15	   -1.00	1	   -1.00	1	12	  429.93	-15	5	NULL
real	EL	667	19	-15	   -3.00	0	    1.00	1	10	  427.07	-3	7	NULL
real	JL	668	19	15	   -2.00	0	    1.00	1	12	4632545.00	-15	0	NULL
real	OR	669	19	-15	   -3.00	1	   -1.00	1	10	4637393.00	15	5	NULL
real	LR	670	19	15	   -2.00	0	    1.00	1	9	4646879.00	15	0	NULL
real	DL	671	19	15	   -2.00	0	    1.00	1	10	4655418.00	15	7	NULL
real	HL	672	19	15	   -1.00	0	    1.00	1	12	  522.80	-3	5	NULL
real	ML	673	19	-15	   -2.00	1	   -1.00	1	11	4671834.00	-3	0	NULL
real	GL	674	19	15	   -1.00	0	    1.00	1	10	  464.70	-3	7	NULL
real	PL	675	20	15	    0.00	1	   -1.00	1	9	4685193.00	15	5	NULL
real	RL	676	20	15	   -3.00	0	    1.00	1	12	  640.82	-15	5	NULL
real	QL	677	20	-15	   -3.00	0	    1.00	1	12	  443.47	-15	5	NULL
real	CR	678	20	-15	   -4.00	0	    1.00	0	11	4740582.00	15	7	NULL
real	LL	679	20	15	    0.00	1	   -1.00	1	11	4745402.00	15	0	NULL
real	ER	680	20	-15	   -4.00	0	    1.00	1	11	  384.58	-3	7	NULL
real	IR	681	20	-15	   -2.00	0	    1.00	1	11	4754545.00	-15	0	NULL
real	FL	682	20	-15	   -3.00	1	   -1.00	1	11	  427.26	-3	5	NULL
real	LR	683	20	15	   -1.00	0	    1.00	0	9	4763595.00	15	0	NULL
real	DR	684	20	15	   -1.00	1	   -1.00	0	8	4774823.00	15	7	NULL
real	NR	685	20	15	   -1.00	1	   -1.00	0	8	4779600.00	-3	0	NULL
real	BL	686	20	15	   -1.00	1	   -1.00	1	11	  430.02	-15	7	NULL
real	KL	687	20	-15	   -5.00	0	    1.00	1	10	4790186.00	15	0	NULL
real	MR	688	20	-15	   -4.00	0	    1.00	1	11	4802738.00	-3	0	NULL
real	OR	689	20	-15	   -4.00	0	    1.00	1	11	4970209.00	15	5	NULL
real	IL	690	20	-15	   -1.00	1	   -1.00	1	11	4978236.00	-15	0	NULL
real	ML	691	20	-15	   -3.00	0	    1.00	1	12	4983017.00	-3	0	NULL
real	RR	692	20	15	   -1.00	1	   -1.00	1	10	  922.43	-15	5	NULL
real	EL	693	20	-15	   -2.00	1	   -1.00	1	11	  444.79	-3	7	NULL
real	GL	694	20	15	    0.00	1	   -1.00	1	11	  316.61	-3	7	NULL
real	KR	695	20	-15	   -4.00	0	    1.00	0	9	5000744.00	15	0	NULL
real	CL	696	20	-15	   -4.00	0	    1.00	0	10	5006864.00	15	7	NULL
real	DL	697	20	15	   -1.00	1	   -1.00	1	11	5012579.00	15	7	NULL
real	OR	698	21	-15	   -3.00	1	   -1.00	1	12	5017385.00	15	5	NULL
real	PL	699	21	15	   -1.00	0	    1.00	1	10	5026735.00	15	5	NULL
real	CL	700	21	-15	   -3.00	1	   -1.00	1	11	5032979.00	15	7	NULL
real	KL	701	21	-15	   -4.00	0	    1.00	0	10	5037946.00	15	0	NULL
real	LL	702	21	15	   -1.00	0	    1.00	1	12	5046485.00	15	0	NULL
real	MR	703	21	-15	   -3.00	0	    1.00	0	11	5056532.00	-3	0	NULL
real	CR	704	21	-15	   -3.00	1	   -1.00	1	12	5060970.00	15	7	NULL
real	DR	705	21	15	   -2.00	0	    1.00	1	9	5068583.00	15	7	NULL
real	NR	706	21	15	   -2.00	0	    1.00	1	9	5073420.00	-3	0	NULL
real	RR	707	21	15	   -2.00	1	   -1.00	0	10	  380.75	-15	5	NULL
real	FL	708	21	-15	   -4.00	0	    1.00	1	12	  362.42	-3	5	NULL
real	LR	709	21	15	    0.00	1	   -1.00	1	10	5088647.00	15	0	NULL
real	IL	710	21	-15	   -2.00	0	    1.00	1	12	5097992.00	-15	0	NULL
real	GL	711	21	15	   -1.00	0	    1.00	1	12	  497.32	-3	7	NULL
real	EL	712	21	-15	   -3.00	1	   -1.00	0	11	  720.52	-3	7	NULL
real	DL	713	21	15	   -2.00	0	    1.00	1	12	5121450.00	15	7	NULL
real	IR	714	21	-15	   -1.00	1	   -1.00	1	12	5125422.00	-15	0	NULL
real	BL	715	21	15	   -2.00	0	    1.00	1	12	  492.67	-15	7	NULL
real	ER	716	21	-15	   -3.00	1	   -1.00	1	12	  531.58	-3	7	NULL
real	KR	717	21	-15	   -3.00	1	   -1.00	1	10	5138197.00	15	0	NULL
real	EL	718	22	-15	   -4.00	0	    1.00	1	12	  710.31	-3	7	NULL
real	PL	719	22	15	    0.00	1	   -1.00	1	11	5148690.00	15	5	NULL
real	KL	720	22	-15	   -3.00	1	   -1.00	1	11	5153462.00	15	0	NULL
real	NR	721	22	15	   -1.00	1	   -1.00	1	10	5158708.00	-3	0	NULL
real	MR	722	22	-15	   -2.00	1	   -1.00	1	12	5170263.00	-3	0	NULL
real	RR	723	22	15	   -3.00	0	    1.00	1	11	  568.55	-15	5	NULL
real	LR	724	22	15	   -1.00	1	   -1.00	0	10	5179086.00	15	0	NULL
real	KR	725	22	-15	   -4.00	0	    1.00	1	11	5201725.00	15	0	NULL
real	DR	726	22	15	   -1.00	0	    1.00	0	9	5206877.00	15	7	NULL
real	CL	727	22	-15	   -4.00	1	   -1.00	0	11	5211588.00	15	7	NULL
real	LR	728	23	15	   -2.00	0	    1.00	1	11	5215956.00	15	0	NULL
real	RR	729	23	15	   -2.00	1	   -1.00	1	12	  378.65	-15	5	NULL
real	CL	730	23	-15	   -5.00	0	    1.00	1	12	5228790.00	15	7	NULL
real	KL	731	23	-15	   -4.00	1	   -1.00	0	11	5233311.00	15	0	NULL
real	PL	732	23	15	   -1.00	1	   -1.00	0	11	5238272.00	15	5	NULL
real	KR	733	23	-15	   -3.00	1	   -1.00	1	12	5245747.00	15	0	NULL
real	DR	734	23	15	    0.00	0	    1.00	0	9	5250515.00	15	7	NULL
real	NR	735	23	15	   -2.00	0	    1.00	1	11	5255235.00	-3	0	NULL
real	PL	736	24	15	   -2.00	0	    1.00	1	12	5262010.00	15	5	NULL
real	DR	737	24	15	    1.00	1	   -1.00	1	10	5266824.00	15	7	NULL
real	LR	738	24	15	   -1.00	0	    1.00	0	11	5271655.00	15	0	NULL
real	KL	739	24	-15	   -5.00	0	    1.00	1	12	5282092.00	15	0	NULL
real	NR	740	24	15	   -1.00	1	   -1.00	1	12	5286787.00	-3	0	NULL
real	LR	741	25	15	    0.00	1	   -1.00	1	12	5295726.00	15	0	NULL
real	DR	742	25	15	    0.00	1	   -1.00	0	10	5301167.00	15	7	NULL
real	DR	743	26	15	   -1.00	1	   -1.00	0	10	5318256.00	15	7	NULL
real	DR	744	27	15	   -2.00	1	   -1.00	0	10	5325834.00	15	7	NULL
real	DR	745	28	15	   -3.00	0	    1.00	1	11	5331329.00	15	7	NULL
real	DR	746	29	15	   -2.00	0	    1.00	0	11	5342179.00	15	7	NULL
real	DR	747	30	15	   -1.00	1	   -1.00	1	12	5350081.00	15	7	NULL
