TRIAL_TYPE	trial_variant	TRIAL_NUMBER	TRIAL_ITERATION_VAL	frame_tilt	rod_tilt	response	step_size	reversal	reversal_num	RT	probe_del	alpha_entrain_refreshes	rod_tilt_val
real	HR	1	1	15	   20.00	1	   -8.00	0	0	 8673.39	-3	5	NULL
real	IL	2	1	-15	  -20.00	0	    8.00	0	0	576171.00	-15	0	NULL
real	ML	3	1	-15	  -20.00	0	    8.00	0	0	618097.00	-3	0	NULL
real	NL	4	1	15	  -20.00	0	    8.00	0	0	622948.00	-3	0	NULL
real	BL	5	1	15	  -20.00	0	    8.00	0	0	  674.01	-15	7	NULL
real	CL	6	1	-15	  -20.00	0	    8.00	0	0	636647.00	15	7	NULL
real	PR	7	1	15	   20.00	1	   -8.00	0	0	642397.00	15	5	NULL
real	GR	8	1	15	   20.00	1	   -8.00	0	0	  615.96	-3	7	NULL
real	RR	9	1	15	   20.00	1	   -8.00	0	0	  585.01	-15	5	NULL
real	KR	10	1	-15	   20.00	1	   -8.00	0	0	669919.00	15	0	NULL
real	LL	11	1	15	  -20.00	0	    8.00	0	0	674874.00	15	0	NULL
real	QL	12	1	-15	  -20.00	0	    8.00	0	0	 1042.13	-15	5	NULL
real	QR	13	1	-15	   20.00	1	   -8.00	0	0	  466.57	-15	5	NULL
real	EL	14	1	-15	  -20.00	0	    8.00	0	0	  399.30	-3	7	NULL
real	PL	15	1	15	  -20.00	0	    8.00	0	0	700596.00	15	5	NULL
real	RL	16	1	15	  -20.00	0	    8.00	0	0	  685.24	-15	5	NULL
real	CR	17	1	-15	   20.00	1	   -8.00	0	0	711255.00	15	7	NULL
real	ER	18	1	-15	   20.00	1	   -8.00	0	0	  451.50	-3	7	NULL
real	JR	19	1	15	   20.00	1	   -8.00	0	0	722594.00	-15	0	NULL
real	JL	20	1	15	  -20.00	0	    8.00	0	0	734159.00	-15	0	NULL
real	DL	21	1	15	  -20.00	0	    8.00	0	0	738502.00	15	7	NULL
real	MR	22	1	-15	   20.00	1	   -8.00	0	0	743547.00	-3	0	NULL
real	OR	23	1	-15	   20.00	1	   -8.00	0	0	748313.00	15	5	NULL
real	BR	24	1	15	   20.00	1	   -8.00	0	0	  416.75	-15	7	NULL
real	LR	25	1	15	   20.00	1	   -8.00	0	0	756242.00	15	0	NULL
real	AR	26	1	-15	   20.00	1	   -8.00	0	0	 1822.87	-15	7	NULL
real	GL	27	1	15	  -20.00	0	    8.00	0	0	  464.90	-3	7	NULL
real	HL	28	1	15	  -20.00	0	    8.00	0	0	  365.81	-3	5	NULL
real	AL	29	1	-15	  -20.00	0	    8.00	0	0	  827.53	-15	7	NULL
real	IR	30	1	-15	   20.00	1	   -8.00	0	0	803263.00	-15	0	NULL
real	KL	31	1	-15	  -20.00	0	    8.00	0	0	808345.00	15	0	NULL
real	FL	32	1	-15	  -20.00	0	    8.00	0	0	  515.12	-3	5	NULL
real	OL	33	1	-15	  -20.00	0	    8.00	0	0	817225.00	15	5	NULL
real	FR	34	1	-15	   20.00	1	   -8.00	0	0	  369.73	-3	5	NULL
real	NR	35	1	15	   20.00	1	   -8.00	0	0	826136.00	-3	0	NULL
real	DR	36	1	15	   20.00	1	   -8.00	0	0	832875.00	15	7	NULL
real	NR	37	2	15	   12.00	1	   -8.00	0	0	837195.00	-3	0	NULL
real	HL	38	2	15	  -12.00	0	    8.00	0	0	  335.85	-3	5	NULL
real	BL	39	2	15	  -12.00	0	    8.00	0	0	  734.43	-15	7	NULL
real	ML	40	2	-15	  -12.00	0	    8.00	0	0	852886.00	-3	0	NULL
real	JL	41	2	15	  -12.00	0	    8.00	0	0	872178.00	-15	0	NULL
real	QL	42	2	-15	  -12.00	0	    8.00	0	0	  548.13	-15	5	NULL
real	LR	43	2	15	   12.00	1	   -8.00	0	0	906571.00	15	0	NULL
real	CR	44	2	-15	   12.00	1	   -8.00	0	0	914789.00	15	7	NULL
real	DL	45	2	15	  -12.00	0	    8.00	0	0	926741.00	15	7	NULL
real	ER	46	2	-15	   12.00	1	   -8.00	0	0	  357.53	-3	7	NULL
real	KL	47	2	-15	  -12.00	0	    8.00	0	0	946554.00	15	0	NULL
real	BR	48	2	15	   12.00	1	   -8.00	0	0	  612.75	-15	7	NULL
real	KR	49	2	-15	   12.00	0	    4.00	1	1	966911.00	15	0	NULL
real	JR	50	2	15	   12.00	1	   -8.00	0	0	976759.00	-15	0	NULL
real	RL	51	2	15	  -12.00	0	    8.00	0	0	  399.72	-15	5	NULL
real	GR	52	2	15	   12.00	1	   -8.00	0	0	  400.67	-3	7	NULL
real	FR	53	2	-15	   12.00	0	    4.00	1	1	  335.75	-3	5	NULL
real	IR	54	2	-15	   12.00	1	   -8.00	0	0	1018880.00	-15	0	NULL
real	DR	55	2	15	   12.00	1	   -8.00	0	0	1023842.00	15	7	NULL
real	OR	56	2	-15	   12.00	1	   -8.00	0	0	1031080.00	15	5	NULL
real	FL	57	2	-15	  -12.00	0	    8.00	0	0	  477.83	-3	5	NULL
real	CL	58	2	-15	  -12.00	0	    8.00	0	0	1040198.00	15	7	NULL
real	GL	59	2	15	  -12.00	0	    8.00	0	0	  500.98	-3	7	NULL
real	EL	60	2	-15	  -12.00	0	    8.00	0	0	  364.07	-3	7	NULL
real	LL	61	2	15	  -12.00	0	    8.00	0	0	1060350.00	15	0	NULL
real	RR	62	2	15	   12.00	1	   -8.00	0	0	  822.58	-15	5	NULL
real	PL	63	2	15	  -12.00	0	    8.00	0	0	1091686.00	15	5	NULL
real	IL	64	2	-15	  -12.00	0	    8.00	0	0	1095616.00	-15	0	NULL
real	MR	65	2	-15	   12.00	1	   -8.00	0	0	1099969.00	-3	0	NULL
real	AR	66	2	-15	   12.00	1	   -8.00	0	0	  615.82	-15	7	NULL
real	PR	67	2	15	   12.00	1	   -8.00	0	0	1111844.00	15	5	NULL
real	QR	68	2	-15	   12.00	1	   -8.00	0	0	  577.27	-15	5	NULL
real	AL	69	2	-15	  -12.00	0	    8.00	0	0	  452.68	-15	7	NULL
real	OL	70	2	-15	  -12.00	0	    8.00	0	0	1130758.00	15	5	NULL
real	NL	71	2	15	  -12.00	0	    8.00	0	0	1146388.00	-3	0	NULL
real	HR	72	2	15	   12.00	1	   -8.00	0	0	  454.29	-3	5	NULL
