TRIAL_TYPE	trial_variant	TRIAL_NUMBER	TRIAL_ITERATION_VAL	frame_tilt	rod_tilt	response	step_size	reversal	reversal_num	RT	probe_del	alpha_entrain_refreshes	rod_tilt_val
real	QL	1	1	-15	  -20.00	0	    8.00	0	0	 3661.86	-15	5	NULL
real	NL	2	1	15	  -20.00	0	    8.00	0	0	374648.00	-3	0	NULL
real	KR	3	1	-15	   20.00	1	   -8.00	0	0	381559.00	15	0	NULL
real	CR	4	1	-15	   20.00	1	   -8.00	0	0	387172.00	15	7	NULL
real	PL	5	1	15	  -20.00	0	    8.00	0	0	391774.00	15	5	NULL
real	GR	6	1	15	   20.00	1	   -8.00	0	0	  510.91	-3	7	NULL
real	OL	7	1	-15	  -20.00	0	    8.00	0	0	475022.00	15	5	NULL
real	MR	8	1	-15	   20.00	1	   -8.00	0	0	479339.00	-3	0	NULL
real	ML	9	1	-15	  -20.00	0	    8.00	0	0	484351.00	-3	0	NULL
real	GL	10	1	15	  -20.00	0	    8.00	0	0	  495.58	-3	7	NULL
real	ER	11	1	-15	   20.00	1	   -8.00	0	0	  482.38	-3	7	NULL
real	RR	12	1	15	   20.00	1	   -8.00	0	0	  430.89	-15	5	NULL
real	HL	13	1	15	  -20.00	0	    8.00	0	0	  408.92	-3	5	NULL
real	IL	14	1	-15	  -20.00	0	    8.00	0	0	505800.00	-15	0	NULL
real	NR	15	1	15	   20.00	1	   -8.00	0	0	512348.00	-3	0	NULL
real	RL	16	1	15	  -20.00	0	    8.00	0	0	  395.48	-15	5	NULL
real	HR	17	1	15	   20.00	1	   -8.00	0	0	  445.29	-3	5	NULL
real	PR	18	1	15	   20.00	1	   -8.00	0	0	527563.00	15	5	NULL
real	OR	19	1	-15	   20.00	1	   -8.00	0	0	534382.00	15	5	NULL
real	BL	20	1	15	  -20.00	0	    8.00	0	0	  732.39	-15	7	NULL
real	JL	21	1	15	  -20.00	0	    8.00	0	0	541993.00	-15	0	NULL
real	AL	22	1	-15	  -20.00	0	    8.00	0	0	  434.53	-15	7	NULL
real	LL	23	1	15	  -20.00	0	    8.00	0	0	557721.00	15	0	NULL
real	CL	24	1	-15	  -20.00	0	    8.00	0	0	561581.00	15	7	NULL
real	KL	25	1	-15	  -20.00	0	    8.00	0	0	565481.00	15	0	NULL
real	EL	26	1	-15	  -20.00	0	    8.00	0	0	  398.34	-3	7	NULL
real	AR	27	1	-15	   20.00	1	   -8.00	0	0	  388.72	-15	7	NULL
real	BR	28	1	15	   20.00	1	   -8.00	0	0	  431.20	-15	7	NULL
real	FR	29	1	-15	   20.00	1	   -8.00	0	0	  438.04	-3	5	NULL
real	JR	30	1	15	   20.00	1	   -8.00	0	0	593212.00	-15	0	NULL
real	FL	31	1	-15	  -20.00	0	    8.00	0	0	  364.34	-3	5	NULL
real	DR	32	1	15	   20.00	1	   -8.00	0	0	604410.00	15	7	NULL
real	LR	33	1	15	   20.00	1	   -8.00	0	0	610882.00	15	0	NULL
real	QR	34	1	-15	   20.00	1	   -8.00	0	0	  367.11	-15	5	NULL
real	DL	35	1	15	  -20.00	0	    8.00	0	0	618760.00	15	7	NULL
real	IR	36	1	-15	   20.00	1	   -8.00	0	0	623481.00	-15	0	NULL
real	AL	37	2	-15	  -12.00	0	    8.00	0	0	  412.97	-15	7	NULL
real	LR	38	2	15	   12.00	1	   -8.00	0	0	636970.00	15	0	NULL
real	PL	39	2	15	  -12.00	0	    8.00	0	0	642073.00	15	5	NULL
real	RR	40	2	15	   12.00	1	   -8.00	0	0	 1057.33	-15	5	NULL
real	IR	41	2	-15	   12.00	1	   -8.00	0	0	652006.00	-15	0	NULL
real	RL	42	2	15	  -12.00	0	    8.00	0	0	 1130.72	-15	5	NULL
real	QL	43	2	-15	  -12.00	0	    8.00	0	0	  370.76	-15	5	NULL
real	LL	44	2	15	  -12.00	0	    8.00	0	0	664430.00	15	0	NULL
real	JL	45	2	15	  -12.00	0	    8.00	0	0	668238.00	-15	0	NULL
real	OL	46	2	-15	  -12.00	0	    8.00	0	0	675937.00	15	5	NULL
real	OR	47	2	-15	   12.00	1	   -8.00	0	0	683055.00	15	5	NULL
real	CR	48	2	-15	   12.00	1	   -8.00	0	0	688109.00	15	7	NULL
real	KR	49	2	-15	   12.00	1	   -8.00	0	0	692123.00	15	0	NULL
real	GR	50	2	15	   12.00	1	   -8.00	0	0	  343.74	-3	7	NULL
real	FL	51	2	-15	  -12.00	0	    8.00	0	0	  333.96	-3	5	NULL
real	QR	52	2	-15	   12.00	1	   -8.00	0	0	  438.11	-15	5	NULL
real	BR	53	2	15	   12.00	1	   -8.00	0	0	  387.67	-15	7	NULL
real	GL	54	2	15	  -12.00	0	    8.00	0	0	  398.82	-3	7	NULL
real	DR	55	2	15	   12.00	1	   -8.00	0	0	829590.00	15	7	NULL
real	ER	56	2	-15	   12.00	1	   -8.00	0	0	  522.20	-3	7	NULL
real	AR	57	2	-15	   12.00	1	   -8.00	0	0	  531.58	-15	7	NULL
real	NL	58	2	15	  -12.00	0	    8.00	0	0	844347.00	-3	0	NULL
real	EL	59	2	-15	  -12.00	0	    8.00	0	0	  427.33	-3	7	NULL
real	HL	60	2	15	  -12.00	0	    8.00	0	0	  383.41	-3	5	NULL
real	PR	61	2	15	   12.00	1	   -8.00	0	0	860158.00	15	5	NULL
real	KL	62	2	-15	  -12.00	0	    8.00	0	0	864583.00	15	0	NULL
real	DL	63	2	15	  -12.00	0	    8.00	0	0	868729.00	15	7	NULL
real	NR	64	2	15	   12.00	1	   -8.00	0	0	873947.00	-3	0	NULL
real	JR	65	2	15	   12.00	1	   -8.00	0	0	878450.00	-15	0	NULL
real	FR	66	2	-15	   12.00	1	   -8.00	0	0	  391.87	-3	5	NULL
real	HR	67	2	15	   12.00	1	   -8.00	0	0	  373.50	-3	5	NULL
real	CL	68	2	-15	  -12.00	0	    8.00	0	0	893100.00	15	7	NULL
real	ML	69	2	-15	  -12.00	0	    8.00	0	0	897103.00	-3	0	NULL
real	IL	70	2	-15	  -12.00	0	    8.00	0	0	900812.00	-15	0	NULL
real	MR	71	2	-15	   12.00	1	   -8.00	0	0	905420.00	-3	0	NULL
real	BL	72	2	15	  -12.00	0	    8.00	0	0	  930.41	-15	7	NULL
real	QR	73	3	-15	    4.00	1	   -8.00	0	0	  605.38	-15	5	NULL
real	ER	74	3	-15	    4.00	1	   -8.00	0	0	  454.22	-3	7	NULL
real	MR	75	3	-15	    4.00	1	   -8.00	0	0	926182.00	-3	0	NULL
real	RL	76	3	15	   -4.00	0	    8.00	0	0	  583.38	-15	5	NULL
real	BR	77	3	15	    4.00	1	   -8.00	0	0	  525.58	-15	7	NULL
real	IL	78	3	-15	   -4.00	0	    8.00	0	0	942177.00	-15	0	NULL
real	ML	79	3	-15	   -4.00	0	    8.00	0	0	948352.00	-3	0	NULL
real	HR	80	3	15	    4.00	1	   -8.00	0	0	  654.00	-3	5	NULL
real	FR	81	3	-15	    4.00	1	   -8.00	0	0	 1539.44	-3	5	NULL
real	JR	82	3	15	    4.00	1	   -8.00	0	0	962440.00	-15	0	NULL
real	BL	83	3	15	   -4.00	0	    8.00	0	0	  791.93	-15	7	NULL
real	AL	84	3	-15	   -4.00	0	    8.00	0	0	  661.93	-15	7	NULL
real	DR	85	3	15	    4.00	1	   -8.00	0	0	975726.00	15	7	NULL
real	OL	86	3	-15	   -4.00	0	    8.00	0	0	980299.00	15	5	NULL
real	LR	87	3	15	    4.00	1	   -8.00	0	0	987138.00	15	0	NULL
real	CL	88	3	-15	   -4.00	0	    8.00	0	0	993401.00	15	7	NULL
real	IR	89	3	-15	    4.00	1	   -8.00	0	0	997424.00	-15	0	NULL
real	NL	90	3	15	   -4.00	0	    8.00	0	0	1001731.00	-3	0	NULL
real	QL	91	3	-15	   -4.00	0	    8.00	0	0	 1090.09	-15	5	NULL
real	NR	92	3	15	    4.00	1	   -8.00	0	0	1010111.00	-3	0	NULL
real	PR	93	3	15	    4.00	1	   -8.00	0	0	1014513.00	15	5	NULL
real	HL	94	3	15	   -4.00	0	    8.00	0	0	  413.84	-3	5	NULL
real	PL	95	3	15	   -4.00	0	    8.00	0	0	1024138.00	15	5	NULL
real	DL	96	3	15	   -4.00	0	    8.00	0	0	1027999.00	15	7	NULL
real	FL	97	3	-15	   -4.00	0	    8.00	0	0	  380.11	-3	5	NULL
real	GL	98	3	15	   -4.00	0	    8.00	0	0	  375.77	-3	7	NULL
real	KR	99	3	-15	    4.00	1	   -8.00	0	0	1040662.00	15	0	NULL
real	RR	100	3	15	    4.00	1	   -8.00	0	0	  415.53	-15	5	NULL
real	OR	101	3	-15	    4.00	1	   -8.00	0	0	1048184.00	15	5	NULL
real	JL	102	3	15	   -4.00	0	    8.00	0	0	1052060.00	-15	0	NULL
real	AR	103	3	-15	    4.00	1	   -8.00	0	0	  570.94	-15	7	NULL
real	CR	104	3	-15	    4.00	1	   -8.00	0	0	1063158.00	15	7	NULL
real	KL	105	3	-15	   -4.00	0	    8.00	0	0	1070256.00	15	0	NULL
real	GR	106	3	15	    4.00	1	   -8.00	0	0	  456.88	-3	7	NULL
real	LL	107	3	15	   -4.00	0	    8.00	0	0	1077682.00	15	0	NULL
real	EL	108	3	-15	   -4.00	0	    8.00	0	0	  297.20	-3	7	NULL
real	IL	109	4	-15	    4.00	1	   -4.00	1	1	1085153.00	-15	0	NULL
real	EL	110	4	-15	    4.00	1	   -4.00	1	1	  405.24	-3	7	NULL
real	RR	111	4	15	   -4.00	0	    4.00	1	1	  907.70	-15	5	NULL
real	LL	112	4	15	    4.00	1	   -4.00	1	1	1098346.00	15	0	NULL
real	BL	113	4	15	    4.00	1	   -4.00	1	1	  653.31	-15	7	NULL
real	KR	114	4	-15	   -4.00	0	    4.00	1	1	1106776.00	15	0	NULL
real	GR	115	4	15	   -4.00	0	    4.00	1	1	  381.74	-3	7	NULL
real	CR	116	4	-15	   -4.00	0	    4.00	1	1	1118350.00	15	7	NULL
real	AR	117	4	-15	   -4.00	0	    4.00	1	1	  936.17	-15	7	NULL
real	RL	118	4	15	    4.00	1	   -4.00	1	1	  411.59	-15	5	NULL
real	BR	119	4	15	   -4.00	0	    4.00	1	1	  767.45	-15	7	NULL
real	FR	120	4	-15	   -4.00	0	    4.00	1	1	  411.88	-3	5	NULL
real	JR	121	4	15	   -4.00	0	    4.00	1	1	1139730.00	-15	0	NULL
real	LR	122	4	15	   -4.00	0	    4.00	1	1	1143791.00	15	0	NULL
real	MR	123	4	-15	   -4.00	0	    4.00	1	1	1148045.00	-3	0	NULL
real	NR	124	4	15	   -4.00	0	    4.00	1	1	1152773.00	-3	0	NULL
real	ML	125	4	-15	    4.00	1	   -4.00	1	1	1157795.00	-3	0	NULL
real	PR	126	4	15	   -4.00	0	    4.00	1	1	1162118.00	15	5	NULL
real	HL	127	4	15	    4.00	1	   -4.00	1	1	  388.28	-3	5	NULL
real	QR	128	4	-15	   -4.00	0	    4.00	1	1	  862.46	-15	5	NULL
real	QL	129	4	-15	    4.00	1	   -4.00	1	1	  360.73	-15	5	NULL
real	PL	130	4	15	    4.00	1	   -4.00	1	1	1180245.00	15	5	NULL
real	OL	131	4	-15	    4.00	1	   -4.00	1	1	1184367.00	15	5	NULL
real	NL	132	4	15	    4.00	1	   -4.00	1	1	1188245.00	-3	0	NULL
real	ER	133	4	-15	   -4.00	0	    4.00	1	1	  300.90	-3	7	NULL
real	DR	134	4	15	   -4.00	0	    4.00	1	1	1196233.00	15	7	NULL
real	OR	135	4	-15	   -4.00	0	    4.00	1	1	1200915.00	15	5	NULL
real	CL	136	4	-15	    4.00	0	    8.00	0	0	1204723.00	15	7	NULL
real	IR	137	4	-15	   -4.00	0	    4.00	1	1	1208390.00	-15	0	NULL
real	FL	138	4	-15	    4.00	1	   -4.00	1	1	  477.27	-3	5	NULL
real	KL	139	4	-15	    4.00	1	   -4.00	1	1	1219011.00	15	0	NULL
real	AL	140	4	-15	    4.00	1	   -4.00	1	1	  459.18	-15	7	NULL
real	GL	141	4	15	    4.00	0	    8.00	0	0	  849.47	-3	7	NULL
real	JL	142	4	15	    4.00	1	   -4.00	1	1	1231305.00	-15	0	NULL
real	DL	143	4	15	    4.00	1	   -4.00	1	1	1235808.00	15	7	NULL
real	HR	144	4	15	   -4.00	0	    4.00	1	1	  380.61	-3	5	NULL
real	QL	145	5	-15	    0.00	0	    2.00	1	2	  841.04	-15	5	NULL
real	EL	146	5	-15	    0.00	0	    2.00	1	2	  478.42	-3	7	NULL
real	NR	147	5	15	    0.00	0	    4.00	0	1	1254138.00	-3	0	NULL
real	IL	148	5	-15	    0.00	0	    2.00	1	2	1259201.00	-15	0	NULL
real	PL	149	5	15	    0.00	0	    2.00	1	2	1263322.00	15	5	NULL
real	AL	150	5	-15	    0.00	0	    2.00	1	2	  868.93	-15	7	NULL
real	ER	151	5	-15	    0.00	0	    4.00	0	1	 1346.78	-3	7	NULL
real	QR	152	5	-15	    0.00	0	    4.00	0	1	 1566.91	-15	5	NULL
real	CR	153	5	-15	    0.00	0	    4.00	0	1	1280799.00	15	7	NULL
real	MR	154	5	-15	    0.00	1	   -2.00	1	2	1285212.00	-3	0	NULL
real	NL	155	5	15	    0.00	0	    2.00	1	2	1290835.00	-3	0	NULL
real	GR	156	5	15	    0.00	0	    4.00	0	1	  949.31	-3	7	NULL
real	BR	157	5	15	    0.00	1	   -2.00	1	2	  448.54	-15	7	NULL
real	HR	158	5	15	    0.00	0	    4.00	0	1	  704.71	-3	5	NULL
real	PR	159	5	15	    0.00	0	    4.00	0	1	1312303.00	15	5	NULL
real	KL	160	5	-15	    0.00	1	   -4.00	0	1	1316684.00	15	0	NULL
real	LR	161	5	15	    0.00	0	    4.00	0	1	1324367.00	15	0	NULL
real	IR	162	5	-15	    0.00	0	    4.00	0	1	1328030.00	-15	0	NULL
real	AR	163	5	-15	    0.00	0	    4.00	0	1	  419.93	-15	7	NULL
real	RL	164	5	15	    0.00	1	   -4.00	0	1	  569.95	-15	5	NULL
real	LL	165	5	15	    0.00	1	   -4.00	0	1	1338850.00	15	0	NULL
real	BL	166	5	15	    0.00	0	    2.00	1	2	  649.05	-15	7	NULL
real	RR	167	5	15	    0.00	0	    4.00	0	1	  876.93	-15	5	NULL
real	DL	168	5	15	    0.00	1	   -4.00	0	1	1353973.00	15	7	NULL
real	GL	169	5	15	   12.00	0	    8.00	0	0	  491.66	-3	7	NULL
real	FR	170	5	-15	    0.00	1	   -2.00	1	2	  873.48	-3	5	NULL
real	OR	171	5	-15	    0.00	1	   -2.00	1	2	1366623.00	15	5	NULL
real	FL	172	5	-15	    0.00	1	   -4.00	0	1	  729.29	-3	5	NULL
real	KR	173	5	-15	    0.00	1	   -2.00	1	2	1375581.00	15	0	NULL
real	ML	174	5	-15	    0.00	1	   -4.00	0	1	1379696.00	-3	0	NULL
real	DR	175	5	15	    0.00	1	   -2.00	1	2	1384494.00	15	7	NULL
real	CL	176	5	-15	   12.00	1	   -4.00	1	1	1388492.00	15	7	NULL
real	JL	177	5	15	    0.00	1	   -4.00	0	1	1392132.00	-15	0	NULL
real	HL	178	5	15	    0.00	0	    2.00	1	2	  700.37	-3	5	NULL
real	JR	179	5	15	    0.00	1	   -2.00	1	2	1405983.00	-15	0	NULL
real	OL	180	5	-15	    0.00	0	    2.00	1	2	1410621.00	15	5	NULL
real	MR	181	6	-15	   -2.00	0	    1.00	1	3	1419886.00	-3	0	NULL
real	NL	182	6	15	    2.00	1	   -1.00	1	3	1424844.00	-3	0	NULL
real	IL	183	6	-15	    2.00	1	   -1.00	1	3	1432283.00	-15	0	NULL
real	CR	184	6	-15	    4.00	1	   -2.00	1	2	1436873.00	15	7	NULL
real	IR	185	6	-15	    4.00	1	   -2.00	1	2	1440568.00	-15	0	NULL
real	ML	186	6	-15	   -4.00	0	    2.00	1	2	1444670.00	-3	0	NULL
real	RR	187	6	15	    4.00	1	   -2.00	1	2	  424.28	-15	5	NULL
real	KL	188	6	-15	   -4.00	0	    2.00	1	2	1452311.00	15	0	NULL
real	FR	189	6	-15	   -2.00	0	    1.00	1	3	  409.83	-3	5	NULL
real	BL	190	6	15	    2.00	1	   -1.00	1	3	  603.66	-15	7	NULL
real	NR	191	6	15	    4.00	1	   -2.00	1	2	1475305.00	-3	0	NULL
real	KR	192	6	-15	   -2.00	0	    1.00	1	3	1479477.00	15	0	NULL
real	PR	193	6	15	    4.00	1	   -2.00	1	2	1486611.00	15	5	NULL
real	BR	194	6	15	   -2.00	0	    1.00	1	3	  944.09	-15	7	NULL
real	QL	195	6	-15	    2.00	1	   -1.00	1	3	  562.49	-15	5	NULL
real	DL	196	6	15	   -4.00	0	    2.00	1	2	1508349.00	15	7	NULL
real	HL	197	6	15	    2.00	0	    2.00	0	2	  573.38	-3	5	NULL
real	AR	198	6	-15	    4.00	1	   -2.00	1	2	  442.32	-15	7	NULL
real	OL	199	6	-15	    2.00	1	   -1.00	1	3	1521569.00	15	5	NULL
real	PL	200	6	15	    2.00	0	    2.00	0	2	1526900.00	15	5	NULL
real	LL	201	6	15	   -4.00	0	    2.00	1	2	1531203.00	15	0	NULL
real	CL	202	6	-15	    8.00	1	   -4.00	0	1	1534952.00	15	7	NULL
real	HR	203	6	15	    4.00	1	   -2.00	1	2	  434.76	-3	5	NULL
real	JR	204	6	15	   -2.00	0	    1.00	1	3	1548007.00	-15	0	NULL
real	QR	205	6	-15	    4.00	1	   -2.00	1	2	  881.42	-15	5	NULL
real	FL	206	6	-15	   -4.00	0	    2.00	1	2	  397.03	-3	5	NULL
real	DR	207	6	15	   -2.00	0	    1.00	1	3	1563108.00	15	7	NULL
real	RL	208	6	15	   -4.00	0	    2.00	1	2	  427.52	-15	5	NULL
real	ER	209	6	-15	    4.00	1	   -2.00	1	2	  410.05	-3	7	NULL
real	JL	210	6	15	   -4.00	0	    2.00	1	2	1576232.00	-15	0	NULL
real	EL	211	6	-15	    2.00	1	   -1.00	1	3	  426.35	-3	7	NULL
real	OR	212	6	-15	   -2.00	0	    1.00	1	3	1585278.00	15	5	NULL
real	GR	213	6	15	    4.00	1	   -2.00	1	2	  465.63	-3	7	NULL
real	LR	214	6	15	    4.00	1	   -2.00	1	2	1593840.00	15	0	NULL
real	GL	215	6	15	   20.00	1	   -4.00	1	1	  356.73	-3	7	NULL
real	AL	216	6	-15	    2.00	1	   -1.00	1	3	  591.47	-15	7	NULL
real	DL	217	7	15	   -2.00	0	    2.00	0	2	1616784.00	15	7	NULL
real	MR	218	7	-15	   -1.00	0	    1.00	0	3	1621604.00	-3	0	NULL
real	GR	219	7	15	    2.00	1	   -2.00	0	2	  607.50	-3	7	NULL
real	PR	220	7	15	    2.00	1	   -2.00	0	2	1634720.00	15	5	NULL
real	EL	221	7	-15	    1.00	1	   -1.00	0	3	  610.49	-3	7	NULL
real	LR	222	7	15	    2.00	1	   -2.00	0	2	1642814.00	15	0	NULL
real	JL	223	7	15	   -2.00	0	    2.00	0	2	1648803.00	-15	0	NULL
real	RL	224	7	15	   -2.00	0	    2.00	0	2	  484.92	-15	5	NULL
real	PL	225	7	15	    4.00	1	   -1.00	1	3	1659596.00	15	5	NULL
real	ML	226	7	-15	   -2.00	0	    2.00	0	2	1664505.00	-3	0	NULL
real	KL	227	7	-15	   -2.00	0	    2.00	0	2	1670580.00	15	0	NULL
real	OR	228	7	-15	   -1.00	0	    1.00	0	3	1674467.00	15	5	NULL
real	AR	229	7	-15	    2.00	0	    1.00	1	3	  550.75	-15	7	NULL
real	IR	230	7	-15	    2.00	1	   -2.00	0	2	1685453.00	-15	0	NULL
real	BR	231	7	15	   -1.00	0	    1.00	0	3	  398.84	-15	7	NULL
real	CR	232	7	-15	    2.00	1	   -2.00	0	2	1693792.00	15	7	NULL
real	RR	233	7	15	    2.00	1	   -2.00	0	2	  770.24	-15	5	NULL
real	QL	234	7	-15	    1.00	1	   -1.00	0	3	  644.51	-15	5	NULL
real	NR	235	7	15	    2.00	0	    1.00	1	3	1999994.00	-3	0	NULL
real	CL	236	7	-15	    4.00	1	   -4.00	0	1	2003756.00	15	7	NULL
real	GL	237	7	15	   16.00	1	   -4.00	0	1	  383.42	-3	7	NULL
real	NL	238	7	15	    1.00	0	    1.00	1	4	2011062.00	-3	0	NULL
real	QR	239	7	-15	    2.00	1	   -2.00	0	2	  480.74	-15	5	NULL
real	HR	240	7	15	    2.00	1	   -2.00	0	2	  751.16	-3	5	NULL
real	DR	241	7	15	   -1.00	0	    1.00	0	3	2022745.00	15	7	NULL
real	JR	242	7	15	   -1.00	0	    1.00	0	3	2026740.00	-15	0	NULL
real	HL	243	7	15	    4.00	1	   -1.00	1	3	  389.23	-3	5	NULL
real	AL	244	7	-15	    1.00	1	   -1.00	0	3	  611.42	-15	7	NULL
real	FR	245	7	-15	   -1.00	0	    1.00	0	3	  443.49	-3	5	NULL
real	KR	246	7	-15	   -1.00	0	    1.00	0	3	2043680.00	15	0	NULL
real	BL	247	7	15	    1.00	1	   -1.00	0	3	  612.56	-15	7	NULL
real	IL	248	7	-15	    1.00	0	    1.00	1	4	2050959.00	-15	0	NULL
real	OL	249	7	-15	    1.00	1	   -1.00	0	3	2055097.00	15	5	NULL
real	LL	250	7	15	   -2.00	0	    2.00	0	2	2059484.00	15	0	NULL
real	FL	251	7	-15	   -2.00	0	    2.00	0	2	  461.31	-3	5	NULL
real	ER	252	7	-15	    2.00	1	   -2.00	0	2	  448.02	-3	7	NULL
real	DL	253	8	15	    0.00	0	    2.00	0	2	2074708.00	15	7	NULL
real	IR	254	8	-15	    0.00	1	   -2.00	0	2	2078207.00	-15	0	NULL
real	CL	255	8	-15	    0.00	0	    2.00	1	2	2081944.00	15	7	NULL
real	BR	256	8	15	    0.00	0	    1.00	0	3	  867.12	-15	7	NULL
real	LR	257	8	15	    0.00	0	    1.00	1	3	2089788.00	15	0	NULL
real	KR	258	8	-15	    0.00	1	   -1.00	1	4	2093931.00	15	0	NULL
real	GR	259	8	15	    0.00	0	    1.00	1	3	  380.02	-3	7	NULL
real	PL	260	8	15	    3.00	1	   -1.00	0	3	2103466.00	15	5	NULL
real	FR	261	8	-15	    0.00	1	   -1.00	1	4	  678.07	-3	5	NULL
real	QL	262	8	-15	    0.00	0	    1.00	1	4	  460.06	-15	5	NULL
real	GL	263	8	15	   12.00	1	   -4.00	0	1	  370.38	-3	7	NULL
real	CR	264	8	-15	    0.00	1	   -2.00	0	2	2123733.00	15	7	NULL
real	JR	265	8	15	    0.00	1	   -1.00	1	4	2128314.00	-15	0	NULL
real	QR	266	8	-15	    0.00	0	    1.00	1	3	  376.95	-15	5	NULL
real	RR	267	8	15	    0.00	1	   -2.00	0	2	  589.37	-15	5	NULL
real	HL	268	8	15	    3.00	1	   -1.00	0	3	  406.61	-3	5	NULL
real	OL	269	8	-15	    0.00	1	   -1.00	0	3	2145346.00	15	5	NULL
real	BL	270	8	15	    0.00	0	    1.00	1	4	  591.25	-15	7	NULL
real	NL	271	8	15	    2.00	1	   -1.00	1	5	2153074.00	-3	0	NULL
real	LL	272	8	15	    0.00	1	   -1.00	1	3	2157146.00	15	0	NULL
real	KL	273	8	-15	    0.00	1	   -1.00	1	3	2161534.00	15	0	NULL
real	ER	274	8	-15	    0.00	1	   -2.00	0	2	  452.67	-3	7	NULL
real	HR	275	8	15	    0.00	0	    1.00	1	3	  458.54	-3	5	NULL
real	JL	276	8	15	    0.00	1	   -1.00	1	3	2179861.00	-15	0	NULL
real	PR	277	8	15	    0.00	1	   -2.00	0	2	2184023.00	15	5	NULL
real	FL	278	8	-15	    0.00	1	   -1.00	1	3	  472.00	-3	5	NULL
real	ML	279	8	-15	    0.00	1	   -1.00	1	3	2191855.00	-3	0	NULL
real	IL	280	8	-15	    2.00	1	   -1.00	1	5	2196145.00	-15	0	NULL
real	EL	281	8	-15	    0.00	0	    1.00	1	4	  628.29	-3	7	NULL
real	RL	282	8	15	    0.00	0	    2.00	0	2	  850.71	-15	5	NULL
real	OR	283	8	-15	    0.00	0	    1.00	0	3	2211441.00	15	5	NULL
real	NR	284	8	15	    3.00	1	   -1.00	1	4	2216517.00	-3	0	NULL
real	DR	285	8	15	    0.00	0	    1.00	0	3	2224722.00	15	7	NULL
real	AR	286	8	-15	    3.00	1	   -1.00	1	4	  635.21	-15	7	NULL
real	AL	287	8	-15	    0.00	0	    1.00	1	4	  751.78	-15	7	NULL
real	MR	288	8	-15	    0.00	1	   -1.00	1	4	2237969.00	-3	0	NULL
real	CR	289	9	-15	   -2.00	0	    1.00	1	3	2242328.00	15	7	NULL
real	JR	290	9	15	   -1.00	0	    1.00	1	5	2246350.00	-15	0	NULL
real	ML	291	9	-15	   -1.00	1	   -1.00	0	3	2252761.00	-3	0	NULL
real	DL	292	9	15	    2.00	1	   -1.00	1	3	2258993.00	15	7	NULL
real	OR	293	9	-15	    1.00	1	   -1.00	1	4	2264200.00	15	5	NULL
real	NL	294	9	15	    1.00	0	    1.00	1	6	2267950.00	-3	0	NULL
real	RL	295	9	15	    2.00	1	   -1.00	1	3	  419.55	-15	5	NULL
real	MR	296	9	-15	   -1.00	0	    1.00	1	5	2275122.00	-3	0	NULL
real	OL	297	9	-15	   -1.00	0	    1.00	1	4	2279605.00	15	5	NULL
real	GR	298	9	15	    1.00	0	    1.00	0	3	  445.03	-3	7	NULL
real	RR	299	9	15	   -2.00	0	    1.00	1	3	  621.09	-15	5	NULL
real	BR	300	9	15	    1.00	1	   -1.00	1	4	  655.91	-15	7	NULL
real	HR	301	9	15	    1.00	0	    1.00	0	3	  621.59	-3	5	NULL
real	ER	302	9	-15	   -2.00	0	    1.00	1	3	  576.95	-3	7	NULL
real	IR	303	9	-15	   -2.00	0	    1.00	1	3	2323274.00	-15	0	NULL
real	QR	304	9	-15	    1.00	1	   -1.00	1	4	  468.77	-15	5	NULL
real	LL	305	9	15	   -1.00	0	    1.00	1	4	2335261.00	15	0	NULL
real	FL	306	9	-15	   -1.00	0	    1.00	1	4	  410.18	-3	5	NULL
real	FR	307	9	-15	   -1.00	0	    1.00	1	5	  433.04	-3	5	NULL
real	CL	308	9	-15	    2.00	1	   -1.00	1	3	2348448.00	15	7	NULL
real	GL	309	9	15	    8.00	1	   -4.00	0	1	 1423.71	-3	7	NULL
real	DR	310	9	15	    1.00	1	   -1.00	1	4	2414708.00	15	7	NULL
real	EL	311	9	-15	    1.00	0	    1.00	0	4	  698.62	-3	7	NULL
real	QL	312	9	-15	    1.00	0	    1.00	0	4	  616.80	-15	5	NULL
real	IL	313	9	-15	    1.00	0	    1.00	1	6	2430521.00	-15	0	NULL
real	HL	314	9	15	    2.00	0	    1.00	1	4	  842.17	-3	5	NULL
real	KL	315	9	-15	   -1.00	0	    1.00	1	4	2440214.00	15	0	NULL
real	PR	316	9	15	   -2.00	0	    1.00	1	3	2445433.00	15	5	NULL
real	LR	317	9	15	    1.00	0	    1.00	0	3	2449796.00	15	0	NULL
real	AR	318	9	-15	    2.00	1	   -1.00	0	4	  888.10	-15	7	NULL
real	NR	319	9	15	    2.00	0	    1.00	1	5	2461668.00	-3	0	NULL
real	KR	320	9	-15	   -1.00	0	    1.00	1	5	2466269.00	15	0	NULL
real	BL	321	9	15	    1.00	0	    1.00	0	4	  652.34	-15	7	NULL
real	PL	322	9	15	    2.00	1	   -1.00	0	3	2474720.00	15	5	NULL
real	AL	323	9	-15	    1.00	0	    1.00	0	4	  540.09	-15	7	NULL
real	JL	324	9	15	   -1.00	0	    1.00	1	4	2482944.00	-15	0	NULL
real	RR	325	10	15	   -1.00	0	    1.00	0	3	  431.85	-15	5	NULL
real	QL	326	10	-15	    2.00	1	   -1.00	1	5	 1227.63	-15	5	NULL
real	DL	327	10	15	    1.00	0	    1.00	1	4	2501250.00	15	7	NULL
real	CR	328	10	-15	   -1.00	0	    1.00	0	3	2505456.00	15	7	NULL
real	AL	329	10	-15	    2.00	1	   -1.00	1	5	  646.07	-15	7	NULL
real	ML	330	10	-15	   -2.00	0	    1.00	1	4	2513398.00	-3	0	NULL
real	AR	331	10	-15	    1.00	0	    1.00	1	5	  388.79	-15	7	NULL
real	JL	332	10	15	    0.00	1	   -1.00	1	5	2524447.00	-15	0	NULL
real	CL	333	10	-15	    1.00	1	   -1.00	0	3	2528929.00	15	7	NULL
real	BR	334	10	15	    0.00	0	    1.00	1	5	  357.63	-15	7	NULL
real	BL	335	10	15	    2.00	1	   -1.00	1	5	  401.73	-15	7	NULL
real	IL	336	10	-15	    2.00	1	   -1.00	1	7	2539390.00	-15	0	NULL
real	OL	337	10	-15	    0.00	0	    1.00	0	4	2544210.00	15	5	NULL
real	DR	338	10	15	    0.00	0	    1.00	1	5	2552733.00	15	7	NULL
real	FL	339	10	-15	    0.00	1	   -1.00	1	5	  615.74	-3	5	NULL
real	HL	340	10	15	    3.00	0	    1.00	0	4	  551.14	-3	5	NULL
real	NL	341	10	15	    2.00	1	   -1.00	1	7	2567382.00	-3	0	NULL
real	MR	342	10	-15	    0.00	0	    1.00	0	5	2572165.00	-3	0	NULL
real	FR	343	10	-15	    0.00	1	   -1.00	1	6	  837.56	-3	5	NULL
real	NR	344	10	15	    3.00	0	    1.00	0	5	2580378.00	-3	0	NULL
real	RL	345	10	15	    1.00	0	    1.00	1	4	  624.98	-15	5	NULL
real	EL	346	10	-15	    2.00	1	   -1.00	1	5	  437.02	-3	7	NULL
real	PR	347	10	15	   -1.00	0	    1.00	0	3	2600119.00	15	5	NULL
real	QR	348	10	-15	    0.00	1	   -1.00	0	4	  748.21	-15	5	NULL
real	PL	349	10	15	    1.00	0	    1.00	1	4	2608222.00	15	5	NULL
real	ER	350	10	-15	   -1.00	1	   -1.00	1	4	  851.48	-3	7	NULL
real	KL	351	10	-15	    0.00	0	    1.00	0	4	2617178.00	15	0	NULL
real	LR	352	10	15	    2.00	0	    1.00	0	3	2621823.00	15	0	NULL
real	GR	353	10	15	    2.00	0	    1.00	0	3	  531.33	-3	7	NULL
real	KR	354	10	-15	    0.00	1	   -1.00	1	6	2631769.00	15	0	NULL
real	JR	355	10	15	    0.00	0	    1.00	0	5	2635347.00	-15	0	NULL
real	OR	356	10	-15	    0.00	0	    1.00	1	5	2642331.00	15	5	NULL
real	LL	357	10	15	    0.00	0	    1.00	0	4	2646742.00	15	0	NULL
real	HR	358	10	15	    2.00	0	    1.00	0	3	  403.91	-3	5	NULL
real	IR	359	10	-15	   -1.00	0	    1.00	0	3	2658806.00	-15	0	NULL
real	GL	360	10	15	    4.00	1	   -4.00	0	1	  383.88	-3	7	NULL
real	JR	361	11	15	    1.00	1	   -1.00	1	6	2666365.00	-15	0	NULL
real	AL	362	11	-15	    1.00	1	   -1.00	0	5	  489.43	-15	7	NULL
real	FL	363	11	-15	   -1.00	0	    1.00	1	6	  406.62	-3	5	NULL
real	ER	364	11	-15	   -2.00	1	   -1.00	0	4	  653.53	-3	7	NULL
real	LL	365	11	15	    1.00	0	    1.00	0	4	2685481.00	15	0	NULL
real	GL	366	11	15	    0.00	0	    2.00	1	2	  465.23	-3	7	NULL
real	EL	367	11	-15	    1.00	1	   -1.00	0	5	  466.90	-3	7	NULL
real	PL	368	11	15	    2.00	1	   -1.00	1	5	2696975.00	15	5	NULL
real	RL	369	11	15	    2.00	1	   -1.00	1	5	  457.85	-15	5	NULL
real	CL	370	11	-15	    0.00	0	    1.00	1	4	2709490.00	15	7	NULL
real	OL	371	11	-15	    1.00	1	   -1.00	1	5	2718857.00	15	5	NULL
real	ML	372	11	-15	   -1.00	0	    1.00	0	4	2722831.00	-3	0	NULL
real	CR	373	11	-15	    0.00	1	   -1.00	1	4	2728557.00	15	7	NULL
real	KL	374	11	-15	    1.00	0	    1.00	0	4	2734612.00	15	0	NULL
real	GR	375	11	15	    3.00	1	   -1.00	1	4	  604.26	-3	7	NULL
real	AR	376	11	-15	    2.00	1	   -1.00	1	6	  522.24	-15	7	NULL
real	IL	377	11	-15	    1.00	1	   -1.00	0	7	2747640.00	-15	0	NULL
real	DL	378	11	15	    2.00	1	   -1.00	1	5	2756428.00	15	7	NULL
real	BL	379	11	15	    1.00	1	   -1.00	0	5	  537.17	-15	7	NULL
real	LR	380	11	15	    3.00	1	   -1.00	1	4	2763783.00	15	0	NULL
real	JL	381	11	15	   -1.00	1	   -1.00	0	5	2767565.00	-15	0	NULL
real	MR	382	11	-15	    1.00	0	    1.00	0	5	2779616.00	-3	0	NULL
real	IR	383	11	-15	    0.00	0	    1.00	0	3	2783792.00	-15	0	NULL
real	NR	384	11	15	    4.00	0	    1.00	0	5	2788145.00	-3	0	NULL
real	NL	385	11	15	    1.00	0	    1.00	1	8	2796150.00	-3	0	NULL
real	QL	386	11	-15	    1.00	1	   -1.00	0	5	  652.01	-15	5	NULL
real	HL	387	11	15	    4.00	1	   -1.00	1	5	  476.28	-3	5	NULL
real	OR	388	11	-15	    1.00	1	   -1.00	1	6	2811643.00	15	5	NULL
real	HR	389	11	15	    3.00	1	   -1.00	1	4	  399.60	-3	5	NULL
real	DR	390	11	15	    1.00	0	    1.00	0	5	2819472.00	15	7	NULL
real	BR	391	11	15	    1.00	1	   -1.00	1	6	  439.52	-15	7	NULL
real	RR	392	11	15	    0.00	0	    1.00	0	3	  389.09	-15	5	NULL
real	FR	393	11	-15	   -1.00	1	   -1.00	0	6	  444.05	-3	5	NULL
real	KR	394	11	-15	   -1.00	0	    1.00	1	7	2834283.00	15	0	NULL
real	PR	395	11	15	    0.00	0	    1.00	0	3	2838175.00	15	5	NULL
real	QR	396	11	-15	   -1.00	0	    1.00	1	5	  375.75	-15	5	NULL
real	ML	397	12	-15	    0.00	0	    1.00	0	4	2845755.00	-3	0	NULL
real	BL	398	12	15	    0.00	0	    1.00	1	6	  750.29	-15	7	NULL
real	HL	399	12	15	    3.00	1	   -1.00	0	5	  391.73	-3	5	NULL
real	LL	400	12	15	    2.00	1	   -1.00	1	5	2947339.00	15	0	NULL
real	LR	401	12	15	    2.00	1	   -1.00	0	4	2951474.00	15	0	NULL
real	QR	402	12	-15	    0.00	0	    1.00	0	5	  860.75	-15	5	NULL
real	GR	403	12	15	    2.00	0	    1.00	1	5	  656.60	-3	7	NULL
real	JL	404	12	15	   -2.00	0	    1.00	1	6	2962981.00	-15	0	NULL
real	NR	405	12	15	    5.00	1	   -1.00	1	6	2966702.00	-3	0	NULL
real	EL	406	12	-15	    0.00	0	    1.00	1	6	  323.19	-3	7	NULL
real	ER	407	12	-15	   -3.00	0	    1.00	1	5	  410.05	-3	7	NULL
real	GL	408	12	15	    2.00	1	   -1.00	1	3	  767.52	-3	7	NULL
real	MR	409	12	-15	    2.00	1	   -1.00	1	6	2981990.00	-3	0	NULL
real	RR	410	12	15	    1.00	1	   -1.00	1	4	  621.52	-15	5	NULL
real	NL	411	12	15	    2.00	0	    1.00	0	8	2990827.00	-3	0	NULL
real	BR	412	12	15	    0.00	0	    1.00	1	7	  420.33	-15	7	NULL
real	FL	413	12	-15	    0.00	1	   -1.00	1	7	  441.56	-3	5	NULL
real	PR	414	12	15	    1.00	0	    1.00	0	3	3005232.00	15	5	NULL
real	PL	415	12	15	    1.00	1	   -1.00	0	5	3009792.00	15	5	NULL
real	KR	416	12	-15	    0.00	0	    1.00	0	7	3013848.00	15	0	NULL
real	CL	417	12	-15	    1.00	1	   -1.00	1	5	3017961.00	15	7	NULL
real	HR	418	12	15	    2.00	0	    1.00	1	5	  681.35	-3	5	NULL
real	CR	419	12	-15	   -1.00	1	   -1.00	0	4	3026114.00	15	7	NULL
real	DL	420	12	15	    1.00	0	    1.00	1	6	3029959.00	15	7	NULL
real	IR	421	12	-15	    1.00	1	   -1.00	1	4	3033876.00	-15	0	NULL
real	QL	422	12	-15	    0.00	0	    1.00	1	6	  767.20	-15	5	NULL
real	AR	423	12	-15	    1.00	1	   -1.00	0	6	  524.51	-15	7	NULL
real	KL	424	12	-15	    2.00	1	   -1.00	1	5	3048764.00	15	0	NULL
real	DR	425	12	15	    2.00	0	    1.00	0	5	3052930.00	15	7	NULL
real	FR	426	12	-15	   -2.00	0	    1.00	1	7	  480.29	-3	5	NULL
real	OL	427	12	-15	    0.00	1	   -1.00	0	5	3061282.00	15	5	NULL
real	JR	428	12	15	    0.00	0	    1.00	1	7	3064757.00	-15	0	NULL
real	AL	429	12	-15	    0.00	0	    1.00	1	6	  452.79	-15	7	NULL
real	RL	430	12	15	    1.00	1	   -1.00	0	5	 1036.56	-15	5	NULL
real	OR	431	12	-15	    0.00	1	   -1.00	0	6	3081299.00	15	5	NULL
real	IL	432	12	-15	    0.00	1	   -1.00	0	7	3086226.00	-15	0	NULL
real	GR	433	13	15	    3.00	1	   -1.00	1	6	  561.82	-3	7	NULL
real	JR	434	13	15	    1.00	1	   -1.00	1	8	3094481.00	-15	0	NULL
real	EL	435	13	-15	    1.00	1	   -1.00	1	7	  388.61	-3	7	NULL
real	LL	436	13	15	    1.00	1	   -1.00	0	5	3101968.00	15	0	NULL
real	FR	437	13	-15	   -1.00	1	   -1.00	1	8	  450.07	-3	5	NULL
real	RR	438	13	15	    0.00	0	    1.00	1	5	  403.53	-15	5	NULL
real	MR	439	13	-15	    1.00	1	   -1.00	0	6	3112796.00	-3	0	NULL
real	PL	440	13	15	    0.00	0	    1.00	1	6	3116704.00	15	5	NULL
real	IR	441	13	-15	    0.00	0	    1.00	1	5	3123139.00	-15	0	NULL
real	GL	442	13	15	    1.00	0	    1.00	1	4	  350.38	-3	7	NULL
real	CR	443	13	-15	   -2.00	0	    1.00	1	5	3131189.00	15	7	NULL
real	KL	444	13	-15	    1.00	1	   -1.00	0	5	3137278.00	15	0	NULL
real	KR	445	13	-15	    1.00	1	   -1.00	1	8	3141578.00	15	0	NULL
real	RL	446	13	15	    0.00	0	    1.00	1	6	  669.67	-15	5	NULL
real	PR	447	13	15	    2.00	0	    1.00	0	3	3149240.00	15	5	NULL
real	DL	448	13	15	    2.00	1	   -1.00	1	7	3153260.00	15	7	NULL
real	BL	449	13	15	    1.00	0	    1.00	0	6	  670.62	-15	7	NULL
real	OL	450	13	-15	   -1.00	0	    1.00	1	6	3163819.00	15	5	NULL
real	HL	451	13	15	    2.00	0	    1.00	1	6	  526.45	-3	5	NULL
real	NR	452	13	15	    4.00	1	   -1.00	0	6	3171479.00	-3	0	NULL
real	ML	453	13	-15	    1.00	1	   -1.00	1	5	3176519.00	-3	0	NULL
real	HR	454	13	15	    3.00	1	   -1.00	1	6	  819.68	-3	5	NULL
real	QR	455	13	-15	    1.00	0	    1.00	0	5	  760.59	-15	5	NULL
real	AR	456	13	-15	    0.00	0	    1.00	1	7	  895.75	-15	7	NULL
real	DR	457	13	15	    3.00	1	   -1.00	1	6	3203121.00	15	7	NULL
real	OR	458	13	-15	   -1.00	0	    1.00	1	7	3207788.00	15	5	NULL
real	AL	459	13	-15	    1.00	1	   -1.00	1	7	  451.48	-15	7	NULL
real	LR	460	13	15	    1.00	0	    1.00	1	5	3221287.00	15	0	NULL
real	ER	461	13	-15	   -2.00	0	    1.00	0	5	  506.44	-3	7	NULL
real	QL	462	13	-15	    1.00	0	    1.00	0	6	  610.32	-15	5	NULL
real	JL	463	13	15	   -1.00	0	    1.00	0	6	3232026.00	-15	0	NULL
real	NL	464	13	15	    3.00	0	    1.00	0	8	3235717.00	-3	0	NULL
real	BR	465	13	15	    1.00	1	   -1.00	1	8	  658.14	-15	7	NULL
real	CL	466	13	-15	    0.00	0	    1.00	1	6	3243451.00	15	7	NULL
real	FL	467	13	-15	   -1.00	0	    1.00	1	8	  426.77	-3	5	NULL
real	IL	468	13	-15	   -1.00	0	    1.00	1	8	3252772.00	-15	0	NULL
real	KR	469	14	-15	    0.00	0	    1.00	1	9	3258639.00	15	0	NULL
real	AL	470	14	-15	    0.00	0	    1.00	1	8	  363.73	-15	7	NULL
real	JR	471	14	15	    0.00	0	    1.00	1	9	3266059.00	-15	0	NULL
real	NR	472	14	15	    3.00	1	   -1.00	0	6	3270485.00	-3	0	NULL
real	OL	473	14	-15	    0.00	0	    1.00	0	6	3275087.00	15	5	NULL
real	EL	474	14	-15	    0.00	0	    1.00	1	8	  867.51	-3	7	NULL
real	JL	475	14	15	    0.00	0	    1.00	0	6	3285145.00	-15	0	NULL
real	QL	476	14	-15	    2.00	1	   -1.00	1	7	  645.81	-15	5	NULL
real	DR	477	14	15	    2.00	0	    1.00	1	7	3299553.00	15	7	NULL
real	PL	478	14	15	    1.00	0	    1.00	0	6	3303759.00	15	5	NULL
real	HR	479	14	15	    2.00	1	   -1.00	0	6	 1313.26	-3	5	NULL
real	CR	480	14	-15	   -1.00	0	    1.00	0	5	3312461.00	15	7	NULL
real	CL	481	14	-15	    1.00	0	    1.00	0	6	3317177.00	15	7	NULL
real	MR	482	14	-15	    0.00	0	    1.00	1	7	3324331.00	-3	0	NULL
real	NL	483	14	15	    4.00	1	   -1.00	1	9	3328171.00	-3	0	NULL
real	RR	484	14	15	    1.00	0	    1.00	0	5	 1621.59	-15	5	NULL
real	GL	485	14	15	    2.00	0	    1.00	0	4	 1021.00	-3	7	NULL
real	PR	486	14	15	    3.00	1	   -1.00	1	4	3345287.00	15	5	NULL
real	ER	487	14	-15	   -1.00	0	    1.00	0	5	  356.98	-3	7	NULL
real	KL	488	14	-15	    0.00	1	   -1.00	0	5	3353586.00	15	0	NULL
real	DL	489	14	15	    1.00	0	    1.00	1	8	3362309.00	15	7	NULL
real	LL	490	14	15	    0.00	0	    1.00	1	6	3366258.00	15	0	NULL
real	HL	491	14	15	    3.00	1	   -1.00	1	7	  421.63	-3	5	NULL
real	BR	492	14	15	    0.00	0	    1.00	1	9	  622.08	-15	7	NULL
real	BL	493	14	15	    2.00	1	   -1.00	1	7	  390.82	-15	7	NULL
real	QR	494	14	-15	    2.00	1	   -1.00	1	6	  399.02	-15	5	NULL
real	ML	495	14	-15	    0.00	0	    1.00	1	6	3387940.00	-3	0	NULL
real	FR	496	14	-15	   -2.00	0	    1.00	1	9	  438.97	-3	5	NULL
real	FL	497	14	-15	    0.00	1	   -1.00	1	9	  743.81	-3	5	NULL
real	GR	498	14	15	    2.00	0	    1.00	1	7	 2524.45	-3	7	NULL
real	OR	499	14	-15	    0.00	0	    1.00	0	7	3418231.00	15	5	NULL
real	IL	500	14	-15	    0.00	0	    1.00	0	8	3422162.00	-15	0	NULL
real	IR	501	14	-15	    1.00	0	    1.00	0	5	3426653.00	-15	0	NULL
real	LR	502	14	15	    2.00	0	    1.00	0	5	3431529.00	15	0	NULL
real	RL	503	14	15	    1.00	1	   -1.00	1	7	  776.71	-15	5	NULL
real	AR	504	14	-15	    1.00	1	   -1.00	1	8	  709.47	-15	7	NULL
real	GR	505	15	15	    3.00	0	    1.00	0	7	  674.55	-3	7	NULL
real	QL	506	15	-15	    1.00	1	   -1.00	0	7	  920.60	-15	5	NULL
real	KR	507	15	-15	    1.00	1	   -1.00	1	10	3472198.00	15	0	NULL
real	ER	508	15	-15	    0.00	0	    1.00	0	5	  514.36	-3	7	NULL
real	LL	509	15	15	    1.00	0	    1.00	0	6	3480353.00	15	0	NULL
real	NL	510	15	15	    3.00	1	   -1.00	0	9	3484757.00	-3	0	NULL
real	OR	511	15	-15	    1.00	1	   -1.00	1	8	3488709.00	15	5	NULL
real	AL	512	15	-15	    1.00	0	    1.00	0	8	  748.36	-15	7	NULL
real	JR	513	15	15	    1.00	0	    1.00	0	9	3500133.00	-15	0	NULL
real	HR	514	15	15	    1.00	0	    1.00	1	7	  518.72	-3	5	NULL
real	RL	515	15	15	    0.00	0	    1.00	1	8	  619.06	-15	5	NULL
real	IL	516	15	-15	    1.00	0	    1.00	0	8	3526289.00	-15	0	NULL
real	BR	517	15	15	    1.00	0	    1.00	0	9	  446.06	-15	7	NULL
real	EL	518	15	-15	    1.00	1	   -1.00	1	9	  494.79	-3	7	NULL
real	AR	519	15	-15	    0.00	0	    1.00	1	9	  698.83	-15	7	NULL
real	MR	520	15	-15	    1.00	1	   -1.00	1	8	3545520.00	-3	0	NULL
real	OL	521	15	-15	    1.00	1	   -1.00	1	7	3549628.00	15	5	NULL
real	DR	522	15	15	    3.00	1	   -1.00	1	8	3553993.00	15	7	NULL
real	BL	523	15	15	    1.00	0	    1.00	1	8	  833.60	-15	7	NULL
real	FL	524	15	-15	   -1.00	0	    1.00	1	10	  796.62	-3	5	NULL
real	JL	525	15	15	    1.00	0	    1.00	0	6	3567511.00	-15	0	NULL
real	CL	526	15	-15	    2.00	1	   -1.00	1	7	3572170.00	15	7	NULL
real	QR	527	15	-15	    1.00	0	    1.00	1	7	  710.81	-15	5	NULL
real	KL	528	15	-15	   -1.00	0	    1.00	1	6	3586557.00	15	0	NULL
real	LR	529	15	15	    3.00	1	   -1.00	1	6	3590855.00	15	0	NULL
real	CR	530	15	-15	    0.00	1	   -1.00	1	6	3594941.00	15	7	NULL
real	PL	531	15	15	    2.00	0	    1.00	0	6	3599194.00	15	5	NULL
real	PR	532	15	15	    2.00	0	    1.00	1	5	3604181.00	15	5	NULL
real	RR	533	15	15	    2.00	1	   -1.00	1	6	  394.61	-15	5	NULL
real	IR	534	15	-15	    2.00	1	   -1.00	1	6	3615594.00	-15	0	NULL
real	FR	535	15	-15	   -1.00	0	    1.00	0	9	  383.71	-3	5	NULL
real	NR	536	15	15	    2.00	0	    1.00	1	7	3625690.00	-3	0	NULL
real	ML	537	15	-15	    1.00	1	   -1.00	1	7	3629701.00	-3	0	NULL
real	DL	538	15	15	    2.00	0	    1.00	0	8	3641311.00	15	7	NULL
real	HL	539	15	15	    2.00	1	   -1.00	0	7	  644.81	-3	5	NULL
real	GL	540	15	15	    3.00	1	   -1.00	1	5	  657.68	-3	7	NULL
real	DR	541	16	15	    2.00	0	    1.00	1	9	3659430.00	15	7	NULL
real	IR	542	16	-15	    1.00	1	   -1.00	0	6	3663237.00	-15	0	NULL
real	PR	543	16	15	    3.00	1	   -1.00	1	6	3667581.00	15	5	NULL
real	HL	544	16	15	    1.00	0	    1.00	1	8	  402.44	-3	5	NULL
real	QL	545	16	-15	    0.00	0	    1.00	1	8	  431.59	-15	5	NULL
real	DL	546	16	15	    3.00	1	   -1.00	1	9	3681245.00	15	7	NULL
real	RL	547	16	15	    1.00	0	    1.00	0	8	  419.67	-15	5	NULL
real	NL	548	16	15	    2.00	1	   -1.00	0	9	3688587.00	-3	0	NULL
real	CL	549	16	-15	    1.00	0	    1.00	1	8	3692901.00	15	7	NULL
real	QR	550	16	-15	    2.00	1	   -1.00	1	8	  725.04	-15	5	NULL
real	CR	551	16	-15	   -1.00	0	    1.00	1	7	3705745.00	15	7	NULL
real	IL	552	16	-15	    2.00	1	   -1.00	1	9	3711891.00	-15	0	NULL
real	PL	553	16	15	    3.00	1	   -1.00	1	7	3719319.00	15	5	NULL
real	OR	554	16	-15	    0.00	0	    1.00	1	9	3724343.00	15	5	NULL
real	BL	555	16	15	    2.00	1	   -1.00	1	9	  460.79	-15	7	NULL
real	LL	556	16	15	    2.00	0	    1.00	0	6	3732796.00	15	0	NULL
real	RR	557	16	15	    1.00	1	   -1.00	0	6	  938.86	-15	5	NULL
real	EL	558	16	-15	    0.00	1	   -1.00	0	9	  717.53	-3	7	NULL
real	KR	559	16	-15	    0.00	0	    1.00	1	11	3746994.00	15	0	NULL
real	ER	560	16	-15	    1.00	1	   -1.00	1	6	 1131.52	-3	7	NULL
real	LR	561	16	15	    2.00	0	    1.00	1	7	3759849.00	15	0	NULL
real	JL	562	16	15	    2.00	1	   -1.00	1	7	3769716.00	-15	0	NULL
real	MR	563	16	-15	    0.00	0	    1.00	1	9	3774239.00	-3	0	NULL
real	GL	564	16	15	    2.00	0	    1.00	1	6	 1219.02	-3	7	NULL
real	NR	565	16	15	    3.00	1	   -1.00	1	8	3786546.00	-3	0	NULL
real	BR	566	16	15	    2.00	1	   -1.00	1	10	  715.90	-15	7	NULL
real	GR	567	16	15	    4.00	1	   -1.00	1	8	 1056.11	-3	7	NULL
real	KL	568	16	-15	    0.00	0	    1.00	0	6	3803834.00	15	0	NULL
real	AL	569	16	-15	    2.00	0	    1.00	0	8	 1249.23	-15	7	NULL
real	FR	570	16	-15	    0.00	0	    1.00	0	9	  742.34	-3	5	NULL
real	OL	571	16	-15	    0.00	0	    1.00	1	8	3820846.00	15	5	NULL
real	JR	572	16	15	    2.00	1	   -1.00	1	10	3824538.00	-15	0	NULL
real	HR	573	16	15	    2.00	0	    1.00	0	7	  429.40	-3	5	NULL
real	FL	574	16	-15	    0.00	0	    1.00	0	10	  502.36	-3	5	NULL
real	AR	575	16	-15	    1.00	1	   -1.00	1	10	  516.21	-15	7	NULL
real	ML	576	16	-15	    0.00	0	    1.00	1	8	3845887.00	-3	0	NULL
real	OL	577	17	-15	    1.00	0	    1.00	0	8	3859189.00	15	5	NULL
real	PL	578	17	15	    2.00	0	    1.00	1	8	3865848.00	15	5	NULL
real	GL	579	17	15	    3.00	1	   -1.00	1	7	  749.30	-3	7	NULL
real	RR	580	17	15	    0.00	0	    1.00	1	7	  441.78	-15	5	NULL
real	DL	581	17	15	    2.00	0	    1.00	1	10	3884727.00	15	7	NULL
real	FR	582	17	-15	    1.00	1	   -1.00	1	10	  502.36	-3	5	NULL
real	ER	583	17	-15	    0.00	0	    1.00	1	7	  470.20	-3	7	NULL
real	CL	584	17	-15	    2.00	1	   -1.00	1	9	3897011.00	15	7	NULL
real	MR	585	17	-15	    1.00	0	    1.00	0	9	3901682.00	-3	0	NULL
real	HR	586	17	15	    3.00	0	    1.00	0	7	  725.03	-3	5	NULL
real	LL	587	17	15	    3.00	1	   -1.00	1	7	3910474.00	15	0	NULL
real	JR	588	17	15	    1.00	0	    1.00	1	11	3914182.00	-15	0	NULL
real	KL	589	17	-15	    1.00	1	   -1.00	1	7	3918232.00	15	0	NULL
real	QL	590	17	-15	    1.00	0	    1.00	0	8	  413.93	-15	5	NULL
real	RL	591	17	15	    2.00	1	   -1.00	1	9	  834.49	-15	5	NULL
real	IL	592	17	-15	    1.00	0	    1.00	1	10	3929429.00	-15	0	NULL
real	HL	593	17	15	    2.00	0	    1.00	0	8	  635.71	-3	5	NULL
real	NR	594	17	15	    2.00	0	    1.00	1	9	3939087.00	-3	0	NULL
real	AR	595	17	-15	    0.00	0	    1.00	1	11	  429.94	-15	7	NULL
real	CR	596	17	-15	    0.00	0	    1.00	0	7	3949416.00	15	7	NULL
real	JL	597	17	15	    1.00	0	    1.00	1	8	3954537.00	-15	0	NULL
real	PR	598	17	15	    2.00	0	    1.00	1	7	3959352.00	15	5	NULL
real	BR	599	17	15	    1.00	1	   -1.00	0	10	  611.23	-15	7	NULL
real	OR	600	17	-15	    1.00	1	   -1.00	1	10	3975435.00	15	5	NULL
real	NL	601	17	15	    1.00	0	    1.00	1	10	3979381.00	-3	0	NULL
real	EL	602	17	-15	   -1.00	0	    1.00	1	10	  483.46	-3	7	NULL
real	DR	603	17	15	    3.00	1	   -1.00	1	10	3988932.00	15	7	NULL
real	BL	604	17	15	    1.00	0	    1.00	1	10	  370.07	-15	7	NULL
real	AL	605	17	-15	    3.00	1	   -1.00	1	9	  533.73	-15	7	NULL
real	QR	606	17	-15	    1.00	0	    1.00	1	9	  372.72	-15	5	NULL
real	IR	607	17	-15	    0.00	0	    1.00	1	7	4006436.00	-15	0	NULL
real	FL	608	17	-15	    1.00	0	    1.00	0	10	  429.70	-3	5	NULL
real	GR	609	17	15	    3.00	0	    1.00	1	9	  745.36	-3	7	NULL
real	ML	610	17	-15	    1.00	1	   -1.00	1	9	4019435.00	-3	0	NULL
real	KR	611	17	-15	    1.00	1	   -1.00	1	12	4023409.00	15	0	NULL
real	LR	612	17	15	    3.00	1	   -1.00	1	8	4027696.00	15	0	NULL
real	JL	613	18	15	    2.00	1	   -1.00	1	9	4033351.00	-15	0	NULL
real	LR	614	18	15	    2.00	1	   -1.00	0	8	4039238.00	15	0	NULL
real	NL	615	18	15	    2.00	0	    1.00	0	10	4043144.00	-3	0	NULL
real	MR	616	18	-15	    2.00	1	   -1.00	1	10	4055690.00	-3	0	NULL
real	ML	617	18	-15	    0.00	0	    1.00	1	10	4069779.00	-3	0	NULL
real	DL	618	18	15	    3.00	1	   -1.00	1	11	4073970.00	15	7	NULL
real	IR	619	18	-15	    1.00	0	    1.00	0	7	4077974.00	-15	0	NULL
real	RL	620	18	15	    1.00	0	    1.00	1	10	  393.28	-15	5	NULL
real	GR	621	18	15	    4.00	1	   -1.00	1	10	  375.87	-3	7	NULL
real	GL	622	18	15	    2.00	0	    1.00	1	8	  427.66	-3	7	NULL
real	NR	623	18	15	    3.00	1	   -1.00	1	10	4097365.00	-3	0	NULL
real	CL	624	18	-15	    1.00	1	   -1.00	0	9	4104782.00	15	7	NULL
real	OR	625	18	-15	    0.00	0	    1.00	1	11	4114998.00	15	5	NULL
real	FL	626	18	-15	    2.00	1	   -1.00	1	11	  518.60	-3	5	NULL
real	KL	627	18	-15	    0.00	0	    1.00	1	8	4122893.00	15	0	NULL
real	FR	628	18	-15	    0.00	0	    1.00	1	11	  559.37	-3	5	NULL
real	LL	629	18	15	    2.00	0	    1.00	1	8	4130733.00	15	0	NULL
real	JR	630	18	15	    2.00	0	    1.00	0	11	4135798.00	-15	0	NULL
real	RR	631	18	15	    1.00	1	   -1.00	1	8	  398.40	-15	5	NULL
real	HR	632	18	15	    4.00	1	   -1.00	1	8	  579.82	-3	5	NULL
real	BL	633	18	15	    2.00	1	   -1.00	1	11	  412.97	-15	7	NULL
real	BR	634	18	15	    0.00	0	    1.00	1	11	  373.91	-15	7	NULL
real	AR	635	18	-15	    1.00	0	    1.00	0	11	  612.73	-15	7	NULL
real	ER	636	18	-15	    1.00	1	   -1.00	1	8	  555.39	-3	7	NULL
real	QL	637	18	-15	    2.00	1	   -1.00	1	9	  584.04	-15	5	NULL
real	PR	638	18	15	    3.00	0	    1.00	0	7	4178196.00	15	5	NULL
real	DR	639	18	15	    2.00	0	    1.00	1	11	4182331.00	15	7	NULL
real	EL	640	18	-15	    0.00	0	    1.00	0	10	  469.60	-3	7	NULL
real	AL	641	18	-15	    2.00	1	   -1.00	0	9	  577.75	-15	7	NULL
real	HL	642	18	15	    3.00	0	    1.00	0	8	  663.19	-3	5	NULL
real	IL	643	18	-15	    2.00	1	   -1.00	1	11	4199499.00	-15	0	NULL
real	PL	644	18	15	    3.00	0	    1.00	0	8	4203311.00	15	5	NULL
real	QR	645	18	-15	    2.00	1	   -1.00	1	10	  410.48	-15	5	NULL
real	CR	646	18	-15	    1.00	0	    1.00	0	7	4210322.00	15	7	NULL
real	OL	647	18	-15	    2.00	1	   -1.00	1	9	4214245.00	15	5	NULL
real	IR	648	19	-15	    2.00	0	    1.00	0	7	4218263.00	-15	0	NULL
real	NL	649	19	15	    3.00	0	    1.00	0	10	4222106.00	-3	0	NULL
real	AL	650	19	-15	    1.00	1	   -1.00	0	9	  757.15	-15	7	NULL
real	GL	651	19	15	    3.00	0	    1.00	0	8	  841.78	-3	7	NULL
real	ER	652	19	-15	    0.00	0	    1.00	1	9	  506.81	-3	7	NULL
real	HR	653	19	15	    3.00	0	    1.00	1	9	  471.82	-3	5	NULL
real	DL	654	19	15	    2.00	0	    1.00	1	12	4258756.00	15	7	NULL
real	DR	655	19	15	    3.00	0	    1.00	0	11	4264931.00	15	7	NULL
real	LR	656	19	15	    1.00	0	    1.00	1	9	4273996.00	15	0	NULL
real	MR	657	19	-15	    1.00	1	   -1.00	0	10	4283789.00	-3	0	NULL
real	JL	658	19	15	    1.00	0	    1.00	1	10	4715386.00	-15	0	NULL
real	NR	659	19	15	    2.00	0	    1.00	1	11	4719349.00	-3	0	NULL
real	ML	660	19	-15	    1.00	1	   -1.00	1	11	4724787.00	-3	0	NULL
real	OR	661	19	-15	    1.00	0	    1.00	0	11	4728823.00	15	5	NULL
real	BL	662	19	15	    1.00	0	    1.00	1	12	  359.81	-15	7	NULL
real	JR	663	19	15	    3.00	1	   -1.00	1	12	4735863.00	-15	0	NULL
real	BR	664	19	15	    1.00	0	    1.00	0	11	  398.47	-15	7	NULL
real	GR	665	19	15	    3.00	1	   -1.00	0	10	  591.51	-3	7	NULL
real	EL	666	19	-15	    1.00	1	   -1.00	1	11	  435.41	-3	7	NULL
real	IL	667	19	-15	    1.00	0	    1.00	1	12	4753935.00	-15	0	NULL
real	OL	668	19	-15	    1.00	0	    1.00	1	10	4758156.00	15	5	NULL
real	QL	669	19	-15	    1.00	0	    1.00	1	10	  375.49	-15	5	NULL
real	CR	670	19	-15	    2.00	0	    1.00	0	7	4765414.00	15	7	NULL
real	QR	671	19	-15	    1.00	1	   -1.00	0	10	  685.26	-15	5	NULL
real	CL	672	19	-15	    0.00	0	    1.00	1	10	4773046.00	15	7	NULL
real	FR	673	19	-15	    1.00	1	   -1.00	1	12	  540.72	-3	5	NULL
real	PR	674	19	15	    4.00	1	   -1.00	1	8	4780955.00	15	5	NULL
real	PL	675	19	15	    4.00	1	   -1.00	1	9	4785434.00	15	5	NULL
real	LL	676	19	15	    3.00	1	   -1.00	1	9	4789535.00	15	0	NULL
real	HL	677	19	15	    4.00	1	   -1.00	1	9	  590.74	-3	5	NULL
real	AR	678	19	-15	    2.00	1	   -1.00	1	12	 1351.81	-15	7	NULL
real	RR	679	19	15	    0.00	0	    1.00	1	9	  445.08	-15	5	NULL
real	FL	680	19	-15	    1.00	1	   -1.00	0	11	  439.19	-3	5	NULL
real	KL	681	19	-15	    1.00	0	    1.00	0	8	4810063.00	15	0	NULL
real	RL	682	19	15	    2.00	1	   -1.00	1	11	  365.20	-15	5	NULL
real	IR	683	20	-15	    3.00	1	   -1.00	1	8	4817630.00	-15	0	NULL
real	QR	684	20	-15	    0.00	0	    1.00	1	11	  566.96	-15	5	NULL
real	ML	685	20	-15	    0.00	0	    1.00	1	12	4824797.00	-3	0	NULL
real	CR	686	20	-15	    3.00	1	   -1.00	1	8	4828640.00	15	7	NULL
real	DR	687	20	15	    4.00	1	   -1.00	1	12	4832830.00	15	7	NULL
real	EL	688	20	-15	    0.00	0	    1.00	1	12	  432.64	-3	7	NULL
real	OL	689	20	-15	    2.00	0	    1.00	0	10	4840754.00	15	5	NULL
real	AL	690	20	-15	    0.00	0	    1.00	1	10	  402.72	-15	7	NULL
real	LR	691	20	15	    2.00	0	    1.00	0	9	4849175.00	15	0	NULL
real	OR	692	20	-15	    2.00	1	   -1.00	1	12	4856194.00	15	5	NULL
real	RL	693	20	15	    1.00	0	    1.00	1	12	  453.16	-15	5	NULL
real	ER	694	20	-15	    1.00	1	   -1.00	1	10	  688.54	-3	7	NULL
real	KL	695	20	-15	    2.00	1	   -1.00	1	9	4867618.00	15	0	NULL
real	NR	696	20	15	    3.00	1	   -1.00	1	12	4873945.00	-3	0	NULL
real	GR	697	20	15	    2.00	0	    1.00	1	11	  589.97	-3	7	NULL
real	HL	698	20	15	    3.00	1	   -1.00	0	9	  609.26	-3	5	NULL
real	FL	699	20	-15	    0.00	1	   -1.00	0	11	  826.85	-3	5	NULL
real	PR	700	20	15	    3.00	1	   -1.00	0	8	4890362.00	15	5	NULL
real	QL	701	20	-15	    2.00	1	   -1.00	1	11	  922.61	-15	5	NULL
real	LL	702	20	15	    2.00	1	   -1.00	0	9	4900863.00	15	0	NULL
real	JL	703	20	15	    2.00	1	   -1.00	1	11	4907977.00	-15	0	NULL
real	HR	704	20	15	    4.00	1	   -1.00	1	10	  487.68	-3	5	NULL
real	CL	705	20	-15	    1.00	1	   -1.00	1	11	4919444.00	15	7	NULL
real	GL	706	20	15	    4.00	1	   -1.00	1	9	  495.07	-3	7	NULL
real	BR	707	20	15	    2.00	1	   -1.00	1	12	 1317.46	-15	7	NULL
real	NL	708	20	15	    4.00	1	   -1.00	1	11	4945116.00	-3	0	NULL
real	MR	709	20	-15	    0.00	0	    1.00	1	11	4948963.00	-3	0	NULL
real	RR	710	20	15	    1.00	0	    1.00	0	9	  817.94	-15	5	NULL
real	PL	711	20	15	    3.00	1	   -1.00	0	9	4957410.00	15	5	NULL
real	QL	712	21	-15	    1.00	0	    1.00	1	12	  655.36	-15	5	NULL
real	LR	713	21	15	    3.00	1	   -1.00	1	10	4965006.00	15	0	NULL
real	NL	714	21	15	    3.00	1	   -1.00	0	11	4971181.00	-3	0	NULL
real	IR	715	21	-15	    2.00	1	   -1.00	0	8	4974867.00	-15	0	NULL
real	FL	716	21	-15	   -1.00	0	    1.00	1	12	  571.08	-3	5	NULL
real	RR	717	21	15	    2.00	1	   -1.00	1	10	  392.32	-15	5	NULL
real	GL	718	21	15	    3.00	1	   -1.00	0	9	  432.44	-3	7	NULL
real	JL	719	21	15	    1.00	1	   -1.00	0	11	4993027.00	-15	0	NULL
real	MR	720	21	-15	    1.00	1	   -1.00	1	12	5004614.00	-3	0	NULL
real	KL	721	21	-15	    1.00	1	   -1.00	0	9	5009127.00	15	0	NULL
real	HL	722	21	15	    2.00	0	    1.00	1	10	  498.43	-3	5	NULL
real	PR	723	21	15	    2.00	0	    1.00	1	9	5018538.00	15	5	NULL
real	OL	724	21	-15	    3.00	1	   -1.00	1	11	5022719.00	15	5	NULL
real	LL	725	21	15	    1.00	0	    1.00	1	10	5031709.00	15	0	NULL
real	HR	726	21	15	    3.00	1	   -1.00	0	10	  613.66	-3	5	NULL
real	ER	727	21	-15	    0.00	0	    1.00	1	11	  436.09	-3	7	NULL
real	GR	728	21	15	    3.00	1	   -1.00	1	12	  881.66	-3	7	NULL
real	CR	729	21	-15	    2.00	1	   -1.00	0	8	5057653.00	15	7	NULL
real	QR	730	21	-15	    1.00	0	    1.00	0	11	 1097.05	-15	5	NULL
real	PL	731	21	15	    2.00	0	    1.00	1	10	5071290.00	15	5	NULL
real	CL	732	21	-15	    0.00	0	    1.00	1	12	5085767.00	15	7	NULL
real	AL	733	21	-15	    1.00	0	    1.00	0	10	  635.63	-15	7	NULL
real	KL	734	22	-15	    0.00	0	    1.00	1	10	5148497.00	15	0	NULL
real	AL	735	22	-15	    2.00	1	   -1.00	1	11	  409.93	-15	7	NULL
real	NL	736	22	15	    2.00	0	    1.00	1	12	5156349.00	-3	0	NULL
real	GL	737	22	15	    2.00	0	    1.00	1	10	  414.29	-3	7	NULL
real	LL	738	22	15	    2.00	0	    1.00	0	10	5164053.00	15	0	NULL
real	IR	739	22	-15	    1.00	0	    1.00	1	9	5167692.00	-15	0	NULL
real	QR	740	22	-15	    2.00	1	   -1.00	1	12	  374.61	-15	5	NULL
real	JL	741	22	15	    0.00	0	    1.00	1	12	5175535.00	-15	0	NULL
real	ER	742	22	-15	    1.00	1	   -1.00	1	12	  525.48	-3	7	NULL
real	RR	743	22	15	    1.00	0	    1.00	1	11	  386.69	-15	5	NULL
real	OL	744	22	-15	    2.00	1	   -1.00	0	11	5189131.00	15	5	NULL
real	CR	745	22	-15	    1.00	1	   -1.00	0	8	5193664.00	15	7	NULL
real	HR	746	22	15	    2.00	0	    1.00	1	11	  458.66	-3	5	NULL
real	LR	747	22	15	    2.00	0	    1.00	1	11	5204884.00	15	0	NULL
real	HL	748	22	15	    3.00	0	    1.00	0	10	  771.30	-3	5	NULL
real	PL	749	22	15	    3.00	1	   -1.00	1	11	5213780.00	15	5	NULL
real	PR	750	22	15	    3.00	1	   -1.00	1	10	5220409.00	15	5	NULL
real	HL	751	23	15	    4.00	1	   -1.00	1	11	  396.51	-3	5	NULL
real	OL	752	23	-15	    1.00	0	    1.00	1	12	5229039.00	15	5	NULL
real	CR	753	23	-15	    0.00	0	    1.00	1	9	5233075.00	15	7	NULL
real	LL	754	23	15	    3.00	1	   -1.00	1	11	5237062.00	15	0	NULL
real	PR	755	23	15	    2.00	0	    1.00	1	11	5241016.00	15	5	NULL
real	HR	756	23	15	    3.00	0	    1.00	0	11	  634.45	-3	5	NULL
real	GL	757	23	15	    3.00	0	    1.00	0	10	  715.88	-3	7	NULL
real	AL	758	23	-15	    1.00	0	    1.00	1	12	  372.00	-15	7	NULL
real	PL	759	23	15	    2.00	0	    1.00	1	12	5264763.00	15	5	NULL
real	IR	760	23	-15	    2.00	1	   -1.00	1	10	5268622.00	-15	0	NULL
real	LR	761	23	15	    3.00	0	    1.00	0	11	5273004.00	15	0	NULL
real	KL	762	23	-15	    1.00	1	   -1.00	1	11	5277134.00	15	0	NULL
real	RR	763	23	15	    2.00	1	   -1.00	1	12	  659.80	-15	5	NULL
real	KL	764	24	-15	    0.00	0	    1.00	1	12	5286137.00	15	0	NULL
real	LR	765	24	15	    4.00	1	   -1.00	1	12	5290906.00	15	0	NULL
real	CR	766	24	-15	    1.00	0	    1.00	0	9	5295415.00	15	7	NULL
real	LL	767	24	15	    2.00	0	    1.00	1	12	5299521.00	15	0	NULL
real	PR	768	24	15	    3.00	0	    1.00	0	11	5304007.00	15	5	NULL
real	HR	769	24	15	    4.00	1	   -1.00	1	12	  353.68	-3	5	NULL
real	GL	770	24	15	    4.00	1	   -1.00	1	11	  519.55	-3	7	NULL
real	HL	771	24	15	    3.00	0	    1.00	1	12	  545.29	-3	5	NULL
real	IR	772	24	-15	    1.00	0	    1.00	1	11	5319947.00	-15	0	NULL
real	PR	773	25	15	    4.00	1	   -1.00	1	12	5323900.00	15	5	NULL
real	IR	774	25	-15	    2.00	0	    1.00	0	11	5327962.00	-15	0	NULL
real	CR	775	25	-15	    2.00	1	   -1.00	1	10	5333036.00	15	7	NULL
real	GL	776	25	15	    3.00	1	   -1.00	0	11	  475.78	-3	7	NULL
real	IR	777	26	-15	    3.00	1	   -1.00	1	12	5342943.00	-15	0	NULL
real	CR	778	26	-15	    1.00	0	    1.00	1	11	5347607.00	15	7	NULL
real	GL	779	26	15	    2.00	0	    1.00	1	12	  548.01	-3	7	NULL
real	CR	780	27	-15	    2.00	1	   -1.00	1	12	5357857.00	15	7	NULL
