TRIAL_TYPE	trial_variant	TRIAL_NUMBER	TRIAL_ITERATION_VAL	frame_tilt	rod_tilt	response	step_size	reversal	reversal_num	RT	probe_del	alpha_entrain_refreshes	rod_tilt_val
real	QR	1	1	-15	   20.00	1	   -8.00	0	0	 2460.18	-15	5	NULL
real	PR	2	1	15	   20.00	1	   -8.00	0	0	296742.00	15	5	NULL
real	DL	3	1	15	  -20.00	0	    8.00	0	0	301450.00	15	7	NULL
real	HL	4	1	15	  -20.00	0	    8.00	0	0	  635.07	-3	5	NULL
real	EL	5	1	-15	  -20.00	0	    8.00	0	0	  544.91	-3	7	NULL
real	GL	6	1	15	  -20.00	0	    8.00	0	0	  542.40	-3	7	NULL
real	LL	7	1	15	  -20.00	0	    8.00	0	0	331490.00	15	0	NULL
real	IL	8	1	-15	  -20.00	0	    8.00	0	0	336718.00	-15	0	NULL
real	NL	9	1	15	  -20.00	0	    8.00	0	0	342417.00	-3	0	NULL
real	AL	10	1	-15	  -20.00	0	    8.00	0	0	  556.10	-15	7	NULL
real	JR	11	1	15	   20.00	1	   -8.00	0	0	351873.00	-15	0	NULL
real	RL	12	1	15	  -20.00	0	    8.00	0	0	  729.59	-15	5	NULL
real	QL	13	1	-15	  -20.00	0	    8.00	0	0	  461.54	-15	5	NULL
real	JL	14	1	15	  -20.00	0	    8.00	0	0	369636.00	-15	0	NULL
real	BR	15	1	15	   20.00	1	   -8.00	0	0	  994.82	-15	7	NULL
real	PL	16	1	15	  -20.00	0	    8.00	0	0	378737.00	15	5	NULL
real	FL	17	1	-15	  -20.00	0	    8.00	0	0	  532.17	-3	5	NULL
real	CR	18	1	-15	   20.00	1	   -8.00	0	0	386859.00	15	7	NULL
real	KL	19	1	-15	  -20.00	0	    8.00	0	0	392019.00	15	0	NULL
real	AR	20	1	-15	   20.00	1	   -8.00	0	0	  462.94	-15	7	NULL
real	KR	21	1	-15	   20.00	1	   -8.00	0	0	400985.00	15	0	NULL
real	HR	22	1	15	   20.00	1	   -8.00	0	0	  458.01	-3	5	NULL
real	ER	23	1	-15	   20.00	1	   -8.00	0	0	  551.65	-3	7	NULL
real	NR	24	1	15	   20.00	1	   -8.00	0	0	416817.00	-3	0	NULL
real	FR	25	1	-15	   20.00	1	   -8.00	0	0	  513.63	-3	5	NULL
real	DR	26	1	15	   20.00	1	   -8.00	0	0	427691.00	15	7	NULL
real	OL	27	1	-15	  -20.00	0	    8.00	0	0	432441.00	15	5	NULL
real	OR	28	1	-15	   20.00	1	   -8.00	0	0	436305.00	15	5	NULL
real	MR	29	1	-15	   20.00	1	   -8.00	0	0	442096.00	-3	0	NULL
real	CL	30	1	-15	  -20.00	0	    8.00	0	0	446530.00	15	7	NULL
real	IR	31	1	-15	   20.00	1	   -8.00	0	0	450497.00	-15	0	NULL
real	GR	32	1	15	   20.00	1	   -8.00	0	0	  702.66	-3	7	NULL
real	LR	33	1	15	   20.00	1	   -8.00	0	0	460057.00	15	0	NULL
real	RR	34	1	15	   20.00	1	   -8.00	0	0	  556.75	-15	5	NULL
real	BL	35	1	15	  -20.00	0	    8.00	0	0	  521.51	-15	7	NULL
real	ML	36	1	-15	  -20.00	0	    8.00	0	0	476232.00	-3	0	NULL
real	LR	37	2	15	   12.00	1	   -8.00	0	0	481313.00	15	0	NULL
real	QL	38	2	-15	  -12.00	0	    8.00	0	0	  644.86	-15	5	NULL
real	RL	39	2	15	  -12.00	0	    8.00	0	0	  481.79	-15	5	NULL
real	GR	40	2	15	   12.00	1	   -8.00	0	0	  596.08	-3	7	NULL
real	NR	41	2	15	   12.00	1	   -8.00	0	0	498699.00	-3	0	NULL
real	KL	42	2	-15	  -12.00	0	    8.00	0	0	503154.00	15	0	NULL
real	OL	43	2	-15	  -12.00	0	    8.00	0	0	508058.00	15	5	NULL
real	BR	44	2	15	   12.00	1	   -8.00	0	0	  649.82	-15	7	NULL
real	LL	45	2	15	  -12.00	0	    8.00	0	0	518946.00	15	0	NULL
real	QR	46	2	-15	   12.00	1	   -8.00	0	0	  823.84	-15	5	NULL
real	KR	47	2	-15	   12.00	1	   -8.00	0	0	528298.00	15	0	NULL
real	ER	48	2	-15	   12.00	1	   -8.00	0	0	  764.58	-3	7	NULL
real	PL	49	2	15	  -12.00	0	    8.00	0	0	537531.00	15	5	NULL
real	FR	50	2	-15	   12.00	1	   -8.00	0	0	  743.95	-3	5	NULL
real	CR	51	2	-15	   12.00	1	   -8.00	0	0	553230.00	15	7	NULL
real	FL	52	2	-15	  -12.00	0	    8.00	0	0	  575.96	-3	5	NULL
real	DL	53	2	15	  -12.00	0	    8.00	0	0	575880.00	15	7	NULL
real	RR	54	2	15	   12.00	1	   -8.00	0	0	  527.89	-15	5	NULL
real	JL	55	2	15	  -12.00	0	    8.00	0	0	607546.00	-15	0	NULL
real	OR	56	2	-15	   12.00	1	   -8.00	0	0	612470.00	15	5	NULL
real	CL	57	2	-15	  -12.00	0	    8.00	0	0	623519.00	15	7	NULL
real	BL	58	2	15	  -12.00	0	    8.00	0	0	  649.57	-15	7	NULL
real	PR	59	2	15	   12.00	1	   -8.00	0	0	634618.00	15	5	NULL
real	NL	60	2	15	  -12.00	0	    8.00	0	0	641888.00	-3	0	NULL
real	GL	61	2	15	  -12.00	0	    8.00	0	0	  527.85	-3	7	NULL
real	AR	62	2	-15	   12.00	1	   -8.00	0	0	  493.03	-15	7	NULL
real	DR	63	2	15	   12.00	1	   -8.00	0	0	655535.00	15	7	NULL
real	IR	64	2	-15	   12.00	1	   -8.00	0	0	659755.00	-15	0	NULL
real	IL	65	2	-15	  -12.00	0	    8.00	0	0	664148.00	-15	0	NULL
real	HR	66	2	15	   12.00	1	   -8.00	0	0	  641.56	-3	5	NULL
real	AL	67	2	-15	  -12.00	0	    8.00	0	0	  679.51	-15	7	NULL
real	HL	68	2	15	  -12.00	0	    8.00	0	0	  945.96	-3	5	NULL
real	JR	69	2	15	   12.00	1	   -8.00	0	0	685056.00	-15	0	NULL
real	EL	70	2	-15	  -12.00	0	    8.00	0	0	  568.19	-3	7	NULL
real	MR	71	2	-15	   12.00	1	   -8.00	0	0	696568.00	-3	0	NULL
real	ML	72	2	-15	  -12.00	0	    8.00	0	0	703071.00	-3	0	NULL
real	JR	73	3	15	    4.00	1	   -8.00	0	0	708469.00	-15	0	NULL
real	FL	74	3	-15	   -4.00	0	    8.00	0	0	  609.92	-3	5	NULL
real	KL	75	3	-15	   -4.00	0	    8.00	0	0	717407.00	15	0	NULL
real	NL	76	3	15	   -4.00	0	    8.00	0	0	722217.00	-3	0	NULL
real	RR	77	3	15	    4.00	1	   -8.00	0	0	  750.84	-15	5	NULL
real	CR	78	3	-15	    4.00	1	   -8.00	0	0	735699.00	15	7	NULL
real	HL	79	3	15	   -4.00	0	    8.00	0	0	  525.83	-3	5	NULL
real	KR	80	3	-15	    4.00	1	   -8.00	0	0	744720.00	15	0	NULL
real	ML	81	3	-15	   -4.00	0	    8.00	0	0	749407.00	-3	0	NULL
real	IL	82	3	-15	   -4.00	0	    8.00	0	0	753457.00	-15	0	NULL
real	BL	83	3	15	   -4.00	0	    8.00	0	0	  752.22	-15	7	NULL
real	MR	84	3	-15	    4.00	1	   -8.00	0	0	762751.00	-3	0	NULL
real	HR	85	3	15	    4.00	0	    4.00	1	1	 1239.29	-3	5	NULL
real	FR	86	3	-15	    4.00	1	   -8.00	0	0	  631.11	-3	5	NULL
real	OL	87	3	-15	   -4.00	0	    8.00	0	0	776553.00	15	5	NULL
real	CL	88	3	-15	   -4.00	0	    8.00	0	0	782859.00	15	7	NULL
real	OR	89	3	-15	    4.00	1	   -8.00	0	0	787596.00	15	5	NULL
real	DL	90	3	15	   -4.00	0	    8.00	0	0	792565.00	15	7	NULL
real	ER	91	3	-15	    4.00	1	   -8.00	0	0	  492.22	-3	7	NULL
real	IR	92	3	-15	    4.00	1	   -8.00	0	0	801130.00	-15	0	NULL
real	LR	93	3	15	    4.00	1	   -8.00	0	0	805828.00	15	0	NULL
real	AL	94	3	-15	   -4.00	0	    8.00	0	0	  711.83	-15	7	NULL
real	GL	95	3	15	   -4.00	0	    8.00	0	0	  532.44	-3	7	NULL
real	DR	96	3	15	    4.00	1	   -8.00	0	0	819166.00	15	7	NULL
real	BR	97	3	15	    4.00	1	   -8.00	0	0	  857.79	-15	7	NULL
real	AR	98	3	-15	    4.00	1	   -8.00	0	0	  463.64	-15	7	NULL
real	QL	99	3	-15	   -4.00	0	    8.00	0	0	  441.23	-15	5	NULL
real	NR	100	3	15	    4.00	1	   -8.00	0	0	835136.00	-3	0	NULL
real	EL	101	3	-15	   -4.00	0	    8.00	0	0	  485.30	-3	7	NULL
real	GR	102	3	15	    4.00	1	   -8.00	0	0	  825.21	-3	7	NULL
real	PL	103	3	15	   -4.00	0	    8.00	0	0	847937.00	15	5	NULL
real	RL	104	3	15	   -4.00	0	    8.00	0	0	  442.87	-15	5	NULL
real	LL	105	3	15	   -4.00	0	    8.00	0	0	856564.00	15	0	NULL
real	JL	106	3	15	   -4.00	0	    8.00	0	0	860450.00	-15	0	NULL
real	QR	107	3	-15	    4.00	1	   -8.00	0	0	  497.60	-15	5	NULL
real	PR	108	3	15	    4.00	1	   -8.00	0	0	872905.00	15	5	NULL
real	JL	109	4	15	    4.00	1	   -4.00	1	1	878407.00	-15	0	NULL
real	LR	110	4	15	   -4.00	0	    4.00	1	1	882948.00	15	0	NULL
real	QR	111	4	-15	   -4.00	0	    4.00	1	1	  487.15	-15	5	NULL
real	AL	112	4	-15	    4.00	1	   -4.00	1	1	  594.27	-15	7	NULL
real	MR	113	4	-15	   -4.00	0	    4.00	1	1	895451.00	-3	0	NULL
real	KL	114	4	-15	    4.00	1	   -4.00	1	1	900111.00	15	0	NULL
real	BR	115	4	15	   -4.00	0	    4.00	1	1	  397.34	-15	7	NULL
real	ER	116	4	-15	   -4.00	0	    4.00	1	1	  442.72	-3	7	NULL
real	NL	117	4	15	    4.00	1	   -4.00	1	1	913469.00	-3	0	NULL
real	CR	118	4	-15	   -4.00	0	    4.00	1	1	918273.00	15	7	NULL
real	FR	119	4	-15	   -4.00	0	    4.00	1	1	  465.91	-3	5	NULL
real	PR	120	4	15	   -4.00	0	    4.00	1	1	939167.00	15	5	NULL
real	EL	121	4	-15	    4.00	1	   -4.00	1	1	  507.66	-3	7	NULL
real	KR	122	4	-15	   -4.00	0	    4.00	1	1	947986.00	15	0	NULL
real	LL	123	4	15	    4.00	1	   -4.00	1	1	952817.00	15	0	NULL
real	OL	124	4	-15	    4.00	1	   -4.00	1	1	958183.00	15	5	NULL
real	DR	125	4	15	   -4.00	0	    4.00	1	1	962406.00	15	7	NULL
real	AR	126	4	-15	   -4.00	0	    4.00	1	1	  464.62	-15	7	NULL
real	FL	127	4	-15	    4.00	1	   -4.00	1	1	  498.38	-3	5	NULL
real	OR	128	4	-15	   -4.00	0	    4.00	1	1	975867.00	15	5	NULL
real	DL	129	4	15	    4.00	1	   -4.00	1	1	980663.00	15	7	NULL
real	HL	130	4	15	    4.00	1	   -4.00	1	1	  483.30	-3	5	NULL
real	RR	131	4	15	   -4.00	0	    4.00	1	1	  454.54	-15	5	NULL
real	ML	132	4	-15	    4.00	1	   -4.00	1	1	992317.00	-3	0	NULL
real	GR	133	4	15	   -4.00	0	    4.00	1	1	  424.70	-3	7	NULL
real	GL	134	4	15	    4.00	1	   -4.00	1	1	  629.22	-3	7	NULL
real	BL	135	4	15	    4.00	1	   -4.00	1	1	  903.52	-15	7	NULL
real	HR	136	4	15	    8.00	1	   -2.00	1	2	  509.58	-3	5	NULL
real	RL	137	4	15	    4.00	1	   -4.00	1	1	  613.67	-15	5	NULL
real	NR	138	4	15	   -4.00	0	    4.00	1	1	1016421.00	-3	0	NULL
real	QL	139	4	-15	    4.00	1	   -4.00	1	1	  627.19	-15	5	NULL
real	JR	140	4	15	   -4.00	0	    4.00	1	1	1023994.00	-15	0	NULL
real	IL	141	4	-15	    4.00	1	   -4.00	1	1	1028136.00	-15	0	NULL
real	PL	142	4	15	    4.00	1	   -4.00	1	1	1033479.00	15	5	NULL
real	IR	143	4	-15	   -4.00	0	    4.00	1	1	1037484.00	-15	0	NULL
real	CL	144	4	-15	    4.00	1	   -4.00	1	1	1043613.00	15	7	NULL
real	AR	145	5	-15	    0.00	0	    4.00	0	1	  920.19	-15	7	NULL
real	PL	146	5	15	    0.00	0	    2.00	1	2	1053221.00	15	5	NULL
real	HL	147	5	15	    0.00	0	    2.00	1	2	  724.88	-3	5	NULL
real	QR	148	5	-15	    0.00	0	    4.00	0	1	  636.61	-15	5	NULL
real	GL	149	5	15	    0.00	0	    2.00	1	2	  650.19	-3	7	NULL
real	ML	150	5	-15	    0.00	0	    2.00	1	2	1072664.00	-3	0	NULL
real	GR	151	5	15	    0.00	0	    4.00	0	1	  495.44	-3	7	NULL
real	NR	152	5	15	    0.00	0	    4.00	0	1	1081962.00	-3	0	NULL
real	AL	153	5	-15	    0.00	0	    2.00	1	2	 1091.36	-15	7	NULL
real	OL	154	5	-15	    0.00	0	    2.00	1	2	1091477.00	15	5	NULL
real	QL	155	5	-15	    0.00	0	    2.00	1	2	  917.53	-15	5	NULL
real	FL	156	5	-15	    0.00	1	   -4.00	0	1	 1704.04	-3	5	NULL
real	LL	157	5	15	    0.00	0	    2.00	1	2	1106533.00	15	0	NULL
real	ER	158	5	-15	    0.00	1	   -2.00	1	2	 1425.20	-3	7	NULL
real	MR	159	5	-15	    0.00	1	   -2.00	1	2	1117848.00	-3	0	NULL
real	RL	160	5	15	    0.00	0	    2.00	1	2	  896.54	-15	5	NULL
real	EL	161	5	-15	    0.00	1	   -4.00	0	1	  909.49	-3	7	NULL
real	PR	162	5	15	    0.00	0	    4.00	0	1	1131196.00	15	5	NULL
real	IL	163	5	-15	    0.00	0	    2.00	1	2	1136624.00	-15	0	NULL
real	HR	164	5	15	    6.00	1	   -2.00	0	2	  827.81	-3	5	NULL
real	DL	165	5	15	    0.00	0	    2.00	1	2	1146098.00	15	7	NULL
real	BL	166	5	15	    0.00	0	    2.00	1	2	 2273.87	-15	7	NULL
real	CL	167	5	-15	    0.00	1	   -4.00	0	1	1159636.00	15	7	NULL
real	NL	168	5	15	    0.00	0	    2.00	1	2	1165603.00	-3	0	NULL
real	LR	169	5	15	    0.00	0	    4.00	0	1	1171709.00	15	0	NULL
real	CR	170	5	-15	    0.00	1	   -2.00	1	2	1178566.00	15	7	NULL
real	DR	171	5	15	    0.00	0	    4.00	0	1	1184995.00	15	7	NULL
real	KL	172	5	-15	    0.00	1	   -4.00	0	1	1189723.00	15	0	NULL
real	KR	173	5	-15	    0.00	1	   -2.00	1	2	1194731.00	15	0	NULL
real	BR	174	5	15	    0.00	0	    4.00	0	1	  826.49	-15	7	NULL
real	JL	175	5	15	    0.00	1	   -4.00	0	1	1204129.00	-15	0	NULL
real	JR	176	5	15	    0.00	0	    4.00	0	1	1210552.00	-15	0	NULL
real	RR	177	5	15	    0.00	0	    4.00	0	1	  788.28	-15	5	NULL
real	IR	178	5	-15	    0.00	1	   -2.00	1	2	1219380.00	-15	0	NULL
real	OR	179	5	-15	    0.00	1	   -2.00	1	2	1224303.00	15	5	NULL
real	FR	180	5	-15	    0.00	1	   -2.00	1	2	  819.58	-3	5	NULL
real	HL	181	6	15	    2.00	0	    2.00	0	2	  635.36	-3	5	NULL
real	AR	182	6	-15	    4.00	1	   -2.00	1	2	  585.71	-15	7	NULL
real	FR	183	6	-15	   -2.00	0	    1.00	1	3	  550.06	-3	5	NULL
real	DL	184	6	15	    2.00	1	   -1.00	1	3	1247514.00	15	7	NULL
real	OR	185	6	-15	   -2.00	0	    1.00	1	3	1251826.00	15	5	NULL
real	AL	186	6	-15	    2.00	1	   -1.00	1	3	  770.69	-15	7	NULL
real	QL	187	6	-15	    2.00	1	   -1.00	1	3	  692.58	-15	5	NULL
real	LR	188	6	15	    4.00	1	   -2.00	1	2	1267999.00	15	0	NULL
real	KL	189	6	-15	   -4.00	0	    2.00	1	2	1274331.00	15	0	NULL
real	NR	190	6	15	    4.00	1	   -2.00	1	2	1278633.00	-3	0	NULL
real	RR	191	6	15	    4.00	1	   -2.00	1	2	  697.46	-15	5	NULL
real	MR	192	6	-15	   -2.00	0	    1.00	1	3	1288235.00	-3	0	NULL
real	JR	193	6	15	    4.00	1	   -2.00	1	2	1292353.00	-15	0	NULL
real	ER	194	6	-15	   -2.00	0	    1.00	1	3	  660.81	-3	7	NULL
real	IR	195	6	-15	   -2.00	0	    1.00	1	3	1300728.00	-15	0	NULL
real	PR	196	6	15	    4.00	1	   -2.00	1	2	1305037.00	15	5	NULL
real	EL	197	6	-15	   -4.00	0	    2.00	1	2	  482.38	-3	7	NULL
real	DR	198	6	15	    4.00	1	   -2.00	1	2	1313322.00	15	7	NULL
real	QR	199	6	-15	    4.00	1	   -2.00	1	2	  785.74	-15	5	NULL
real	IL	200	6	-15	    2.00	1	   -1.00	1	3	1322018.00	-15	0	NULL
real	OL	201	6	-15	    2.00	1	   -1.00	1	3	1326503.00	15	5	NULL
real	CR	202	6	-15	   -2.00	0	    1.00	1	3	1334680.00	15	7	NULL
real	CL	203	6	-15	   -4.00	0	    2.00	1	2	1339237.00	15	7	NULL
real	LL	204	6	15	    2.00	1	   -1.00	1	3	1346031.00	15	0	NULL
real	BL	205	6	15	    2.00	1	   -1.00	1	3	  684.04	-15	7	NULL
real	FL	206	6	-15	   -4.00	0	    2.00	1	2	  478.51	-3	5	NULL
real	BR	207	6	15	    4.00	1	   -2.00	1	2	  697.09	-15	7	NULL
real	GR	208	6	15	    4.00	1	   -2.00	1	2	  842.41	-3	7	NULL
real	ML	209	6	-15	    2.00	1	   -1.00	1	3	1369785.00	-3	0	NULL
real	PL	210	6	15	    2.00	1	   -1.00	1	3	1374978.00	15	5	NULL
real	RL	211	6	15	    2.00	1	   -1.00	1	3	  814.94	-15	5	NULL
real	NL	212	6	15	    2.00	1	   -1.00	1	3	1383796.00	-3	0	NULL
real	GL	213	6	15	    2.00	1	   -1.00	1	3	  999.04	-3	7	NULL
real	KR	214	6	-15	   -2.00	0	    1.00	1	3	1393470.00	15	0	NULL
real	HR	215	6	15	    4.00	1	   -2.00	0	2	  496.22	-3	5	NULL
real	JL	216	6	15	   -4.00	0	    2.00	1	2	1405201.00	-15	0	NULL
real	FR	217	7	-15	   -1.00	1	   -1.00	1	4	 1055.93	-3	5	NULL
real	CL	218	7	-15	   -2.00	0	    2.00	0	2	1415807.00	15	7	NULL
real	PL	219	7	15	    1.00	0	    1.00	1	4	1420859.00	15	5	NULL
real	BR	220	7	15	    2.00	1	   -2.00	0	2	  901.97	-15	7	NULL
real	NR	221	7	15	    2.00	0	    1.00	1	3	1430732.00	-3	0	NULL
real	FL	222	7	-15	   -2.00	0	    2.00	0	2	  840.16	-3	5	NULL
real	AL	223	7	-15	    1.00	1	   -1.00	0	3	 2298.72	-15	7	NULL
real	DR	224	7	15	    2.00	1	   -2.00	0	2	1449577.00	15	7	NULL
real	CR	225	7	-15	   -1.00	0	    1.00	0	3	1453941.00	15	7	NULL
real	GR	226	7	15	    2.00	1	   -2.00	0	2	 1044.88	-3	7	NULL
real	ER	227	7	-15	   -1.00	0	    1.00	0	3	  550.13	-3	7	NULL
real	LR	228	7	15	    2.00	1	   -2.00	0	2	1467972.00	15	0	NULL
real	KL	229	7	-15	   -2.00	0	    2.00	0	2	1471817.00	15	0	NULL
real	GL	230	7	15	    1.00	0	    1.00	1	4	 1457.79	-3	7	NULL
real	JR	231	7	15	    2.00	1	   -2.00	0	2	1481172.00	-15	0	NULL
real	OL	232	7	-15	    1.00	1	   -1.00	0	3	1486303.00	15	5	NULL
real	QR	233	7	-15	    2.00	1	   -2.00	0	2	  979.92	-15	5	NULL
real	HR	234	7	15	    2.00	0	    1.00	1	3	 1490.55	-3	5	NULL
real	ML	235	7	-15	    1.00	1	   -1.00	0	3	1500431.00	-3	0	NULL
real	KR	236	7	-15	   -1.00	0	    1.00	0	3	1505435.00	15	0	NULL
real	OR	237	7	-15	   -1.00	0	    1.00	0	3	1509896.00	15	5	NULL
real	PR	238	7	15	    2.00	0	    1.00	1	3	1516235.00	15	5	NULL
real	HL	239	7	15	    4.00	1	   -1.00	1	3	  468.85	-3	5	NULL
real	DL	240	7	15	    1.00	0	    1.00	1	4	1526854.00	15	7	NULL
real	IL	241	7	-15	    1.00	1	   -1.00	0	3	1532619.00	-15	0	NULL
real	MR	242	7	-15	   -1.00	0	    1.00	0	3	1536495.00	-3	0	NULL
real	NL	243	7	15	    1.00	0	    1.00	1	4	1541515.00	-3	0	NULL
real	BL	244	7	15	    1.00	0	    1.00	1	4	  674.55	-15	7	NULL
real	AR	245	7	-15	    2.00	1	   -2.00	0	2	  784.15	-15	7	NULL
real	EL	246	7	-15	   -2.00	0	    2.00	0	2	  633.65	-3	7	NULL
real	LL	247	7	15	    1.00	0	    1.00	1	4	1561510.00	15	0	NULL
real	JL	248	7	15	   -2.00	0	    2.00	0	2	1565942.00	-15	0	NULL
real	RL	249	7	15	    1.00	1	   -1.00	0	3	  629.82	-15	5	NULL
real	RR	250	7	15	    2.00	1	   -2.00	0	2	  590.00	-15	5	NULL
real	QL	251	7	-15	    1.00	1	   -1.00	0	3	 1507.40	-15	5	NULL
real	IR	252	7	-15	   -1.00	0	    1.00	0	3	1585526.00	-15	0	NULL
real	ER	253	8	-15	    0.00	1	   -1.00	1	4	 1536.57	-3	7	NULL
real	HR	254	8	15	    3.00	0	    1.00	0	3	 1533.46	-3	5	NULL
real	FL	255	8	-15	    0.00	0	    2.00	0	2	  723.23	-3	5	NULL
real	OR	256	8	-15	    0.00	1	   -1.00	1	4	1605588.00	15	5	NULL
real	IR	257	8	-15	    0.00	0	    1.00	0	3	1610164.00	-15	0	NULL
real	NL	258	8	15	    2.00	0	    1.00	0	4	1617226.00	-3	0	NULL
real	LL	259	8	15	    2.00	0	    1.00	0	4	1621998.00	15	0	NULL
real	DL	260	8	15	    2.00	1	   -1.00	1	5	1626699.00	15	7	NULL
real	OL	261	8	-15	    0.00	0	    1.00	1	4	1632096.00	15	5	NULL
real	KL	262	8	-15	    0.00	1	   -1.00	1	3	1637525.00	15	0	NULL
real	IL	263	8	-15	    0.00	0	    1.00	1	4	1641985.00	-15	0	NULL
real	PL	264	8	15	    2.00	1	   -1.00	1	5	1651765.00	15	5	NULL
real	GL	265	8	15	    2.00	1	   -1.00	1	5	  804.83	-3	7	NULL
real	CL	266	8	-15	    0.00	1	   -1.00	1	3	1660952.00	15	7	NULL
real	KR	267	8	-15	    0.00	1	   -1.00	1	4	1667021.00	15	0	NULL
real	QL	268	8	-15	    0.00	0	    1.00	1	4	  689.41	-15	5	NULL
real	BL	269	8	15	    2.00	1	   -1.00	1	5	  516.99	-15	7	NULL
real	JL	270	8	15	    0.00	0	    2.00	0	2	1682466.00	-15	0	NULL
real	DR	271	8	15	    0.00	0	    1.00	1	3	1686760.00	15	7	NULL
real	ML	272	8	-15	    0.00	1	   -1.00	0	3	1691071.00	-3	0	NULL
real	AR	273	8	-15	    0.00	0	    1.00	1	3	  899.22	-15	7	NULL
real	RR	274	8	15	    0.00	0	    1.00	1	3	  500.84	-15	5	NULL
real	RL	275	8	15	    0.00	0	    1.00	1	4	  802.39	-15	5	NULL
real	CR	276	8	-15	    0.00	1	   -1.00	1	4	1712682.00	15	7	NULL
real	PR	277	8	15	    3.00	1	   -1.00	1	4	1716900.00	15	5	NULL
real	NR	278	8	15	    3.00	1	   -1.00	1	4	1721010.00	-3	0	NULL
real	MR	279	8	-15	    0.00	1	   -1.00	1	4	1725160.00	-3	0	NULL
real	HL	280	8	15	    3.00	1	   -1.00	0	3	  537.30	-3	5	NULL
real	FR	281	8	-15	   -2.00	0	    1.00	1	5	  378.05	-3	5	NULL
real	EL	282	8	-15	    0.00	0	    2.00	0	2	  460.29	-3	7	NULL
real	LR	283	8	15	    0.00	0	    1.00	1	3	1740519.00	15	0	NULL
real	AL	284	8	-15	    0.00	0	    1.00	1	4	  681.56	-15	7	NULL
real	GR	285	8	15	    0.00	0	    1.00	1	3	  470.94	-3	7	NULL
real	QR	286	8	-15	    0.00	0	    1.00	1	3	  570.00	-15	5	NULL
real	JR	287	8	15	    0.00	0	    1.00	1	3	1755386.00	-15	0	NULL
real	BR	288	8	15	    0.00	0	    1.00	1	3	  817.91	-15	7	NULL
real	QL	289	9	-15	    1.00	1	   -1.00	1	5	  662.23	-15	5	NULL
real	CR	290	9	-15	   -1.00	0	    1.00	1	5	1767384.00	15	7	NULL
real	EL	291	9	-15	    2.00	1	   -1.00	1	3	  491.18	-3	7	NULL
real	NL	292	9	15	    3.00	1	   -1.00	1	5	1775018.00	-3	0	NULL
real	IL	293	9	-15	    1.00	1	   -1.00	1	5	1779387.00	-15	0	NULL
real	OL	294	9	-15	    1.00	1	   -1.00	1	5	1783405.00	15	5	NULL
real	RL	295	9	15	    1.00	0	    1.00	0	4	  762.90	-15	5	NULL
real	JR	296	9	15	    1.00	1	   -1.00	1	4	1793826.00	-15	0	NULL
real	KR	297	9	-15	   -1.00	0	    1.00	1	5	1801581.00	15	0	NULL
real	IR	298	9	-15	    1.00	1	   -1.00	1	4	1805603.00	-15	0	NULL
real	ER	299	9	-15	   -1.00	0	    1.00	1	5	  560.88	-3	7	NULL
real	OR	300	9	-15	   -1.00	0	    1.00	1	5	1814475.00	15	5	NULL
real	GR	301	9	15	    1.00	0	    1.00	0	3	  632.27	-3	7	NULL
real	PL	302	9	15	    1.00	0	    1.00	1	6	1823105.00	15	5	NULL
real	CL	303	9	-15	   -1.00	0	    1.00	1	4	1828352.00	15	7	NULL
real	NR	304	9	15	    2.00	1	   -1.00	0	4	1832837.00	-3	0	NULL
real	LR	305	9	15	    1.00	0	    1.00	0	3	1837537.00	15	0	NULL
real	FR	306	9	-15	   -1.00	0	    1.00	0	5	  587.15	-3	5	NULL
real	HL	307	9	15	    2.00	0	    1.00	1	4	  538.84	-3	5	NULL
real	GL	308	9	15	    1.00	0	    1.00	1	6	  508.36	-3	7	NULL
real	AR	309	9	-15	    1.00	1	   -1.00	1	4	  725.12	-15	7	NULL
real	KL	310	9	-15	   -1.00	0	    1.00	1	4	1857386.00	15	0	NULL
real	QR	311	9	-15	    1.00	1	   -1.00	1	4	  820.21	-15	5	NULL
real	BL	312	9	15	    1.00	1	   -1.00	0	5	 1700.08	-15	7	NULL
real	MR	313	9	-15	   -1.00	0	    1.00	1	5	1871200.00	-3	0	NULL
real	FL	314	9	-15	    2.00	1	   -1.00	1	3	  493.57	-3	5	NULL
real	ML	315	9	-15	   -1.00	0	    1.00	1	4	1879077.00	-3	0	NULL
real	HR	316	9	15	    4.00	1	   -1.00	1	4	  441.49	-3	5	NULL
real	BR	317	9	15	    1.00	0	    1.00	0	3	  875.76	-15	7	NULL
real	PR	318	9	15	    2.00	1	   -1.00	0	4	1891635.00	15	5	NULL
real	DR	319	9	15	    1.00	0	    1.00	0	3	1895721.00	15	7	NULL
real	RR	320	9	15	    1.00	1	   -1.00	1	4	  611.97	-15	5	NULL
real	AL	321	9	-15	    1.00	1	   -1.00	1	5	  720.84	-15	7	NULL
real	JL	322	9	15	    2.00	1	   -1.00	1	3	1909548.00	-15	0	NULL
real	LL	323	9	15	    3.00	1	   -1.00	1	5	1913563.00	15	0	NULL
real	DL	324	9	15	    1.00	0	    1.00	1	6	1918099.00	15	7	NULL
real	HR	325	10	15	    3.00	1	   -1.00	0	4	  493.41	-3	5	NULL
real	ML	326	10	-15	    0.00	0	    1.00	0	4	1927364.00	-3	0	NULL
real	MR	327	10	-15	    0.00	1	   -1.00	1	6	1932027.00	-3	0	NULL
real	RR	328	10	15	    0.00	0	    1.00	1	5	  525.88	-15	5	NULL
real	AL	329	10	-15	    0.00	0	    1.00	1	6	  667.80	-15	7	NULL
real	QR	330	10	-15	    0.00	0	    1.00	1	5	  679.84	-15	5	NULL
real	KL	331	10	-15	    0.00	1	   -1.00	1	5	1950897.00	15	0	NULL
real	JL	332	10	15	    1.00	1	   -1.00	0	3	1955401.00	-15	0	NULL
real	IR	333	10	-15	    0.00	0	    1.00	1	5	1961246.00	-15	0	NULL
real	EL	334	10	-15	    1.00	1	   -1.00	0	3	  704.10	-3	7	NULL
real	ER	335	10	-15	    0.00	0	    1.00	0	5	  649.45	-3	7	NULL
real	RL	336	10	15	    2.00	1	   -1.00	1	5	  693.88	-15	5	NULL
real	GL	337	10	15	    2.00	0	    1.00	0	6	  950.67	-3	7	NULL
real	OL	338	10	-15	    0.00	1	   -1.00	0	5	1984081.00	15	5	NULL
real	BL	339	10	15	    0.00	0	    1.00	1	6	  649.29	-15	7	NULL
real	DR	340	10	15	    2.00	1	   -1.00	1	4	1992622.00	15	7	NULL
real	NR	341	10	15	    1.00	0	    1.00	1	5	1996726.00	-3	0	NULL
real	AR	342	10	-15	    0.00	0	    1.00	1	5	  736.93	-15	7	NULL
real	PL	343	10	15	    2.00	1	   -1.00	1	7	2005068.00	15	5	NULL
real	BR	344	10	15	    2.00	1	   -1.00	1	4	  599.48	-15	7	NULL
real	IL	345	10	-15	    0.00	0	    1.00	1	6	2013297.00	-15	0	NULL
real	DL	346	10	15	    2.00	1	   -1.00	1	7	2018687.00	15	7	NULL
real	OR	347	10	-15	    0.00	1	   -1.00	1	6	2023202.00	15	5	NULL
real	CL	348	10	-15	    0.00	1	   -1.00	1	5	2028185.00	15	7	NULL
real	JR	349	10	15	    0.00	0	    1.00	1	5	2033142.00	-15	0	NULL
real	CR	350	10	-15	    0.00	1	   -1.00	1	6	2037514.00	15	7	NULL
real	QL	351	10	-15	    0.00	0	    1.00	1	6	  595.50	-15	5	NULL
real	NL	352	10	15	    2.00	0	    1.00	1	6	2045854.00	-3	0	NULL
real	PR	353	10	15	    1.00	0	    1.00	1	5	2050844.00	15	5	NULL
real	FL	354	10	-15	    1.00	1	   -1.00	0	3	  497.71	-3	5	NULL
real	GR	355	10	15	    2.00	0	    1.00	0	3	  541.55	-3	7	NULL
real	KR	356	10	-15	    0.00	1	   -1.00	1	6	2062186.00	15	0	NULL
real	HL	357	10	15	    3.00	1	   -1.00	1	5	  498.84	-3	5	NULL
real	FR	358	10	-15	    0.00	1	   -1.00	1	6	 1462.00	-3	5	NULL
real	LR	359	10	15	    2.00	1	   -1.00	1	4	2076673.00	15	0	NULL
real	LL	360	10	15	    2.00	1	   -1.00	0	5	2081392.00	15	0	NULL
real	KR	361	11	-15	   -1.00	0	    1.00	1	7	2086044.00	15	0	NULL
real	LR	362	11	15	    1.00	0	    1.00	1	5	2091098.00	15	0	NULL
real	JL	363	11	15	    0.00	0	    1.00	1	4	2094883.00	-15	0	NULL
real	KL	364	11	-15	   -1.00	1	   -1.00	0	5	2099858.00	15	0	NULL
real	FL	365	11	-15	    0.00	1	   -1.00	0	3	  966.99	-3	5	NULL
real	CL	366	11	-15	   -1.00	0	    1.00	1	6	2109132.00	15	7	NULL
real	GL	367	11	15	    3.00	1	   -1.00	1	7	  575.73	-3	7	NULL
real	QL	368	11	-15	    1.00	0	    1.00	0	6	  750.63	-15	5	NULL
real	NL	369	11	15	    3.00	1	   -1.00	1	7	2122301.00	-3	0	NULL
real	EL	370	11	-15	    0.00	0	    1.00	1	4	  557.94	-3	7	NULL
real	FR	371	11	-15	   -1.00	0	    1.00	1	7	  429.51	-3	5	NULL
real	AR	372	11	-15	    1.00	1	   -1.00	1	6	  939.63	-15	7	NULL
real	ER	373	11	-15	    1.00	1	   -1.00	1	6	  731.20	-3	7	NULL
real	MR	374	11	-15	   -1.00	0	    1.00	1	7	2143869.00	-3	0	NULL
real	BR	375	11	15	    1.00	1	   -1.00	0	4	  990.00	-15	7	NULL
real	DL	376	11	15	    1.00	0	    1.00	1	8	2152900.00	15	7	NULL
real	PR	377	11	15	    2.00	1	   -1.00	1	6	2157379.00	15	5	NULL
real	RR	378	11	15	    1.00	0	    1.00	0	5	  592.76	-15	5	NULL
real	DR	379	11	15	    1.00	1	   -1.00	0	4	2166152.00	15	7	NULL
real	IR	380	11	-15	    1.00	1	   -1.00	1	6	2178506.00	-15	0	NULL
real	RL	381	11	15	    1.00	1	   -1.00	0	5	  525.11	-15	5	NULL
real	LL	382	11	15	    1.00	1	   -1.00	0	5	2188825.00	15	0	NULL
real	OR	383	11	-15	   -1.00	0	    1.00	1	7	2193242.00	15	5	NULL
real	OL	384	11	-15	   -1.00	0	    1.00	1	6	2198988.00	15	5	NULL
real	CR	385	11	-15	   -1.00	0	    1.00	1	7	2203753.00	15	7	NULL
real	AL	386	11	-15	    1.00	1	   -1.00	1	7	  838.77	-15	7	NULL
real	HL	387	11	15	    2.00	1	   -1.00	0	5	  652.27	-3	5	NULL
real	GR	388	11	15	    3.00	1	   -1.00	1	4	  523.42	-3	7	NULL
real	ML	389	11	-15	    1.00	1	   -1.00	1	5	2220935.00	-3	0	NULL
real	QR	390	11	-15	    1.00	1	   -1.00	1	6	  623.42	-15	5	NULL
real	HR	391	11	15	    2.00	1	   -1.00	0	4	  709.89	-3	5	NULL
real	IL	392	11	-15	    1.00	0	    1.00	0	6	2236131.00	-15	0	NULL
real	JR	393	11	15	    1.00	0	    1.00	0	5	2240616.00	-15	0	NULL
real	BL	394	11	15	    1.00	0	    1.00	0	6	  932.20	-15	7	NULL
real	NR	395	11	15	    2.00	1	   -1.00	1	6	2248364.00	-3	0	NULL
real	PL	396	11	15	    1.00	1	   -1.00	0	7	2253229.00	15	5	NULL
real	PR	397	12	15	    1.00	1	   -1.00	0	6	2257441.00	15	5	NULL
real	JR	398	12	15	    2.00	1	   -1.00	1	6	2261649.00	-15	0	NULL
real	NR	399	12	15	    1.00	1	   -1.00	0	6	2266240.00	-3	0	NULL
real	AR	400	12	-15	    0.00	0	    1.00	1	7	  761.34	-15	7	NULL
real	NL	401	12	15	    2.00	1	   -1.00	0	7	2357967.00	-3	0	NULL
real	ML	402	12	-15	    0.00	1	   -1.00	0	5	2362168.00	-3	0	NULL
real	IL	403	12	-15	    2.00	1	   -1.00	1	7	2365874.00	-15	0	NULL
real	ER	404	12	-15	    0.00	1	   -1.00	0	6	  871.28	-3	7	NULL
real	OR	405	12	-15	    0.00	0	    1.00	0	7	2374456.00	15	5	NULL
real	GR	406	12	15	    2.00	0	    1.00	1	5	  877.42	-3	7	NULL
real	AL	407	12	-15	    0.00	0	    1.00	1	8	  689.73	-15	7	NULL
real	CL	408	12	-15	    0.00	0	    1.00	0	6	2387361.00	15	7	NULL
real	EL	409	12	-15	    1.00	1	   -1.00	1	5	  577.75	-3	7	NULL
real	RL	410	12	15	    0.00	0	    1.00	1	6	  620.95	-15	5	NULL
real	IR	411	12	-15	    0.00	0	    1.00	1	7	2399581.00	-15	0	NULL
real	FR	412	12	-15	    0.00	1	   -1.00	1	8	  821.60	-3	5	NULL
real	LR	413	12	15	    2.00	1	   -1.00	1	6	2409910.00	15	0	NULL
real	LL	414	12	15	    0.00	0	    1.00	1	6	2414364.00	15	0	NULL
real	HL	415	12	15	    1.00	0	    1.00	1	6	 1124.10	-3	5	NULL
real	BR	416	12	15	    0.00	0	    1.00	1	5	  657.40	-15	7	NULL
real	QR	417	12	-15	    0.00	0	    1.00	1	7	 2952.46	-15	5	NULL
real	BL	418	12	15	    2.00	1	   -1.00	1	7	  814.09	-15	7	NULL
real	HR	419	12	15	    1.00	0	    1.00	1	5	  644.67	-3	5	NULL
real	GL	420	12	15	    2.00	1	   -1.00	0	7	  652.58	-3	7	NULL
real	RR	421	12	15	    2.00	1	   -1.00	1	6	  607.62	-15	5	NULL
real	KR	422	12	-15	    0.00	1	   -1.00	1	8	2453683.00	15	0	NULL
real	DL	423	12	15	    2.00	0	    1.00	0	8	2459062.00	15	7	NULL
real	FL	424	12	-15	   -1.00	0	    1.00	1	4	  470.73	-3	5	NULL
real	QL	425	12	-15	    2.00	1	   -1.00	1	7	  853.52	-15	5	NULL
real	PL	426	12	15	    0.00	0	    1.00	1	8	2473911.00	15	5	NULL
real	OL	427	12	-15	    0.00	1	   -1.00	1	7	2478109.00	15	5	NULL
real	CR	428	12	-15	    0.00	1	   -1.00	1	8	2483153.00	15	7	NULL
real	DR	429	12	15	    0.00	0	    1.00	1	5	2487514.00	15	7	NULL
real	JL	430	12	15	    1.00	0	    1.00	0	4	2491783.00	-15	0	NULL
real	KL	431	12	-15	   -2.00	0	    1.00	1	6	2496295.00	15	0	NULL
real	MR	432	12	-15	    0.00	1	   -1.00	1	8	2501181.00	-3	0	NULL
real	LR	433	13	15	    1.00	0	    1.00	1	7	2506347.00	15	0	NULL
real	PR	434	13	15	    0.00	0	    1.00	1	7	2510379.00	15	5	NULL
real	GL	435	13	15	    1.00	0	    1.00	1	8	  544.50	-3	7	NULL
real	MR	436	13	-15	   -1.00	0	    1.00	1	9	2519013.00	-3	0	NULL
real	KR	437	13	-15	   -1.00	0	    1.00	1	9	2523561.00	15	0	NULL
real	BL	438	13	15	    1.00	1	   -1.00	0	7	 2613.65	-15	7	NULL
real	QR	439	13	-15	    1.00	1	   -1.00	1	8	  713.32	-15	5	NULL
real	IL	440	13	-15	    1.00	1	   -1.00	0	7	2537727.00	-15	0	NULL
real	FR	441	13	-15	   -1.00	0	    1.00	1	9	  567.00	-3	5	NULL
real	HL	442	13	15	    2.00	0	    1.00	0	6	  804.43	-3	5	NULL
real	OR	443	13	-15	    1.00	1	   -1.00	1	8	2551271.00	15	5	NULL
real	RL	444	13	15	    1.00	1	   -1.00	1	7	  756.85	-15	5	NULL
real	DR	445	13	15	    1.00	0	    1.00	0	5	2560352.00	15	7	NULL
real	AL	446	13	-15	    1.00	1	   -1.00	1	9	 1492.09	-15	7	NULL
real	CL	447	13	-15	    1.00	1	   -1.00	1	7	2569330.00	15	7	NULL
real	NR	448	13	15	    0.00	0	    1.00	1	7	2574419.00	-3	0	NULL
real	LL	449	13	15	    1.00	0	    1.00	0	6	2578778.00	15	0	NULL
real	GR	450	13	15	    3.00	1	   -1.00	1	6	 1121.89	-3	7	NULL
real	QL	451	13	-15	    1.00	1	   -1.00	0	7	  652.52	-15	5	NULL
real	OL	452	13	-15	   -1.00	0	    1.00	1	8	2591781.00	15	5	NULL
real	FL	453	13	-15	    0.00	1	   -1.00	1	5	 1569.46	-3	5	NULL
real	JL	454	13	15	    2.00	1	   -1.00	1	5	2600997.00	-15	0	NULL
real	BR	455	13	15	    1.00	0	    1.00	0	5	  558.31	-15	7	NULL
real	ER	456	13	-15	   -1.00	0	    1.00	1	7	  469.88	-3	7	NULL
real	NL	457	13	15	    1.00	0	    1.00	1	8	2613187.00	-3	0	NULL
real	ML	458	13	-15	   -1.00	0	    1.00	1	6	2617348.00	-3	0	NULL
real	RR	459	13	15	    1.00	1	   -1.00	0	6	 1078.63	-15	5	NULL
real	KL	460	13	-15	   -1.00	0	    1.00	0	6	2626457.00	15	0	NULL
real	PL	461	13	15	    1.00	0	    1.00	0	8	2631013.00	15	5	NULL
real	JR	462	13	15	    1.00	1	   -1.00	0	6	2635406.00	-15	0	NULL
real	CR	463	13	-15	   -1.00	1	   -1.00	0	8	2639978.00	15	7	NULL
real	IR	464	13	-15	    1.00	1	   -1.00	1	8	2643578.00	-15	0	NULL
real	EL	465	13	-15	    0.00	1	   -1.00	0	5	 1539.95	-3	7	NULL
real	DL	466	13	15	    3.00	1	   -1.00	1	9	2652617.00	15	7	NULL
real	HR	467	13	15	    2.00	1	   -1.00	1	6	 2195.39	-3	5	NULL
real	AR	468	13	-15	    1.00	1	   -1.00	1	8	  717.10	-15	7	NULL
real	ML	469	14	-15	    0.00	1	   -1.00	1	7	2668229.00	-3	0	NULL
real	QR	470	14	-15	    0.00	0	    1.00	1	9	  626.91	-15	5	NULL
real	KR	471	14	-15	    0.00	0	    1.00	0	9	2677510.00	15	0	NULL
real	LL	472	14	15	    2.00	1	   -1.00	1	7	2682961.00	15	0	NULL
real	LR	473	14	15	    2.00	1	   -1.00	1	8	2687354.00	15	0	NULL
real	GR	474	14	15	    2.00	1	   -1.00	0	6	  698.23	-3	7	NULL
real	MR	475	14	-15	    0.00	0	    1.00	0	9	2696893.00	-3	0	NULL
real	CL	476	14	-15	    0.00	1	   -1.00	0	7	2701630.00	15	7	NULL
real	RL	477	14	15	    0.00	0	    1.00	1	8	  836.78	-15	5	NULL
real	PR	478	14	15	    1.00	1	   -1.00	1	8	2710408.00	15	5	NULL
real	JL	479	14	15	    1.00	1	   -1.00	0	5	2715390.00	-15	0	NULL
real	FR	480	14	-15	    0.00	0	    1.00	0	9	 2794.06	-3	5	NULL
real	OL	481	14	-15	    0.00	1	   -1.00	1	9	2726094.00	15	5	NULL
real	QL	482	14	-15	    0.00	0	    1.00	1	8	  789.64	-15	5	NULL
real	NL	483	14	15	    2.00	1	   -1.00	1	9	2736654.00	-3	0	NULL
real	AR	484	14	-15	    0.00	0	    1.00	1	9	 1378.66	-15	7	NULL
real	AL	485	14	-15	    0.00	0	    1.00	1	10	  755.49	-15	7	NULL
real	CR	486	14	-15	   -2.00	0	    1.00	1	9	2750054.00	15	7	NULL
real	EL	487	14	-15	   -1.00	0	    1.00	1	6	  661.23	-3	7	NULL
real	DR	488	14	15	    2.00	1	   -1.00	1	6	2759417.00	15	7	NULL
real	RR	489	14	15	    0.00	0	    1.00	1	7	  755.16	-15	5	NULL
real	FL	490	14	-15	   -1.00	0	    1.00	1	6	  681.65	-3	5	NULL
real	IL	491	14	-15	    0.00	0	    1.00	1	8	2773968.00	-15	0	NULL
real	KL	492	14	-15	    0.00	1	   -1.00	1	7	2778930.00	15	0	NULL
real	PL	493	14	15	    2.00	1	   -1.00	1	9	2786864.00	15	5	NULL
real	BL	494	14	15	    0.00	0	    1.00	1	8	  720.48	-15	7	NULL
real	ER	495	14	-15	    0.00	1	   -1.00	1	8	 1057.53	-3	7	NULL
real	JR	496	14	15	    0.00	0	    1.00	1	7	2800123.00	-15	0	NULL
real	HR	497	14	15	    1.00	1	   -1.00	0	6	 1248.44	-3	5	NULL
real	BR	498	14	15	    2.00	1	   -1.00	1	6	  732.35	-15	7	NULL
real	HL	499	14	15	    3.00	1	   -1.00	1	7	  524.56	-3	5	NULL
real	DL	500	14	15	    2.00	1	   -1.00	0	9	2817945.00	15	7	NULL
real	OR	501	14	-15	    0.00	1	   -1.00	0	8	2822657.00	15	5	NULL
real	NR	502	14	15	    1.00	0	    1.00	0	7	2826799.00	-3	0	NULL
real	IR	503	14	-15	    0.00	0	    1.00	1	9	2830267.00	-15	0	NULL
real	GL	504	14	15	    2.00	0	    1.00	0	8	  870.68	-3	7	NULL
real	JR	505	15	15	    1.00	1	   -1.00	1	8	2838250.00	-15	0	NULL
real	QR	506	15	-15	    1.00	1	   -1.00	1	10	  671.48	-15	5	NULL
real	NR	507	15	15	    2.00	1	   -1.00	1	8	2846186.00	-3	0	NULL
real	GL	508	15	15	    3.00	1	   -1.00	1	9	  776.18	-3	7	NULL
real	OL	509	15	-15	   -1.00	1	   -1.00	0	9	2854708.00	15	5	NULL
real	MR	510	15	-15	    1.00	1	   -1.00	1	10	2858589.00	-3	0	NULL
real	KL	511	15	-15	   -1.00	0	    1.00	1	8	2862987.00	15	0	NULL
real	NL	512	15	15	    1.00	0	    1.00	1	10	2867864.00	-3	0	NULL
real	RR	513	15	15	    1.00	1	   -1.00	1	8	  683.21	-15	5	NULL
real	IL	514	15	-15	    1.00	1	   -1.00	1	9	2882070.00	-15	0	NULL
real	KR	515	15	-15	    1.00	1	   -1.00	1	10	2886378.00	15	0	NULL
real	ER	516	15	-15	   -1.00	0	    1.00	1	9	  692.13	-3	7	NULL
real	PL	517	15	15	    1.00	0	    1.00	1	10	2898247.00	15	5	NULL
real	JL	518	15	15	    0.00	0	    1.00	1	6	2902429.00	-15	0	NULL
real	LR	519	15	15	    1.00	1	   -1.00	0	8	2907842.00	15	0	NULL
real	IR	520	15	-15	    1.00	1	   -1.00	1	10	2912062.00	-15	0	NULL
real	HR	521	15	15	    0.00	0	    1.00	1	7	  467.45	-3	5	NULL
real	EL	522	15	-15	    0.00	1	   -1.00	1	7	  881.42	-3	7	NULL
real	BL	523	15	15	    1.00	0	    1.00	0	8	  675.04	-15	7	NULL
real	LL	524	15	15	    1.00	0	    1.00	1	8	2931382.00	15	0	NULL
real	CR	525	15	-15	   -1.00	0	    1.00	0	9	2936010.00	15	7	NULL
real	RL	526	15	15	    1.00	1	   -1.00	1	9	 1029.28	-15	5	NULL
real	PR	527	15	15	    0.00	0	    1.00	1	9	2944742.00	15	5	NULL
real	DL	528	15	15	    1.00	1	   -1.00	0	9	2949269.00	15	7	NULL
real	GR	529	15	15	    1.00	0	    1.00	1	7	  580.50	-3	7	NULL
real	HL	530	15	15	    2.00	1	   -1.00	0	7	  552.04	-3	5	NULL
real	DR	531	15	15	    1.00	0	    1.00	1	7	2966409.00	15	7	NULL
real	BR	532	15	15	    1.00	1	   -1.00	0	6	  675.57	-15	7	NULL
real	CL	533	15	-15	   -1.00	0	    1.00	1	8	2975734.00	15	7	NULL
real	AR	534	15	-15	    1.00	1	   -1.00	1	10	  816.51	-15	7	NULL
real	AL	535	15	-15	    1.00	1	   -1.00	1	11	  692.15	-15	7	NULL
real	FR	536	15	-15	    1.00	1	   -1.00	1	10	  488.18	-3	5	NULL
real	FL	537	15	-15	    0.00	1	   -1.00	1	7	 1070.80	-3	5	NULL
real	OR	538	15	-15	   -1.00	0	    1.00	1	9	2997304.00	15	5	NULL
real	ML	539	15	-15	   -1.00	0	    1.00	1	8	3001266.00	-3	0	NULL
real	QL	540	15	-15	    1.00	1	   -1.00	1	9	  733.06	-15	5	NULL
real	GL	541	16	15	    2.00	1	   -1.00	0	9	  672.27	-3	7	NULL
real	QR	542	16	-15	    0.00	0	    1.00	1	11	  678.09	-15	5	NULL
real	BL	543	16	15	    2.00	1	   -1.00	1	9	  591.93	-15	7	NULL
real	AL	544	16	-15	    0.00	0	    1.00	1	12	  914.44	-15	7	NULL
real	HL	545	16	15	    1.00	0	    1.00	1	8	  593.56	-3	5	NULL
real	BR	546	16	15	    0.00	0	    1.00	1	7	 2019.48	-15	7	NULL
real	EL	547	16	-15	   -1.00	0	    1.00	1	8	 1156.31	-3	7	NULL
real	DR	548	16	15	    2.00	1	   -1.00	1	8	3043185.00	15	7	NULL
real	CR	549	16	-15	    0.00	1	   -1.00	1	10	3047779.00	15	7	NULL
real	AR	550	16	-15	    0.00	0	    1.00	1	11	  736.49	-15	7	NULL
real	DL	551	16	15	    0.00	0	    1.00	1	10	3055911.00	15	7	NULL
real	KL	552	16	-15	    0.00	0	    1.00	0	8	3061003.00	15	0	NULL
real	RR	553	16	15	    0.00	0	    1.00	1	9	  488.83	-15	5	NULL
real	OR	554	16	-15	    0.00	0	    1.00	0	9	3070069.00	15	5	NULL
real	MR	555	16	-15	    0.00	0	    1.00	1	11	3074189.00	-3	0	NULL
real	QL	556	16	-15	    0.00	0	    1.00	1	10	  444.65	-15	5	NULL
real	PL	557	16	15	    2.00	1	   -1.00	1	11	3082550.00	15	5	NULL
real	ML	558	16	-15	    0.00	1	   -1.00	1	9	3089536.00	-3	0	NULL
real	IR	559	16	-15	    0.00	0	    1.00	1	11	3093677.00	-15	0	NULL
real	KR	560	16	-15	    0.00	0	    1.00	1	11	3098501.00	15	0	NULL
real	LL	561	16	15	    2.00	1	   -1.00	1	9	3102915.00	15	0	NULL
real	FR	562	16	-15	    0.00	0	    1.00	1	11	  493.50	-3	5	NULL
real	FL	563	16	-15	   -1.00	0	    1.00	1	8	  489.32	-3	5	NULL
real	NL	564	16	15	    2.00	1	   -1.00	1	11	3116238.00	-3	0	NULL
real	HR	565	16	15	    1.00	0	    1.00	0	7	  505.47	-3	5	NULL
real	PR	566	16	15	    1.00	0	    1.00	0	9	3125682.00	15	5	NULL
real	GR	567	16	15	    2.00	0	    1.00	0	7	  434.83	-3	7	NULL
real	CL	568	16	-15	    0.00	0	    1.00	0	8	3134395.00	15	7	NULL
real	IL	569	16	-15	    0.00	0	    1.00	1	10	3138648.00	-15	0	NULL
real	LR	570	16	15	    0.00	0	    1.00	1	9	3143376.00	15	0	NULL
real	RL	571	16	15	    0.00	0	    1.00	1	10	  495.86	-15	5	NULL
real	JL	572	16	15	    1.00	0	    1.00	0	6	3150860.00	-15	0	NULL
real	ER	573	16	-15	    0.00	0	    1.00	0	9	  521.15	-3	7	NULL
real	OL	574	16	-15	   -2.00	0	    1.00	1	10	3159092.00	15	5	NULL
real	NR	575	16	15	    1.00	0	    1.00	1	9	3163796.00	-3	0	NULL
real	JR	576	16	15	    0.00	0	    1.00	1	9	3167861.00	-15	0	NULL
real	JL	577	17	15	    2.00	1	   -1.00	1	7	3171852.00	-15	0	NULL
real	ML	578	17	-15	   -1.00	0	    1.00	1	10	3175975.00	-3	0	NULL
real	FR	579	17	-15	    1.00	1	   -1.00	1	12	  678.49	-3	5	NULL
real	OR	580	17	-15	    1.00	1	   -1.00	1	10	3185068.00	15	5	NULL
real	OL	581	17	-15	   -1.00	0	    1.00	0	10	3189690.00	15	5	NULL
real	CL	582	17	-15	    1.00	1	   -1.00	1	9	3194299.00	15	7	NULL
real	PR	583	17	15	    2.00	0	    1.00	0	9	3199145.00	15	5	NULL
real	DR	584	17	15	    1.00	1	   -1.00	0	8	3204422.00	15	7	NULL
real	NR	585	17	15	    2.00	1	   -1.00	1	10	3208774.00	-3	0	NULL
real	IR	586	17	-15	    1.00	0	    1.00	0	11	3212886.00	-15	0	NULL
real	LL	587	17	15	    1.00	0	    1.00	1	10	3217366.00	15	0	NULL
real	KL	588	17	-15	    1.00	1	   -1.00	1	9	3221257.00	15	0	NULL
real	PL	589	17	15	    1.00	0	    1.00	1	12	3225304.00	15	5	NULL
real	HL	590	17	15	    2.00	1	   -1.00	1	9	  532.92	-3	5	NULL
real	JR	591	17	15	    1.00	1	   -1.00	1	10	3233556.00	-15	0	NULL
real	AR	592	17	-15	    1.00	0	    1.00	0	11	  845.72	-15	7	NULL
real	EL	593	17	-15	    0.00	0	    1.00	0	8	  520.09	-3	7	NULL
real	LR	594	17	15	    1.00	1	   -1.00	1	10	3246395.00	15	0	NULL
real	FL	595	17	-15	    0.00	1	   -1.00	1	9	  526.49	-3	5	NULL
real	BL	596	17	15	    1.00	1	   -1.00	0	9	  631.01	-15	7	NULL
real	DL	597	17	15	    1.00	1	   -1.00	1	11	3258843.00	15	7	NULL
real	IL	598	17	-15	    1.00	1	   -1.00	1	11	3262925.00	-15	0	NULL
real	GR	599	17	15	    3.00	1	   -1.00	1	8	  429.10	-3	7	NULL
real	BR	600	17	15	    1.00	1	   -1.00	1	8	  547.35	-15	7	NULL
real	HR	601	17	15	    2.00	1	   -1.00	1	8	  369.74	-3	5	NULL
real	RL	602	17	15	    1.00	1	   -1.00	1	11	  923.09	-15	5	NULL
real	NL	603	17	15	    1.00	0	    1.00	1	12	3283893.00	-3	0	NULL
real	QL	604	17	-15	    1.00	1	   -1.00	1	11	  772.58	-15	5	NULL
real	RR	605	17	15	    1.00	0	    1.00	0	9	  764.48	-15	5	NULL
real	KR	606	17	-15	    1.00	1	   -1.00	1	12	3296744.00	15	0	NULL
real	CR	607	17	-15	   -1.00	0	    1.00	1	11	3301018.00	15	7	NULL
real	GL	608	17	15	    1.00	0	    1.00	1	10	  711.49	-3	7	NULL
real	MR	609	17	-15	    1.00	1	   -1.00	1	12	3309775.00	-3	0	NULL
real	QR	610	17	-15	    1.00	0	    1.00	0	11	  483.44	-15	5	NULL
real	ER	611	17	-15	    1.00	1	   -1.00	1	10	  687.46	-3	7	NULL
real	AR	612	18	-15	    2.00	1	   -1.00	1	12	  491.26	-15	7	NULL
real	HL	613	18	15	    1.00	0	    1.00	1	10	  581.24	-3	5	NULL
real	RL	614	18	15	    0.00	0	    1.00	1	12	  609.11	-15	5	NULL
real	BR	615	18	15	    0.00	0	    1.00	1	9	  605.83	-15	7	NULL
real	NR	616	18	15	    1.00	1	   -1.00	0	10	3348756.00	-3	0	NULL
real	DR	617	18	15	    0.00	0	    1.00	1	9	3352822.00	15	7	NULL
real	ER	618	18	-15	    0.00	0	    1.00	1	11	  546.83	-3	7	NULL
real	QR	619	18	-15	    2.00	1	   -1.00	1	12	  498.65	-15	5	NULL
real	JL	620	18	15	    1.00	0	    1.00	1	8	3367159.00	-15	0	NULL
real	PR	621	18	15	    3.00	1	   -1.00	1	10	3373470.00	15	5	NULL
real	QL	622	18	-15	    0.00	0	    1.00	1	12	  517.11	-15	5	NULL
real	IL	623	18	-15	    0.00	0	    1.00	1	12	3380314.00	-15	0	NULL
real	DL	624	18	15	    0.00	0	    1.00	1	12	3384513.00	15	7	NULL
real	HR	625	18	15	    1.00	0	    1.00	1	9	  459.58	-3	5	NULL
real	LL	626	18	15	    2.00	1	   -1.00	1	11	3393148.00	15	0	NULL
real	OL	627	18	-15	    0.00	1	   -1.00	1	11	3399161.00	15	5	NULL
real	ML	628	18	-15	    0.00	1	   -1.00	1	11	3403062.00	-3	0	NULL
real	FL	629	18	-15	   -1.00	0	    1.00	1	10	  571.17	-3	5	NULL
real	OR	630	18	-15	    0.00	1	   -1.00	0	10	3411455.00	15	5	NULL
real	GR	631	18	15	    2.00	1	   -1.00	0	8	  932.33	-3	7	NULL
real	KL	632	18	-15	    0.00	1	   -1.00	0	9	3419892.00	15	0	NULL
real	CR	633	18	-15	    0.00	1	   -1.00	1	12	3424437.00	15	7	NULL
real	JR	634	18	15	    0.00	0	    1.00	1	11	3428031.00	-15	0	NULL
real	CL	635	18	-15	    0.00	1	   -1.00	0	9	3432481.00	15	7	NULL
real	LR	636	18	15	    0.00	0	    1.00	1	11	3437001.00	15	0	NULL
real	IR	637	18	-15	    2.00	1	   -1.00	1	12	3441128.00	-15	0	NULL
real	GL	638	18	15	    2.00	0	    1.00	0	10	  651.56	-3	7	NULL
real	BL	639	18	15	    0.00	0	    1.00	1	10	  862.67	-15	7	NULL
real	EL	640	18	-15	    1.00	1	   -1.00	1	9	  512.31	-3	7	NULL
real	RR	641	18	15	    2.00	1	   -1.00	1	10	  487.83	-15	5	NULL
real	KL	642	19	-15	   -1.00	0	    1.00	1	10	3463107.00	15	0	NULL
real	OL	643	19	-15	   -1.00	0	    1.00	1	12	3467520.00	15	5	NULL
real	BR	644	19	15	    1.00	0	    1.00	0	9	  812.44	-15	7	NULL
real	GR	645	19	15	    1.00	0	    1.00	1	9	  394.22	-3	7	NULL
real	JL	646	19	15	    2.00	1	   -1.00	1	9	3487177.00	-15	0	NULL
real	BL	647	19	15	    1.00	1	   -1.00	1	11	 1084.54	-15	7	NULL
real	NR	648	19	15	    0.00	0	    1.00	1	11	3496040.00	-3	0	NULL
real	EL	649	19	-15	    0.00	1	   -1.00	0	9	 1033.82	-3	7	NULL
real	FL	650	19	-15	    0.00	0	    1.00	0	10	  414.47	-3	5	NULL
real	OR	651	19	-15	   -1.00	0	    1.00	1	11	3509062.00	15	5	NULL
real	ER	652	19	-15	    1.00	1	   -1.00	1	12	  510.21	-3	7	NULL
real	HL	653	19	15	    2.00	0	    1.00	0	10	  559.93	-3	5	NULL
real	RR	654	19	15	    1.00	0	    1.00	1	11	 1537.80	-15	5	NULL
real	DR	655	19	15	    1.00	0	    1.00	0	9	3526442.00	15	7	NULL
real	ML	656	19	-15	   -1.00	0	    1.00	1	12	3530242.00	-3	0	NULL
real	CL	657	19	-15	   -1.00	0	    1.00	1	10	3534882.00	15	7	NULL
real	PR	658	19	15	    2.00	1	   -1.00	0	10	3539283.00	15	5	NULL
real	LR	659	19	15	    1.00	0	    1.00	0	11	3543878.00	15	0	NULL
real	GL	660	19	15	    3.00	1	   -1.00	1	11	  476.53	-3	7	NULL
real	HR	661	19	15	    2.00	1	   -1.00	1	10	 1834.96	-3	5	NULL
real	JR	662	19	15	    1.00	1	   -1.00	1	12	3557084.00	-15	0	NULL
real	LL	663	19	15	    1.00	1	   -1.00	0	11	3561294.00	15	0	NULL
real	GR	664	20	15	    2.00	1	   -1.00	1	10	  732.52	-3	7	NULL
real	LR	665	20	15	    2.00	1	   -1.00	1	12	3570181.00	15	0	NULL
real	GL	666	20	15	    2.00	0	    1.00	1	12	  810.40	-3	7	NULL
real	PR	667	20	15	    1.00	0	    1.00	1	11	3578675.00	15	5	NULL
real	BL	668	20	15	    0.00	0	    1.00	1	12	  452.99	-15	7	NULL
real	LL	669	20	15	    0.00	0	    1.00	1	12	3587099.00	15	0	NULL
real	OR	670	20	-15	    0.00	0	    1.00	0	11	3593598.00	15	5	NULL
real	CL	671	20	-15	    0.00	0	    1.00	0	10	3598747.00	15	7	NULL
real	NR	672	20	15	    1.00	0	    1.00	0	11	3603417.00	-3	0	NULL
real	KL	673	20	-15	    0.00	1	   -1.00	1	11	3609374.00	15	0	NULL
real	HL	674	20	15	    3.00	1	   -1.00	1	11	  425.19	-3	5	NULL
real	EL	675	20	-15	   -1.00	0	    1.00	1	10	  449.13	-3	7	NULL
real	DR	676	20	15	    2.00	0	    1.00	0	9	3620813.00	15	7	NULL
real	RR	677	20	15	    2.00	1	   -1.00	1	12	  716.07	-15	5	NULL
real	FL	678	20	-15	    1.00	1	   -1.00	1	11	  896.66	-3	5	NULL
real	BR	679	20	15	    2.00	1	   -1.00	1	10	  585.52	-15	7	NULL
real	JL	680	20	15	    1.00	0	    1.00	1	10	3636350.00	-15	0	NULL
real	HR	681	20	15	    1.00	0	    1.00	1	11	  486.25	-3	5	NULL
real	CL	682	21	-15	    1.00	1	   -1.00	1	11	3644616.00	15	7	NULL
real	KL	683	21	-15	   -1.00	0	    1.00	1	12	3649647.00	15	0	NULL
real	BR	684	21	15	    1.00	0	    1.00	1	11	 1034.59	-15	7	NULL
real	HL	685	21	15	    2.00	1	   -1.00	0	11	  750.67	-3	5	NULL
real	FL	686	21	-15	    0.00	1	   -1.00	0	11	 1095.63	-3	5	NULL
real	OR	687	21	-15	    1.00	1	   -1.00	1	12	3667392.00	15	5	NULL
real	DR	688	21	15	    3.00	1	   -1.00	1	10	3671489.00	15	7	NULL
real	JL	689	21	15	    2.00	1	   -1.00	1	11	3677201.00	-15	0	NULL
real	GR	690	21	15	    1.00	0	    1.00	1	11	  564.52	-3	7	NULL
real	NR	691	21	15	    2.00	0	    1.00	0	11	3685732.00	-3	0	NULL
real	HR	692	21	15	    2.00	1	   -1.00	1	12	 2654.04	-3	5	NULL
real	EL	693	21	-15	    0.00	0	    1.00	0	10	  449.07	-3	7	NULL
real	PR	694	21	15	    2.00	0	    1.00	0	11	3699857.00	15	5	NULL
real	JL	695	22	15	    1.00	0	    1.00	1	12	3703738.00	-15	0	NULL
real	BR	696	22	15	    2.00	1	   -1.00	1	12	  606.88	-15	7	NULL
real	HL	697	22	15	    1.00	0	    1.00	1	12	  489.98	-3	5	NULL
real	EL	698	22	-15	    1.00	1	   -1.00	1	11	  592.91	-3	7	NULL
real	DR	699	22	15	    2.00	0	    1.00	1	11	3722903.00	15	7	NULL
real	GR	700	22	15	    2.00	1	   -1.00	1	12	  964.25	-3	7	NULL
real	NR	701	22	15	    3.00	1	   -1.00	1	12	3731427.00	-3	0	NULL
real	CL	702	22	-15	    0.00	1	   -1.00	0	11	3736255.00	15	7	NULL
real	PR	703	22	15	    3.00	1	   -1.00	1	12	3740462.00	15	5	NULL
real	FL	704	22	-15	   -1.00	0	    1.00	1	12	  878.81	-3	5	NULL
real	EL	705	23	-15	    0.00	0	    1.00	1	12	  779.54	-3	7	NULL
real	CL	706	23	-15	   -1.00	0	    1.00	1	12	3763097.00	15	7	NULL
real	DR	707	23	15	    3.00	1	   -1.00	1	12	3768432.00	15	7	NULL
