TRIAL_TYPE	trial_variant	TRIAL_NUMBER	TRIAL_ITERATION_VAL	frame_tilt	rod_tilt	response	step_size	reversal	reversal_num	RT	probe_del	alpha_entrain_refreshes	rod_tilt_val
real	ER	1	1	-15	   20.00	1	   -8.00	0	0	 1192.04	-3	7	NULL
real	GR	2	1	15	   20.00	1	   -8.00	0	0	  961.15	-3	7	NULL
real	BL	3	1	15	  -20.00	0	    8.00	0	0	  746.66	-15	7	NULL
real	PR	4	1	15	   20.00	1	   -8.00	0	0	407860.00	15	5	NULL
real	MR	5	1	-15	   20.00	1	   -8.00	0	0	412526.00	-3	0	NULL
real	NR	6	1	15	   20.00	1	   -8.00	0	0	423171.00	-3	0	NULL
real	ML	7	1	-15	  -20.00	0	    8.00	0	0	427477.00	-3	0	NULL
real	IL	8	1	-15	  -20.00	0	    8.00	0	0	431961.00	-15	0	NULL
real	IR	9	1	-15	   20.00	1	   -8.00	0	0	437935.00	-15	0	NULL
real	JL	10	1	15	  -20.00	0	    8.00	0	0	442308.00	-15	0	NULL
real	AL	11	1	-15	  -20.00	0	    8.00	0	0	  577.30	-15	7	NULL
real	JR	12	1	15	   20.00	1	   -8.00	0	0	451919.00	-15	0	NULL
real	NL	13	1	15	  -20.00	0	    8.00	0	0	455952.00	-3	0	NULL
real	FR	14	1	-15	   20.00	1	   -8.00	0	0	  944.32	-3	5	NULL
real	QR	15	1	-15	   20.00	1	   -8.00	0	0	  735.21	-15	5	NULL
real	LR	16	1	15	   20.00	1	   -8.00	0	0	472451.00	15	0	NULL
real	OR	17	1	-15	   20.00	1	   -8.00	0	0	480356.00	15	5	NULL
real	KR	18	1	-15	   20.00	1	   -8.00	0	0	484386.00	15	0	NULL
real	AR	19	1	-15	   20.00	1	   -8.00	0	0	  955.75	-15	7	NULL
real	OL	20	1	-15	  -20.00	0	    8.00	0	0	500148.00	15	5	NULL
real	GL	21	1	15	  -20.00	0	    8.00	0	0	  695.22	-3	7	NULL
real	KL	22	1	-15	  -20.00	0	    8.00	0	0	511175.00	15	0	NULL
real	DR	23	1	15	   20.00	1	   -8.00	0	0	517183.00	15	7	NULL
real	CR	24	1	-15	   20.00	1	   -8.00	0	0	522262.00	15	7	NULL
real	LL	25	1	15	  -20.00	0	    8.00	0	0	526450.00	15	0	NULL
real	DL	26	1	15	  -20.00	0	    8.00	0	0	535335.00	15	7	NULL
real	RR	27	1	15	   20.00	1	   -8.00	0	0	  718.55	-15	5	NULL
real	HL	28	1	15	  -20.00	0	    8.00	0	0	  723.78	-3	5	NULL
real	RL	29	1	15	  -20.00	0	    8.00	0	0	  762.75	-15	5	NULL
real	BR	30	1	15	   20.00	1	   -8.00	0	0	  678.03	-15	7	NULL
real	CL	31	1	-15	  -20.00	0	    8.00	0	0	565544.00	15	7	NULL
real	FL	32	1	-15	  -20.00	0	    8.00	0	0	  662.45	-3	5	NULL
real	EL	33	1	-15	  -20.00	0	    8.00	0	0	  605.82	-3	7	NULL
real	PL	34	1	15	  -20.00	0	    8.00	0	0	581724.00	15	5	NULL
real	HR	35	1	15	   20.00	1	   -8.00	0	0	  576.26	-3	5	NULL
real	QL	36	1	-15	  -20.00	0	    8.00	0	0	  886.94	-15	5	NULL
real	NL	37	2	15	  -12.00	0	    8.00	0	0	600815.00	-3	0	NULL
real	FR	38	2	-15	   12.00	1	   -8.00	0	0	  883.81	-3	5	NULL
real	CL	39	2	-15	  -12.00	0	    8.00	0	0	616707.00	15	7	NULL
real	PL	40	2	15	  -12.00	0	    8.00	0	0	621882.00	15	5	NULL
real	JR	41	2	15	   12.00	1	   -8.00	0	0	631182.00	-15	0	NULL
real	BR	42	2	15	   12.00	1	   -8.00	0	0	 1029.57	-15	7	NULL
real	NR	43	2	15	   12.00	1	   -8.00	0	0	644032.00	-3	0	NULL
real	ER	44	2	-15	   12.00	1	   -8.00	0	0	  938.96	-3	7	NULL
real	KR	45	2	-15	   12.00	1	   -8.00	0	0	661028.00	15	0	NULL
real	QL	46	2	-15	  -12.00	0	    8.00	0	0	 1119.80	-15	5	NULL
real	RL	47	2	15	  -12.00	0	    8.00	0	0	 1095.84	-15	5	NULL
real	MR	48	2	-15	   12.00	1	   -8.00	0	0	680981.00	-3	0	NULL
real	IL	49	2	-15	  -12.00	0	    8.00	0	0	685009.00	-15	0	NULL
real	CR	50	2	-15	   12.00	1	   -8.00	0	0	690172.00	15	7	NULL
real	OR	51	2	-15	   12.00	1	   -8.00	0	0	698186.00	15	5	NULL
real	DL	52	2	15	  -12.00	0	    8.00	0	0	702246.00	15	7	NULL
real	RR	53	2	15	   12.00	1	   -8.00	0	0	  993.57	-15	5	NULL
real	PR	54	2	15	   12.00	1	   -8.00	0	0	717209.00	15	5	NULL
real	EL	55	2	-15	  -12.00	0	    8.00	0	0	  959.21	-3	7	NULL
real	GL	56	2	15	  -12.00	0	    8.00	0	0	 1041.73	-3	7	NULL
real	HL	57	2	15	  -12.00	0	    8.00	0	0	 1025.68	-3	5	NULL
real	LL	58	2	15	  -12.00	0	    8.00	0	0	740193.00	15	0	NULL
real	DR	59	2	15	   12.00	1	   -8.00	0	0	748674.00	15	7	NULL
real	IR	60	2	-15	   12.00	1	   -8.00	0	0	753665.00	-15	0	NULL
real	AR	61	2	-15	   12.00	1	   -8.00	0	0	  942.30	-15	7	NULL
real	KL	62	2	-15	  -12.00	0	    8.00	0	0	766774.00	15	0	NULL
real	BL	63	2	15	  -12.00	0	    8.00	0	0	  573.26	-15	7	NULL
real	LR	64	2	15	   12.00	1	   -8.00	0	0	783974.00	15	0	NULL
real	HR	65	2	15	   12.00	1	   -8.00	0	0	  877.13	-3	5	NULL
real	GR	66	2	15	   12.00	1	   -8.00	0	0	 1509.24	-3	7	NULL
real	FL	67	2	-15	  -12.00	0	    8.00	0	0	 1137.45	-3	5	NULL
real	QR	68	2	-15	   12.00	1	   -8.00	0	0	  723.05	-15	5	NULL
real	ML	69	2	-15	  -12.00	0	    8.00	0	0	820581.00	-3	0	NULL
real	AL	70	2	-15	  -12.00	0	    8.00	0	0	  985.01	-15	7	NULL
real	JL	71	2	15	  -12.00	0	    8.00	0	0	832708.00	-15	0	NULL
real	OL	72	2	-15	  -12.00	0	    8.00	0	0	837702.00	15	5	NULL
real	FL	73	3	-15	   -4.00	1	   -4.00	1	1	 1745.21	-3	5	NULL
real	FR	74	3	-15	    4.00	1	   -8.00	0	0	 1090.33	-3	5	NULL
real	AL	75	3	-15	   -4.00	0	    8.00	0	0	 1248.03	-15	7	NULL
real	NR	76	3	15	    4.00	1	   -8.00	0	0	874506.00	-3	0	NULL
real	LL	77	3	15	   -4.00	0	    8.00	0	0	879725.00	15	0	NULL
real	KR	78	3	-15	    4.00	1	   -8.00	0	0	886782.00	15	0	NULL
real	ER	79	3	-15	    4.00	1	   -8.00	0	0	  902.63	-3	7	NULL
real	QR	80	3	-15	    4.00	1	   -8.00	0	0	  736.99	-15	5	NULL
real	OL	81	3	-15	   -4.00	1	   -4.00	1	1	921789.00	15	5	NULL
real	PL	82	3	15	   -4.00	0	    8.00	0	0	926319.00	15	5	NULL
real	HR	83	3	15	    4.00	0	    4.00	1	1	 1064.52	-3	5	NULL
real	NL	84	3	15	   -4.00	0	    8.00	0	0	942198.00	-3	0	NULL
real	GL	85	3	15	   -4.00	0	    8.00	0	0	  965.90	-3	7	NULL
real	CR	86	3	-15	    4.00	1	   -8.00	0	0	959690.00	15	7	NULL
real	RL	87	3	15	   -4.00	0	    8.00	0	0	  758.88	-15	5	NULL
real	BR	88	3	15	    4.00	1	   -8.00	0	0	  863.04	-15	7	NULL
real	GR	89	3	15	    4.00	1	   -8.00	0	0	  956.58	-3	7	NULL
real	EL	90	3	-15	   -4.00	0	    8.00	0	0	 1463.31	-3	7	NULL
real	CL	91	3	-15	   -4.00	0	    8.00	0	0	1004032.00	15	7	NULL
real	HL	92	3	15	   -4.00	0	    8.00	0	0	  963.07	-3	5	NULL
real	LR	93	3	15	    4.00	1	   -8.00	0	0	1032576.00	15	0	NULL
real	JR	94	3	15	    4.00	1	   -8.00	0	0	1036797.00	-15	0	NULL
real	PR	95	3	15	    4.00	1	   -8.00	0	0	1043972.00	15	5	NULL
real	MR	96	3	-15	    4.00	1	   -8.00	0	0	1056480.00	-3	0	NULL
real	AR	97	3	-15	    4.00	1	   -8.00	0	0	  839.32	-15	7	NULL
real	RR	98	3	15	    4.00	1	   -8.00	0	0	  754.88	-15	5	NULL
real	ML	99	3	-15	   -4.00	0	    8.00	0	0	1079513.00	-3	0	NULL
real	KL	100	3	-15	   -4.00	0	    8.00	0	0	1090757.00	15	0	NULL
real	DR	101	3	15	    4.00	0	    4.00	1	1	1097560.00	15	7	NULL
real	QL	102	3	-15	   -4.00	0	    8.00	0	0	  856.32	-15	5	NULL
real	IL	103	3	-15	   -4.00	0	    8.00	0	0	1108825.00	-15	0	NULL
real	JL	104	3	15	   -4.00	0	    8.00	0	0	1114698.00	-15	0	NULL
real	IR	105	3	-15	    4.00	1	   -8.00	0	0	1118230.00	-15	0	NULL
real	DL	106	3	15	   -4.00	0	    8.00	0	0	1122906.00	15	7	NULL
real	BL	107	3	15	   -4.00	0	    8.00	0	0	  872.63	-15	7	NULL
real	OR	108	3	-15	    4.00	1	   -8.00	0	0	1134149.00	15	5	NULL
real	OL	109	4	-15	   -8.00	0	    2.00	1	2	1141904.00	15	5	NULL
real	ER	110	4	-15	   -4.00	0	    4.00	1	1	  807.59	-3	7	NULL
real	JR	111	4	15	   -4.00	0	    4.00	1	1	1166126.00	-15	0	NULL
real	AR	112	4	-15	   -4.00	0	    4.00	1	1	  796.19	-15	7	NULL
real	EL	113	4	-15	    4.00	1	   -4.00	1	1	  733.55	-3	7	NULL
real	JL	114	4	15	    4.00	1	   -4.00	1	1	1194192.00	-15	0	NULL
real	RL	115	4	15	    4.00	1	   -4.00	1	1	  635.15	-15	5	NULL
real	DL	116	4	15	    4.00	1	   -4.00	1	1	1201606.00	15	7	NULL
real	AL	117	4	-15	    4.00	1	   -4.00	1	1	  660.17	-15	7	NULL
real	CR	118	4	-15	   -4.00	0	    4.00	1	1	1210444.00	15	7	NULL
real	MR	119	4	-15	   -4.00	0	    4.00	1	1	1216545.00	-3	0	NULL
real	FR	120	4	-15	   -4.00	0	    4.00	1	1	  920.64	-3	5	NULL
real	CL	121	4	-15	    4.00	1	   -4.00	1	1	1229041.00	15	7	NULL
real	KR	122	4	-15	   -4.00	0	    4.00	1	1	1234752.00	15	0	NULL
real	PR	123	4	15	   -4.00	0	    4.00	1	1	1242587.00	15	5	NULL
real	QR	124	4	-15	   -4.00	0	    4.00	1	1	  763.21	-15	5	NULL
real	BL	125	4	15	    4.00	1	   -4.00	1	1	  886.24	-15	7	NULL
real	NR	126	4	15	   -4.00	0	    4.00	1	1	1270616.00	-3	0	NULL
real	GR	127	4	15	   -4.00	0	    4.00	1	1	  781.92	-3	7	NULL
real	QL	128	4	-15	    4.00	1	   -4.00	1	1	  706.16	-15	5	NULL
real	RR	129	4	15	   -4.00	0	    4.00	1	1	  645.31	-15	5	NULL
real	KL	130	4	-15	    4.00	1	   -4.00	1	1	1290581.00	15	0	NULL
real	FL	131	4	-15	   -8.00	0	    2.00	1	2	  458.63	-3	5	NULL
real	HR	132	4	15	    8.00	1	   -2.00	1	2	  478.12	-3	5	NULL
real	LL	133	4	15	    4.00	1	   -4.00	1	1	1312945.00	15	0	NULL
real	BR	134	4	15	   -4.00	0	    4.00	1	1	  616.67	-15	7	NULL
real	ML	135	4	-15	    4.00	1	   -4.00	1	1	1337118.00	-3	0	NULL
real	OR	136	4	-15	   -4.00	0	    4.00	1	1	1349043.00	15	5	NULL
real	IR	137	4	-15	   -4.00	0	    4.00	1	1	1355448.00	-15	0	NULL
real	IL	138	4	-15	    4.00	1	   -4.00	1	1	1359381.00	-15	0	NULL
real	LR	139	4	15	   -4.00	0	    4.00	1	1	1373445.00	15	0	NULL
real	HL	140	4	15	    4.00	1	   -4.00	1	1	 1323.30	-3	5	NULL
real	GL	141	4	15	    4.00	0	    8.00	0	0	  708.24	-3	7	NULL
real	NL	142	4	15	    4.00	1	   -4.00	1	1	1386664.00	-3	0	NULL
real	PL	143	4	15	    4.00	1	   -4.00	1	1	1392327.00	15	5	NULL
real	DR	144	4	15	    8.00	1	   -2.00	1	2	1402789.00	15	7	NULL
real	EL	145	5	-15	    0.00	1	   -4.00	0	1	  761.53	-3	7	NULL
real	OL	146	5	-15	   -6.00	0	    2.00	0	2	1415573.00	15	5	NULL
real	IL	147	5	-15	    0.00	1	   -4.00	0	1	1426023.00	-15	0	NULL
real	AR	148	5	-15	    0.00	0	    4.00	0	1	 1372.76	-15	7	NULL
real	LL	149	5	15	    0.00	0	    2.00	1	2	1438998.00	15	0	NULL
real	HL	150	5	15	    0.00	0	    2.00	1	2	  634.54	-3	5	NULL
real	HR	151	5	15	    6.00	1	   -2.00	0	2	  679.00	-3	5	NULL
real	KR	152	5	-15	    0.00	1	   -2.00	1	2	1459565.00	15	0	NULL
real	ER	153	5	-15	    0.00	0	    4.00	0	1	 1267.14	-3	7	NULL
real	PL	154	5	15	    0.00	0	    2.00	1	2	1478988.00	15	5	NULL
real	BL	155	5	15	    0.00	0	    2.00	1	2	  938.77	-15	7	NULL
real	BR	156	5	15	    0.00	0	    4.00	0	1	 1078.36	-15	7	NULL
real	JR	157	5	15	    0.00	1	   -2.00	1	2	1505319.00	-15	0	NULL
real	MR	158	5	-15	    0.00	1	   -2.00	1	2	1511925.00	-3	0	NULL
real	CR	159	5	-15	    0.00	0	    4.00	0	1	1522871.00	15	7	NULL
real	GL	160	5	15	   12.00	1	   -4.00	1	1	  746.75	-3	7	NULL
real	DR	161	5	15	    6.00	1	   -2.00	0	2	1536997.00	15	7	NULL
real	QR	162	5	-15	    0.00	0	    4.00	0	1	  896.92	-15	5	NULL
real	NL	163	5	15	    0.00	0	    2.00	1	2	1554900.00	-3	0	NULL
real	QL	164	5	-15	    0.00	0	    2.00	1	2	  764.67	-15	5	NULL
real	RL	165	5	15	    0.00	0	    2.00	1	2	 1020.54	-15	5	NULL
real	FR	166	5	-15	    0.00	1	   -2.00	1	2	  832.47	-3	5	NULL
real	NR	167	5	15	    0.00	0	    4.00	0	1	1585354.00	-3	0	NULL
real	PR	168	5	15	    0.00	0	    4.00	0	1	1593820.00	15	5	NULL
real	LR	169	5	15	    0.00	0	    4.00	0	1	1600205.00	15	0	NULL
real	KL	170	5	-15	    0.00	1	   -4.00	0	1	1607990.00	15	0	NULL
real	GR	171	5	15	    0.00	0	    4.00	0	1	  428.25	-3	7	NULL
real	FL	172	5	-15	   -6.00	0	    2.00	0	2	  453.80	-3	5	NULL
real	AL	173	5	-15	    0.00	0	    2.00	1	2	  404.07	-15	7	NULL
real	JL	174	5	15	    0.00	0	    2.00	1	2	1631991.00	-15	0	NULL
real	CL	175	5	-15	    0.00	1	   -4.00	0	1	1642632.00	15	7	NULL
real	OR	176	5	-15	    0.00	1	   -2.00	1	2	1646714.00	15	5	NULL
real	DL	177	5	15	    0.00	0	    2.00	1	2	1650698.00	15	7	NULL
real	RR	178	5	15	    0.00	0	    4.00	0	1	  445.85	-15	5	NULL
real	IR	179	5	-15	    0.00	1	   -2.00	1	2	1660598.00	-15	0	NULL
real	ML	180	5	-15	    0.00	1	   -4.00	0	1	1664563.00	-3	0	NULL
real	NL	181	6	15	    2.00	0	    2.00	0	2	1669245.00	-3	0	NULL
real	GL	182	6	15	    8.00	1	   -4.00	0	1	  718.15	-3	7	NULL
real	HR	183	6	15	    4.00	1	   -2.00	0	2	  379.26	-3	5	NULL
real	KL	184	6	-15	   -4.00	0	    2.00	1	2	1680898.00	15	0	NULL
real	LL	185	6	15	    2.00	0	    2.00	0	2	1685747.00	15	0	NULL
real	PL	186	6	15	    2.00	1	   -1.00	1	3	1697826.00	15	5	NULL
real	AL	187	6	-15	    2.00	1	   -1.00	1	3	  735.20	-15	7	NULL
real	KR	188	6	-15	   -2.00	0	    1.00	1	3	1707557.00	15	0	NULL
real	GR	189	6	15	    4.00	0	    4.00	0	1	 1770.44	-3	7	NULL
real	ER	190	6	-15	    4.00	1	   -2.00	1	2	  607.14	-3	7	NULL
real	BL	191	6	15	    2.00	1	   -1.00	1	3	  537.36	-15	7	NULL
real	LR	192	6	15	    4.00	1	   -2.00	1	2	1727937.00	15	0	NULL
real	BR	193	6	15	    4.00	1	   -2.00	1	2	  566.36	-15	7	NULL
real	OR	194	6	-15	   -2.00	0	    1.00	1	3	1737959.00	15	5	NULL
real	EL	195	6	-15	   -4.00	0	    2.00	1	2	 1227.73	-3	7	NULL
real	QR	196	6	-15	    4.00	1	   -2.00	1	2	  616.68	-15	5	NULL
real	JL	197	6	15	    2.00	1	   -1.00	1	3	1752278.00	-15	0	NULL
real	RR	198	6	15	    4.00	1	   -2.00	1	2	  397.38	-15	5	NULL
real	JR	199	6	15	   -2.00	0	    1.00	1	3	1759940.00	-15	0	NULL
real	DL	200	6	15	    2.00	0	    2.00	0	2	1766108.00	15	7	NULL
real	CR	201	6	-15	    4.00	1	   -2.00	1	2	1770104.00	15	7	NULL
real	MR	202	6	-15	   -2.00	0	    1.00	1	3	1774065.00	-3	0	NULL
real	OL	203	6	-15	   -4.00	0	    2.00	0	2	1778618.00	15	5	NULL
real	IL	204	6	-15	   -4.00	0	    2.00	1	2	1782123.00	-15	0	NULL
real	QL	205	6	-15	    2.00	1	   -1.00	1	3	  588.52	-15	5	NULL
real	IR	206	6	-15	   -2.00	0	    1.00	1	3	1799423.00	-15	0	NULL
real	PR	207	6	15	    4.00	1	   -2.00	1	2	1803421.00	15	5	NULL
real	FR	208	6	-15	   -2.00	1	   -2.00	0	2	  585.33	-3	5	NULL
real	AR	209	6	-15	    4.00	1	   -2.00	1	2	  484.78	-15	7	NULL
real	DR	210	6	15	    4.00	1	   -2.00	0	2	1834013.00	15	7	NULL
real	HL	211	6	15	    2.00	0	    2.00	0	2	  512.35	-3	5	NULL
real	FL	212	6	-15	   -4.00	0	    2.00	0	2	  739.95	-3	5	NULL
real	RL	213	6	15	    2.00	1	   -1.00	1	3	  417.40	-15	5	NULL
real	CL	214	6	-15	   -4.00	0	    2.00	1	2	1853304.00	15	7	NULL
real	ML	215	6	-15	   -4.00	0	    2.00	1	2	1860303.00	-3	0	NULL
real	NR	216	6	15	    4.00	1	   -2.00	1	2	1864893.00	-3	0	NULL
real	BR	217	7	15	    2.00	1	   -2.00	0	2	  463.52	-15	7	NULL
real	EL	218	7	-15	   -2.00	1	   -1.00	1	3	  849.40	-3	7	NULL
real	BL	219	7	15	    1.00	1	   -1.00	0	3	  753.58	-15	7	NULL
real	CR	220	7	-15	    2.00	1	   -2.00	0	2	1886349.00	15	7	NULL
real	QR	221	7	-15	    2.00	1	   -2.00	0	2	  608.56	-15	5	NULL
real	FL	222	7	-15	   -2.00	1	   -1.00	1	3	  737.28	-3	5	NULL
real	KL	223	7	-15	   -2.00	0	    2.00	0	2	1903540.00	15	0	NULL
real	PR	224	7	15	    2.00	1	   -2.00	0	2	1909177.00	15	5	NULL
real	ER	225	7	-15	    2.00	1	   -2.00	0	2	  490.96	-3	7	NULL
real	AL	226	7	-15	    1.00	1	   -1.00	0	3	  804.48	-15	7	NULL
real	RL	227	7	15	    1.00	1	   -1.00	0	3	  657.17	-15	5	NULL
real	KR	228	7	-15	   -1.00	0	    1.00	0	3	1939703.00	15	0	NULL
real	OL	229	7	-15	   -2.00	0	    2.00	0	2	1958094.00	15	5	NULL
real	GR	230	7	15	    8.00	1	   -2.00	1	2	  404.46	-3	7	NULL
real	CL	231	7	-15	   -2.00	0	    2.00	0	2	1971036.00	15	7	NULL
real	RR	232	7	15	    2.00	1	   -2.00	0	2	  558.27	-15	5	NULL
real	OR	233	7	-15	   -1.00	1	   -1.00	1	4	1990726.00	15	5	NULL
real	LR	234	7	15	    2.00	1	   -2.00	0	2	1995398.00	15	0	NULL
real	MR	235	7	-15	   -1.00	1	   -1.00	1	4	1999589.00	-3	0	NULL
real	QL	236	7	-15	    1.00	1	   -1.00	0	3	  802.68	-15	5	NULL
real	JR	237	7	15	   -1.00	1	   -1.00	1	4	2013851.00	-15	0	NULL
real	HR	238	7	15	    2.00	0	    1.00	1	3	  734.73	-3	5	NULL
real	ML	239	7	-15	   -2.00	0	    2.00	0	2	2034433.00	-3	0	NULL
real	IL	240	7	-15	   -2.00	0	    2.00	0	2	2037922.00	-15	0	NULL
real	LL	241	7	15	    4.00	1	   -1.00	1	3	2041813.00	15	0	NULL
real	HL	242	7	15	    4.00	1	   -1.00	1	3	  402.85	-3	5	NULL
real	NL	243	7	15	    4.00	1	   -1.00	1	3	2060111.00	-3	0	NULL
real	IR	244	7	-15	   -1.00	0	    1.00	0	3	2063725.00	-15	0	NULL
real	DL	245	7	15	    4.00	1	   -1.00	1	3	2069597.00	15	7	NULL
real	PL	246	7	15	    1.00	0	    1.00	1	4	2073923.00	15	5	NULL
real	NR	247	7	15	    2.00	1	   -2.00	0	2	2091793.00	-3	0	NULL
real	JL	248	7	15	    1.00	1	   -1.00	0	3	2095749.00	-15	0	NULL
real	DR	249	7	15	    2.00	1	   -2.00	0	2	2099945.00	15	7	NULL
real	AR	250	7	-15	    2.00	1	   -2.00	0	2	 1556.77	-15	7	NULL
real	GL	251	7	15	    4.00	0	    2.00	1	2	 1003.92	-3	7	NULL
real	FR	252	7	-15	   -4.00	0	    1.00	1	3	  745.99	-3	5	NULL
real	IR	253	8	-15	    0.00	0	    1.00	0	3	2144673.00	-15	0	NULL
real	BL	254	8	15	    0.00	0	    1.00	1	4	  722.60	-15	7	NULL
real	LL	255	8	15	    3.00	1	   -1.00	0	3	2155939.00	15	0	NULL
real	HL	256	8	15	    3.00	1	   -1.00	0	3	  900.45	-3	5	NULL
real	PR	257	8	15	    0.00	0	    1.00	1	3	2164925.00	15	5	NULL
real	RR	258	8	15	    0.00	0	    1.00	1	3	  875.08	-15	5	NULL
real	JR	259	8	15	   -2.00	0	    1.00	1	5	2177564.00	-15	0	NULL
real	CL	260	8	-15	    0.00	1	   -1.00	1	3	2181637.00	15	7	NULL
real	RL	261	8	15	    0.00	0	    1.00	1	4	  522.59	-15	5	NULL
real	FL	262	8	-15	   -3.00	0	    1.00	1	4	  390.93	-3	5	NULL
real	QR	263	8	-15	    0.00	1	   -2.00	0	2	  672.42	-15	5	NULL
real	GL	264	8	15	    6.00	1	   -1.00	1	3	  350.12	-3	7	NULL
real	QL	265	8	-15	    0.00	1	   -1.00	0	3	  873.84	-15	5	NULL
real	LR	266	8	15	    0.00	0	    1.00	1	3	2208698.00	15	0	NULL
real	MR	267	8	-15	   -2.00	1	   -1.00	0	4	2212444.00	-3	0	NULL
real	IL	268	8	-15	    0.00	0	    2.00	0	2	2219673.00	-15	0	NULL
real	PL	269	8	15	    2.00	1	   -1.00	1	5	2232937.00	15	5	NULL
real	GR	270	8	15	    6.00	1	   -2.00	0	2	  360.39	-3	7	NULL
real	AR	271	8	-15	    0.00	0	    1.00	1	3	  557.97	-15	7	NULL
real	KR	272	8	-15	    0.00	0	    1.00	0	3	2264057.00	15	0	NULL
real	FR	273	8	-15	   -3.00	0	    1.00	0	3	  832.41	-3	5	NULL
real	ML	274	8	-15	    0.00	1	   -1.00	1	3	2284835.00	-3	0	NULL
real	ER	275	8	-15	    0.00	1	   -2.00	0	2	  593.16	-3	7	NULL
real	HR	276	8	15	    3.00	1	   -1.00	1	4	  401.42	-3	5	NULL
real	JL	277	8	15	    0.00	0	    1.00	1	4	2300970.00	-15	0	NULL
real	KL	278	8	-15	    0.00	1	   -1.00	1	3	2306473.00	15	0	NULL
real	OL	279	8	-15	    0.00	1	   -1.00	1	3	2312092.00	15	5	NULL
real	OR	280	8	-15	   -2.00	1	   -1.00	0	4	2316251.00	15	5	NULL
real	DR	281	8	15	    0.00	0	    1.00	1	3	2320914.00	15	7	NULL
real	NR	282	8	15	    0.00	0	    1.00	1	3	2329900.00	-3	0	NULL
real	DL	283	8	15	    3.00	0	    1.00	1	4	2337274.00	15	7	NULL
real	BR	284	8	15	    0.00	0	    1.00	1	3	  687.52	-15	7	NULL
real	CR	285	8	-15	    0.00	1	   -2.00	0	2	2352718.00	15	7	NULL
real	NL	286	8	15	    3.00	1	   -1.00	0	3	2356631.00	-3	0	NULL
real	AL	287	8	-15	    0.00	0	    1.00	1	4	  531.99	-15	7	NULL
real	EL	288	8	-15	   -3.00	0	    1.00	1	4	  511.13	-3	7	NULL
real	CR	289	9	-15	   -2.00	0	    1.00	1	3	2369366.00	15	7	NULL
real	LR	290	9	15	    1.00	0	    1.00	0	3	2373232.00	15	0	NULL
real	PL	291	9	15	    1.00	0	    1.00	1	6	2383917.00	15	5	NULL
real	BR	292	9	15	    1.00	0	    1.00	0	3	  453.74	-15	7	NULL
real	MR	293	9	-15	   -3.00	0	    1.00	1	5	2391463.00	-3	0	NULL
real	RL	294	9	15	    1.00	0	    1.00	0	4	 1042.83	-15	5	NULL
real	JR	295	9	15	   -1.00	0	    1.00	0	5	2401459.00	-15	0	NULL
real	RR	296	9	15	    1.00	1	   -1.00	1	4	  376.42	-15	5	NULL
real	NR	297	9	15	    1.00	0	    1.00	0	3	2410910.00	-3	0	NULL
real	QL	298	9	-15	   -1.00	0	    1.00	1	4	  587.16	-15	5	NULL
real	AL	299	9	-15	    1.00	0	    1.00	0	4	  621.31	-15	7	NULL
real	BL	300	9	15	    1.00	1	   -1.00	1	5	  631.40	-15	7	NULL
real	HR	301	9	15	    2.00	0	    1.00	1	5	  932.18	-3	5	NULL
real	NL	302	9	15	    2.00	0	    1.00	1	4	2452457.00	-3	0	NULL
real	KR	303	9	-15	    1.00	1	   -1.00	1	4	2456609.00	15	0	NULL
real	HL	304	9	15	    2.00	0	    1.00	1	4	  475.35	-3	5	NULL
real	EL	305	9	-15	   -2.00	0	    1.00	0	4	  430.80	-3	7	NULL
real	CL	306	9	-15	   -1.00	0	    1.00	1	4	2470122.00	15	7	NULL
real	FL	307	9	-15	   -2.00	0	    1.00	0	4	  392.80	-3	5	NULL
real	DR	308	9	15	    1.00	0	    1.00	0	3	2487914.00	15	7	NULL
real	ER	309	9	-15	   -2.00	1	   -2.00	0	2	  724.97	-3	7	NULL
real	JL	310	9	15	    1.00	1	   -1.00	1	5	2499940.00	-15	0	NULL
real	GR	311	9	15	    4.00	1	   -2.00	0	2	  621.76	-3	7	NULL
real	OL	312	9	-15	   -1.00	0	    1.00	1	4	2540840.00	15	5	NULL
real	KL	313	9	-15	   -1.00	0	    1.00	1	4	2546229.00	15	0	NULL
real	DL	314	9	15	    4.00	1	   -1.00	1	5	2569582.00	15	7	NULL
real	AR	315	9	-15	    1.00	0	    1.00	0	3	  612.99	-15	7	NULL
real	FR	316	9	-15	   -2.00	1	   -1.00	1	4	  760.23	-3	5	NULL
real	ML	317	9	-15	   -1.00	1	   -1.00	0	3	2585964.00	-3	0	NULL
real	GL	318	9	15	    5.00	1	   -1.00	0	3	  366.80	-3	7	NULL
real	PR	319	9	15	    1.00	0	    1.00	0	3	2598815.00	15	5	NULL
real	QR	320	9	-15	   -2.00	0	    1.00	1	3	  566.84	-15	5	NULL
real	LL	321	9	15	    2.00	0	    1.00	1	4	2614713.00	15	0	NULL
real	IL	322	9	-15	    2.00	1	   -1.00	1	3	2619897.00	-15	0	NULL
real	IR	323	9	-15	    1.00	1	   -1.00	1	4	2624199.00	-15	0	NULL
real	OR	324	9	-15	   -3.00	0	    1.00	1	5	2635619.00	15	5	NULL
real	ML	325	10	-15	   -2.00	0	    1.00	1	4	2641095.00	-3	0	NULL
real	RR	326	10	15	    0.00	0	    1.00	1	5	  717.71	-15	5	NULL
real	BR	327	10	15	    2.00	1	   -1.00	1	4	  500.76	-15	7	NULL
real	QR	328	10	-15	   -1.00	0	    1.00	0	3	  573.04	-15	5	NULL
real	PR	329	10	15	    2.00	0	    1.00	0	3	2665754.00	15	5	NULL
real	ER	330	10	-15	   -4.00	0	    1.00	1	3	  382.32	-3	7	NULL
real	FL	331	10	-15	   -1.00	1	   -1.00	1	5	  722.09	-3	5	NULL
real	FR	332	10	-15	   -3.00	0	    1.00	1	5	  653.84	-3	5	NULL
real	DL	333	10	15	    3.00	1	   -1.00	0	5	2686534.00	15	7	NULL
real	IL	334	10	-15	    1.00	1	   -1.00	0	3	2690977.00	-15	0	NULL
real	JR	335	10	15	    0.00	0	    1.00	0	5	2695869.00	-15	0	NULL
real	EL	336	10	-15	   -1.00	1	   -1.00	1	5	  588.32	-3	7	NULL
real	HL	337	10	15	    3.00	1	   -1.00	1	5	  471.16	-3	5	NULL
real	AR	338	10	-15	    2.00	1	   -1.00	1	4	  516.57	-15	7	NULL
real	QL	339	10	-15	    0.00	0	    1.00	0	4	  929.14	-15	5	NULL
real	CR	340	10	-15	   -1.00	1	   -1.00	1	4	2723828.00	15	7	NULL
real	MR	341	10	-15	   -2.00	1	   -1.00	1	6	2739779.00	-3	0	NULL
real	BL	342	10	15	    0.00	0	    1.00	1	6	  496.06	-15	7	NULL
real	HR	343	10	15	    3.00	1	   -1.00	1	6	  492.10	-3	5	NULL
real	AL	344	10	-15	    2.00	1	   -1.00	1	5	  444.76	-15	7	NULL
real	GR	345	10	15	    2.00	0	    1.00	1	3	  438.92	-3	7	NULL
real	KR	346	10	-15	    0.00	0	    1.00	1	5	2776183.00	15	0	NULL
real	DR	347	10	15	    2.00	0	    1.00	0	3	2794941.00	15	7	NULL
real	RL	348	10	15	    2.00	1	   -1.00	1	5	  461.57	-15	5	NULL
real	OL	349	10	-15	    0.00	1	   -1.00	1	5	2805605.00	15	5	NULL
real	LR	350	10	15	    2.00	0	    1.00	0	3	2810480.00	15	0	NULL
real	IR	351	10	-15	    0.00	0	    1.00	1	5	2814267.00	-15	0	NULL
real	GL	352	10	15	    4.00	1	   -1.00	0	3	  325.06	-3	7	NULL
real	NR	353	10	15	    2.00	0	    1.00	0	3	2822917.00	-3	0	NULL
real	JL	354	10	15	    0.00	0	    1.00	1	6	2829288.00	-15	0	NULL
real	LL	355	10	15	    3.00	1	   -1.00	1	5	2846170.00	15	0	NULL
real	CL	356	10	-15	    0.00	0	    1.00	0	4	2853671.00	15	7	NULL
real	KL	357	10	-15	    0.00	1	   -1.00	1	5	2870609.00	15	0	NULL
real	NL	358	10	15	    3.00	0	    1.00	0	4	2875302.00	-3	0	NULL
real	OR	359	10	-15	   -2.00	0	    1.00	0	5	2888053.00	15	5	NULL
real	PL	360	10	15	    2.00	0	    1.00	0	6	2896944.00	15	5	NULL
real	HR	361	11	15	    2.00	0	    1.00	1	7	  541.30	-3	5	NULL
real	DR	362	11	15	    3.00	0	    1.00	0	3	2905443.00	15	7	NULL
real	IL	363	11	-15	    0.00	0	    1.00	1	4	2910538.00	-15	0	NULL
real	LR	364	11	15	    3.00	1	   -1.00	1	4	2916535.00	15	0	NULL
real	BR	365	11	15	    1.00	0	    1.00	1	5	 1013.76	-15	7	NULL
real	RR	366	11	15	    1.00	0	    1.00	0	5	  905.39	-15	5	NULL
real	EL	367	11	-15	   -2.00	0	    1.00	1	6	  418.08	-3	7	NULL
real	PL	368	11	15	    3.00	1	   -1.00	1	7	2951852.00	15	5	NULL
real	CL	369	11	-15	    1.00	1	   -1.00	1	5	2957256.00	15	7	NULL
real	LL	370	11	15	    2.00	1	   -1.00	0	5	2971377.00	15	0	NULL
real	OL	371	11	-15	   -1.00	0	    1.00	1	6	2975643.00	15	5	NULL
real	KR	372	11	-15	    1.00	1	   -1.00	1	6	2979712.00	15	0	NULL
real	GR	373	11	15	    3.00	1	   -1.00	1	4	  362.45	-3	7	NULL
real	RL	374	11	15	    1.00	0	    1.00	1	6	  637.62	-15	5	NULL
real	AL	375	11	-15	    1.00	1	   -1.00	0	5	  435.12	-15	7	NULL
real	NR	376	11	15	    3.00	1	   -1.00	1	4	2993489.00	-3	0	NULL
real	ER	377	11	-15	   -3.00	0	    1.00	0	3	  408.90	-3	7	NULL
real	QL	378	11	-15	    1.00	0	    1.00	0	4	  831.64	-15	5	NULL
real	KL	379	11	-15	   -1.00	1	   -1.00	0	5	3005315.00	15	0	NULL
real	QR	380	11	-15	    0.00	0	    1.00	0	3	  823.04	-15	5	NULL
real	FR	381	11	-15	   -2.00	0	    1.00	0	5	  663.12	-3	5	NULL
real	HL	382	11	15	    2.00	1	   -1.00	0	5	  374.87	-3	5	NULL
real	JL	383	11	15	    1.00	0	    1.00	0	6	3020471.00	-15	0	NULL
real	ML	384	11	-15	   -1.00	0	    1.00	0	4	3026213.00	-3	0	NULL
real	PR	385	11	15	    3.00	1	   -1.00	1	4	3030174.00	15	5	NULL
real	BL	386	11	15	    1.00	0	    1.00	0	6	  845.99	-15	7	NULL
real	FL	387	11	-15	   -2.00	0	    1.00	1	6	 1052.90	-3	5	NULL
real	AR	388	11	-15	    1.00	0	    1.00	1	5	 1737.38	-15	7	NULL
real	GL	389	11	15	    3.00	1	   -1.00	0	3	  394.15	-3	7	NULL
real	NL	390	11	15	    4.00	1	   -1.00	1	5	3050048.00	-3	0	NULL
real	CR	391	11	-15	   -2.00	0	    1.00	1	5	3054462.00	15	7	NULL
real	IR	392	11	-15	    1.00	0	    1.00	0	5	3063702.00	-15	0	NULL
real	DL	393	11	15	    2.00	0	    1.00	1	6	3067783.00	15	7	NULL
real	MR	394	11	-15	   -3.00	0	    1.00	1	7	3071737.00	-3	0	NULL
real	JR	395	11	15	    1.00	1	   -1.00	1	6	3075229.00	-15	0	NULL
real	OR	396	11	-15	   -1.00	0	    1.00	0	5	3079854.00	15	5	NULL
real	LR	397	12	15	    2.00	1	   -1.00	0	4	3084937.00	15	0	NULL
real	RR	398	12	15	    2.00	1	   -1.00	1	6	  556.39	-15	5	NULL
real	BL	399	12	15	    2.00	1	   -1.00	1	7	  557.63	-15	7	NULL
real	HR	400	12	15	    3.00	1	   -1.00	1	8	  667.48	-3	5	NULL
real	OR	401	12	-15	    0.00	0	    1.00	0	5	3194984.00	15	5	NULL
real	DR	402	12	15	    4.00	1	   -1.00	1	4	3198766.00	15	7	NULL
real	NR	403	12	15	    2.00	0	    1.00	1	5	3202524.00	-3	0	NULL
real	OL	404	12	-15	    0.00	0	    1.00	0	6	3206514.00	15	5	NULL
real	AL	405	12	-15	    0.00	0	    1.00	1	6	  562.02	-15	7	NULL
real	KR	406	12	-15	    0.00	1	   -1.00	0	6	3214039.00	15	0	NULL
real	JR	407	12	15	    0.00	0	    1.00	1	7	3218177.00	-15	0	NULL
real	DL	408	12	15	    3.00	1	   -1.00	1	7	3225167.00	15	7	NULL
real	ER	409	12	-15	   -2.00	0	    1.00	0	3	  360.96	-3	7	NULL
real	QR	410	12	-15	    1.00	1	   -1.00	1	4	  523.72	-15	5	NULL
real	BR	411	12	15	    2.00	1	   -1.00	1	6	  561.98	-15	7	NULL
real	GL	412	12	15	    2.00	0	    1.00	1	4	  505.94	-3	7	NULL
real	FL	413	12	-15	   -1.00	1	   -1.00	1	7	  635.94	-3	5	NULL
real	IR	414	12	-15	    2.00	1	   -1.00	1	6	3251978.00	-15	0	NULL
real	AR	415	12	-15	    2.00	1	   -1.00	1	6	  567.79	-15	7	NULL
real	FR	416	12	-15	   -1.00	0	    1.00	0	5	  394.07	-3	5	NULL
real	IL	417	12	-15	    1.00	1	   -1.00	1	5	3266828.00	-15	0	NULL
real	MR	418	12	-15	   -2.00	1	   -1.00	1	8	3270532.00	-3	0	NULL
real	ML	419	12	-15	    0.00	1	   -1.00	1	5	3274159.00	-3	0	NULL
real	GR	420	12	15	    2.00	0	    1.00	1	5	  494.19	-3	7	NULL
real	HL	421	12	15	    1.00	0	    1.00	1	6	  634.36	-3	5	NULL
real	RL	422	12	15	    2.00	1	   -1.00	1	7	  411.90	-15	5	NULL
real	LL	423	12	15	    1.00	0	    1.00	1	6	3295488.00	15	0	NULL
real	CL	424	12	-15	    0.00	1	   -1.00	0	5	3299937.00	15	7	NULL
real	CR	425	12	-15	   -1.00	1	   -1.00	1	6	3304338.00	15	7	NULL
real	PR	426	12	15	    2.00	0	    1.00	1	5	3308714.00	15	5	NULL
real	PL	427	12	15	    2.00	0	    1.00	1	8	3312788.00	15	5	NULL
real	EL	428	12	-15	   -1.00	0	    1.00	0	6	  432.85	-3	7	NULL
real	NL	429	12	15	    3.00	1	   -1.00	0	5	3321856.00	-3	0	NULL
real	QL	430	12	-15	    2.00	1	   -1.00	1	5	  597.79	-15	5	NULL
real	JL	431	12	15	    2.00	1	   -1.00	1	7	3330854.00	-15	0	NULL
real	KL	432	12	-15	   -2.00	0	    1.00	1	6	3335051.00	15	0	NULL
real	DR	433	13	15	    3.00	0	    1.00	1	5	3339529.00	15	7	NULL
real	GR	434	13	15	    3.00	0	    1.00	0	5	 2082.98	-3	7	NULL
real	LR	435	13	15	    1.00	0	    1.00	1	5	3352112.00	15	0	NULL
real	AR	436	13	-15	    1.00	0	    1.00	1	7	  680.37	-15	7	NULL
real	OL	437	13	-15	    1.00	1	   -1.00	1	7	3360815.00	15	5	NULL
real	LL	438	13	15	    2.00	0	    1.00	0	6	3364750.00	15	0	NULL
real	NL	439	13	15	    2.00	0	    1.00	1	6	3371893.00	-3	0	NULL
real	HL	440	13	15	    2.00	0	    1.00	0	6	  834.63	-3	5	NULL
real	KL	441	13	-15	   -1.00	1	   -1.00	1	7	3384485.00	15	0	NULL
real	RL	442	13	15	    1.00	1	   -1.00	0	7	  623.87	-15	5	NULL
real	DL	443	13	15	    2.00	0	    1.00	1	8	3397630.00	15	7	NULL
real	IR	444	13	-15	    1.00	1	   -1.00	0	6	3402514.00	-15	0	NULL
real	BR	445	13	15	    1.00	0	    1.00	1	7	  941.79	-15	7	NULL
real	GL	446	13	15	    3.00	0	    1.00	0	4	  694.80	-3	7	NULL
real	FL	447	13	-15	   -2.00	0	    1.00	1	8	  564.72	-3	5	NULL
real	AL	448	13	-15	    1.00	1	   -1.00	1	7	 1416.42	-15	7	NULL
real	OR	449	13	-15	    1.00	1	   -1.00	1	6	3424847.00	15	5	NULL
real	EL	450	13	-15	    0.00	1	   -1.00	1	7	  599.97	-3	7	NULL
real	PR	451	13	15	    3.00	0	    1.00	0	5	3438913.00	15	5	NULL
real	KR	452	13	-15	   -1.00	1	   -1.00	0	6	3445080.00	15	0	NULL
real	CL	453	13	-15	   -1.00	0	    1.00	1	6	3450689.00	15	7	NULL
real	FR	454	13	-15	    0.00	1	   -1.00	1	6	  692.13	-3	5	NULL
real	BL	455	13	15	    1.00	1	   -1.00	0	7	  609.89	-15	7	NULL
real	QR	456	13	-15	    0.00	1	   -1.00	0	4	  545.04	-15	5	NULL
real	NR	457	13	15	    3.00	0	    1.00	0	5	3467795.00	-3	0	NULL
real	JL	458	13	15	    1.00	0	    1.00	1	8	3473187.00	-15	0	NULL
real	JR	459	13	15	    1.00	0	    1.00	0	7	3479160.00	-15	0	NULL
real	IL	460	13	-15	    0.00	0	    1.00	1	6	3484561.00	-15	0	NULL
real	PL	461	13	15	    3.00	1	   -1.00	1	9	3488688.00	15	5	NULL
real	QL	462	13	-15	    1.00	1	   -1.00	0	5	  572.11	-15	5	NULL
real	RR	463	13	15	    1.00	1	   -1.00	0	6	 1027.77	-15	5	NULL
real	MR	464	13	-15	   -3.00	0	    1.00	1	9	3502820.00	-3	0	NULL
real	CR	465	13	-15	   -2.00	1	   -1.00	0	6	3509701.00	15	7	NULL
real	HR	466	13	15	    2.00	0	    1.00	1	9	  990.01	-3	5	NULL
real	ML	467	13	-15	   -1.00	1	   -1.00	0	5	3517764.00	-3	0	NULL
real	ER	468	13	-15	   -1.00	1	   -1.00	1	4	  947.67	-3	7	NULL
real	HR	469	14	15	    3.00	0	    1.00	0	9	  813.80	-3	5	NULL
real	CR	470	14	-15	   -3.00	0	    1.00	1	7	3531247.00	15	7	NULL
real	GL	471	14	15	    4.00	0	    1.00	0	4	 1094.15	-3	7	NULL
real	AL	472	14	-15	    0.00	1	   -1.00	0	7	  728.20	-15	7	NULL
real	GR	473	14	15	    4.00	1	   -1.00	1	6	  691.16	-3	7	NULL
real	RR	474	14	15	    0.00	0	    1.00	1	7	  549.28	-15	5	NULL
real	DL	475	14	15	    3.00	0	    1.00	0	8	3559402.00	15	7	NULL
real	FL	476	14	-15	   -1.00	1	   -1.00	1	9	  543.34	-3	5	NULL
real	IR	477	14	-15	    0.00	1	   -1.00	0	6	3566573.00	-15	0	NULL
real	NL	478	14	15	    3.00	0	    1.00	0	6	3570315.00	-3	0	NULL
real	EL	479	14	-15	   -1.00	1	   -1.00	0	7	  799.73	-3	7	NULL
real	QR	480	14	-15	   -1.00	0	    1.00	1	5	  642.73	-15	5	NULL
real	OR	481	14	-15	    0.00	1	   -1.00	0	6	3581512.00	15	5	NULL
real	AR	482	14	-15	    2.00	1	   -1.00	1	8	  508.76	-15	7	NULL
real	FR	483	14	-15	   -1.00	1	   -1.00	0	6	  817.08	-3	5	NULL
real	ML	484	14	-15	   -2.00	0	    1.00	1	6	3600128.00	-3	0	NULL
real	KL	485	14	-15	   -2.00	0	    1.00	1	8	3607840.00	15	0	NULL
real	NR	486	14	15	    4.00	1	   -1.00	1	6	3614013.00	-3	0	NULL
real	ER	487	14	-15	   -2.00	1	   -1.00	0	4	 1692.26	-3	7	NULL
real	OL	488	14	-15	    0.00	1	   -1.00	0	7	3625866.00	15	5	NULL
real	QL	489	14	-15	    0.00	0	    1.00	1	6	  848.77	-15	5	NULL
real	KR	490	14	-15	   -2.00	0	    1.00	1	7	3640754.00	15	0	NULL
real	RL	491	14	15	    0.00	0	    1.00	1	8	  683.36	-15	5	NULL
real	MR	492	14	-15	   -2.00	0	    1.00	0	9	3649817.00	-3	0	NULL
real	JL	493	14	15	    2.00	1	   -1.00	1	9	3676851.00	-15	0	NULL
real	IL	494	14	-15	    1.00	1	   -1.00	1	7	3680747.00	-15	0	NULL
real	BR	495	14	15	    2.00	1	   -1.00	1	8	  449.50	-15	7	NULL
real	LL	496	14	15	    3.00	0	    1.00	0	6	3689328.00	15	0	NULL
real	PL	497	14	15	    2.00	0	    1.00	1	10	3694271.00	15	5	NULL
real	PR	498	14	15	    4.00	1	   -1.00	1	6	3706309.00	15	5	NULL
real	LR	499	14	15	    2.00	1	   -1.00	1	6	3710538.00	15	0	NULL
real	CL	500	14	-15	    0.00	0	    1.00	0	6	3716279.00	15	7	NULL
real	DR	501	14	15	    4.00	1	   -1.00	1	6	3721916.00	15	7	NULL
real	JR	502	14	15	    2.00	1	   -1.00	1	8	3729432.00	-15	0	NULL
real	BL	503	14	15	    0.00	0	    1.00	1	8	  776.25	-15	7	NULL
real	HL	504	14	15	    3.00	1	   -1.00	1	7	  439.44	-3	5	NULL
real	MR	505	15	-15	   -1.00	1	   -1.00	1	10	3743372.00	-3	0	NULL
real	OL	506	15	-15	   -1.00	0	    1.00	1	8	3748748.00	15	5	NULL
real	OR	507	15	-15	   -1.00	1	   -1.00	0	6	3753049.00	15	5	NULL
real	PL	508	15	15	    3.00	0	    1.00	0	10	3764312.00	15	5	NULL
real	QL	509	15	-15	    1.00	1	   -1.00	1	7	  492.99	-15	5	NULL
real	NL	510	15	15	    4.00	1	   -1.00	1	7	3774080.00	-3	0	NULL
real	KR	511	15	-15	   -1.00	1	   -1.00	1	8	3779601.00	15	0	NULL
real	IL	512	15	-15	    0.00	1	   -1.00	0	7	3790617.00	-15	0	NULL
real	AL	513	15	-15	   -1.00	0	    1.00	1	8	  636.89	-15	7	NULL
real	KL	514	15	-15	   -1.00	1	   -1.00	1	9	3824171.00	15	0	NULL
real	BL	515	15	15	    1.00	1	   -1.00	1	9	 1590.74	-15	7	NULL
real	ML	516	15	-15	   -1.00	1	   -1.00	1	7	3832693.00	-3	0	NULL
real	PR	517	15	15	    3.00	1	   -1.00	0	6	3844917.00	15	5	NULL
real	CL	518	15	-15	    1.00	1	   -1.00	1	7	3849839.00	15	7	NULL
real	FL	519	15	-15	   -2.00	1	   -1.00	0	9	  802.16	-3	5	NULL
real	NR	520	15	15	    3.00	1	   -1.00	0	6	3865536.00	-3	0	NULL
real	QR	521	15	-15	    0.00	0	    1.00	0	5	  901.25	-15	5	NULL
real	DL	522	15	15	    4.00	1	   -1.00	1	9	3884656.00	15	7	NULL
real	DR	523	15	15	    3.00	0	    1.00	1	7	3896248.00	15	7	NULL
real	ER	524	15	-15	   -3.00	0	    1.00	1	5	  444.58	-3	7	NULL
real	HR	525	15	15	    4.00	1	   -1.00	1	10	  405.11	-3	5	NULL
real	RR	526	15	15	    1.00	0	    1.00	0	7	  670.82	-15	5	NULL
real	LL	527	15	15	    4.00	1	   -1.00	1	7	3916094.00	15	0	NULL
real	GL	528	15	15	    5.00	1	   -1.00	1	5	  405.37	-3	7	NULL
real	JL	529	15	15	    1.00	1	   -1.00	0	9	3925639.00	-15	0	NULL
real	JR	530	15	15	    1.00	1	   -1.00	0	8	3946452.00	-15	0	NULL
real	FR	531	15	-15	   -2.00	0	    1.00	1	7	  608.53	-3	5	NULL
real	AR	532	15	-15	    1.00	0	    1.00	1	9	 1081.54	-15	7	NULL
real	GR	533	15	15	    3.00	1	   -1.00	0	6	  337.98	-3	7	NULL
real	RL	534	15	15	    1.00	0	    1.00	0	8	  671.48	-15	5	NULL
real	HL	535	15	15	    2.00	1	   -1.00	0	7	  437.62	-3	5	NULL
real	LR	536	15	15	    1.00	0	    1.00	1	7	3970982.00	15	0	NULL
real	CR	537	15	-15	   -2.00	0	    1.00	0	7	3974908.00	15	7	NULL
real	BR	538	15	15	    1.00	0	    1.00	1	9	 1504.47	-15	7	NULL
real	IR	539	15	-15	   -1.00	0	    1.00	1	7	3984032.00	-15	0	NULL
real	EL	540	15	-15	   -2.00	0	    1.00	1	8	  954.18	-3	7	NULL
real	PL	541	16	15	    4.00	1	   -1.00	1	11	3994243.00	15	5	NULL
real	MR	542	16	-15	   -2.00	0	    1.00	1	11	3998677.00	-3	0	NULL
real	HL	543	16	15	    1.00	0	    1.00	1	8	  583.49	-3	5	NULL
real	DR	544	16	15	    4.00	1	   -1.00	1	8	4014020.00	15	7	NULL
real	IR	545	16	-15	    0.00	1	   -1.00	1	8	4024208.00	-15	0	NULL
real	CL	546	16	-15	    0.00	1	   -1.00	0	7	4030047.00	15	7	NULL
real	OR	547	16	-15	   -2.00	0	    1.00	1	7	4043419.00	15	5	NULL
real	JL	548	16	15	    0.00	0	    1.00	1	10	4072536.00	-15	0	NULL
real	NR	549	16	15	    2.00	0	    1.00	1	7	4076178.00	-3	0	NULL
real	CR	550	16	-15	   -1.00	0	    1.00	0	7	4080109.00	15	7	NULL
real	RR	551	16	15	    2.00	1	   -1.00	1	8	  445.36	-15	5	NULL
real	ML	552	16	-15	   -2.00	0	    1.00	1	8	4092664.00	-3	0	NULL
real	BR	553	16	15	    2.00	1	   -1.00	1	10	  390.74	-15	7	NULL
real	BL	554	16	15	    0.00	0	    1.00	1	10	  909.02	-15	7	NULL
real	HR	555	16	15	    3.00	0	    1.00	1	11	  667.31	-3	5	NULL
real	KL	556	16	-15	   -2.00	0	    1.00	1	10	4118975.00	15	0	NULL
real	LR	557	16	15	    2.00	1	   -1.00	1	8	4123515.00	15	0	NULL
real	NL	558	16	15	    3.00	1	   -1.00	0	7	4127462.00	-3	0	NULL
real	QL	559	16	-15	    0.00	0	    1.00	1	8	  602.83	-15	5	NULL
real	FR	560	16	-15	   -1.00	1	   -1.00	1	8	 1195.65	-3	5	NULL
real	LL	561	16	15	    3.00	1	   -1.00	0	7	4141645.00	15	0	NULL
real	ER	562	16	-15	   -2.00	1	   -1.00	1	6	  697.72	-3	7	NULL
real	RL	563	16	15	    2.00	1	   -1.00	1	9	  565.46	-15	5	NULL
real	AR	564	16	-15	    2.00	1	   -1.00	1	10	  701.53	-15	7	NULL
real	GR	565	16	15	    2.00	1	   -1.00	0	6	  384.58	-3	7	NULL
real	JR	566	16	15	    0.00	0	    1.00	1	9	4185872.00	-15	0	NULL
real	IL	567	16	-15	   -1.00	0	    1.00	1	8	4189997.00	-15	0	NULL
real	QR	568	16	-15	    1.00	1	   -1.00	1	6	  683.98	-15	5	NULL
real	GL	569	16	15	    4.00	1	   -1.00	0	5	  412.56	-3	7	NULL
real	FL	570	16	-15	   -3.00	0	    1.00	1	10	  693.54	-3	5	NULL
real	AL	571	16	-15	    0.00	0	    1.00	0	8	  609.34	-15	7	NULL
real	DL	572	16	15	    3.00	1	   -1.00	0	9	4229651.00	15	7	NULL
real	OL	573	16	-15	    0.00	1	   -1.00	1	9	4235904.00	15	5	NULL
real	KR	574	16	-15	   -2.00	1	   -1.00	0	8	4240047.00	15	0	NULL
real	EL	575	16	-15	   -1.00	1	   -1.00	1	9	  831.96	-3	7	NULL
real	PR	576	16	15	    2.00	0	    1.00	1	7	4265659.00	15	5	NULL
real	LL	577	17	15	    2.00	0	    1.00	1	8	4269863.00	15	0	NULL
real	OR	578	17	-15	   -1.00	0	    1.00	0	7	4275407.00	15	5	NULL
real	HR	579	17	15	    4.00	1	   -1.00	1	12	  460.18	-3	5	NULL
real	PR	580	17	15	    3.00	0	    1.00	0	7	4284195.00	15	5	NULL
real	BR	581	17	15	    1.00	1	   -1.00	0	10	  550.77	-15	7	NULL
real	KL	582	17	-15	   -1.00	1	   -1.00	1	11	4293764.00	15	0	NULL
real	ER	583	17	-15	   -3.00	0	    1.00	1	7	 1653.76	-3	7	NULL
real	PL	584	17	15	    3.00	0	    1.00	1	12	4303056.00	15	5	NULL
real	JL	585	17	15	    1.00	0	    1.00	0	10	4307143.00	-15	0	NULL
real	FL	586	17	-15	   -2.00	0	    1.00	0	10	  791.65	-3	5	NULL
real	MR	587	17	-15	   -1.00	1	   -1.00	1	12	4318575.00	-3	0	NULL
real	BL	588	17	15	    1.00	0	    1.00	0	10	 1008.80	-15	7	NULL
real	QR	589	17	-15	    0.00	0	    1.00	1	7	 1386.92	-15	5	NULL
real	KR	590	17	-15	   -3.00	0	    1.00	1	9	4335327.00	15	0	NULL
real	DL	591	17	15	    2.00	1	   -1.00	0	9	4339232.00	15	7	NULL
real	ML	592	17	-15	   -1.00	1	   -1.00	1	9	4344273.00	-3	0	NULL
real	CR	593	17	-15	    0.00	1	   -1.00	1	8	4348604.00	15	7	NULL
real	QL	594	17	-15	    1.00	1	   -1.00	1	9	  642.98	-15	5	NULL
real	GL	595	17	15	    3.00	1	   -1.00	0	5	  607.61	-3	7	NULL
real	AL	596	17	-15	    1.00	1	   -1.00	1	9	  676.92	-15	7	NULL
real	IR	597	17	-15	   -1.00	0	    1.00	1	9	4365727.00	-15	0	NULL
real	NL	598	17	15	    2.00	0	    1.00	1	8	4369634.00	-3	0	NULL
real	IL	599	17	-15	    0.00	1	   -1.00	1	9	4375694.00	-15	0	NULL
real	RR	600	17	15	    1.00	1	   -1.00	0	8	  749.93	-15	5	NULL
real	JR	601	17	15	    1.00	0	    1.00	0	9	4412696.00	-15	0	NULL
real	EL	602	17	-15	   -2.00	0	    1.00	1	10	  613.09	-3	7	NULL
real	RL	603	17	15	    1.00	1	   -1.00	0	9	  990.68	-15	5	NULL
real	HL	604	17	15	    2.00	0	    1.00	0	8	  601.30	-3	5	NULL
real	FR	605	17	-15	   -2.00	0	    1.00	1	9	  395.61	-3	5	NULL
real	GR	606	17	15	    1.00	0	    1.00	1	7	  662.83	-3	7	NULL
real	NR	607	17	15	    3.00	0	    1.00	0	7	4442871.00	-3	0	NULL
real	DR	608	17	15	    3.00	1	   -1.00	0	8	4449120.00	15	7	NULL
real	OL	609	17	-15	   -1.00	1	   -1.00	0	9	4455951.00	15	5	NULL
real	CL	610	17	-15	   -1.00	1	   -1.00	0	7	4464023.00	15	7	NULL
real	LR	611	17	15	    1.00	0	    1.00	1	9	4467925.00	15	0	NULL
real	AR	612	17	-15	    1.00	1	   -1.00	0	10	  550.59	-15	7	NULL
real	AL	613	18	-15	    0.00	0	    1.00	1	10	  643.76	-15	7	NULL
real	QL	614	18	-15	    0.00	0	    1.00	1	10	  736.04	-15	5	NULL
real	DL	615	18	15	    1.00	0	    1.00	1	10	4511573.00	15	7	NULL
real	NL	616	18	15	    3.00	1	   -1.00	1	9	4515570.00	-3	0	NULL
real	QR	617	18	-15	    1.00	0	    1.00	0	7	  689.42	-15	5	NULL
real	EL	618	18	-15	   -1.00	1	   -1.00	1	11	  771.61	-3	7	NULL
real	BR	619	18	15	    0.00	0	    1.00	1	11	  684.85	-15	7	NULL
real	IR	620	18	-15	    0.00	0	    1.00	0	9	4532306.00	-15	0	NULL
real	IL	621	18	-15	   -1.00	0	    1.00	1	10	4538362.00	-15	0	NULL
real	GR	622	18	15	    2.00	0	    1.00	0	7	  739.94	-3	7	NULL
real	ML	623	18	-15	   -2.00	0	    1.00	1	10	4549642.00	-3	0	NULL
real	GL	624	18	15	    2.00	0	    1.00	1	6	  487.09	-3	7	NULL
real	JR	625	18	15	    2.00	1	   -1.00	1	10	4556781.00	-15	0	NULL
real	PR	626	18	15	    4.00	1	   -1.00	1	8	4560696.00	15	5	NULL
real	FL	627	18	-15	   -1.00	1	   -1.00	1	11	  656.93	-3	5	NULL
real	OL	628	18	-15	   -2.00	0	    1.00	1	10	4570803.00	15	5	NULL
real	RR	629	18	15	    0.00	0	    1.00	1	9	  843.14	-15	5	NULL
real	CR	630	18	-15	   -1.00	0	    1.00	1	9	4594024.00	15	7	NULL
real	FR	631	18	-15	   -1.00	1	   -1.00	1	10	  914.96	-3	5	NULL
real	DR	632	18	15	    2.00	0	    1.00	1	9	4603711.00	15	7	NULL
real	NR	633	18	15	    4.00	1	   -1.00	1	8	4608070.00	-3	0	NULL
real	OR	634	18	-15	    0.00	1	   -1.00	1	8	4614409.00	15	5	NULL
real	CL	635	18	-15	   -2.00	0	    1.00	1	8	4641854.00	15	7	NULL
real	HL	636	18	15	    3.00	1	   -1.00	1	9	  417.29	-3	5	NULL
real	KL	637	18	-15	   -2.00	0	    1.00	1	12	4657356.00	15	0	NULL
real	LR	638	18	15	    2.00	1	   -1.00	1	10	4665526.00	15	0	NULL
real	KR	639	18	-15	   -2.00	0	    1.00	0	9	4673349.00	15	0	NULL
real	BL	640	18	15	    2.00	1	   -1.00	1	11	  390.44	-15	7	NULL
real	JL	641	18	15	    2.00	1	   -1.00	1	11	4685806.00	-15	0	NULL
real	RL	642	18	15	    0.00	0	    1.00	1	10	  711.18	-15	5	NULL
real	LL	643	18	15	    3.00	1	   -1.00	1	9	4695785.00	15	0	NULL
real	ER	644	18	-15	   -2.00	0	    1.00	0	7	 1109.17	-3	7	NULL
real	AR	645	18	-15	    0.00	0	    1.00	1	11	  815.29	-15	7	NULL
real	DL	646	19	15	    2.00	0	    1.00	0	10	4719796.00	15	7	NULL
real	BR	647	19	15	    1.00	0	    1.00	0	11	  672.84	-15	7	NULL
real	CR	648	19	-15	    0.00	1	   -1.00	1	10	4729262.00	15	7	NULL
real	OR	649	19	-15	   -1.00	1	   -1.00	0	8	4733632.00	15	5	NULL
real	GL	650	19	15	    3.00	1	   -1.00	1	7	  458.35	-3	7	NULL
real	LL	651	19	15	    2.00	1	   -1.00	0	9	4745781.00	15	0	NULL
real	OL	652	19	-15	   -1.00	0	    1.00	0	10	4750907.00	15	5	NULL
real	QR	653	19	-15	    2.00	1	   -1.00	1	8	  621.60	-15	5	NULL
real	AL	654	19	-15	    1.00	1	   -1.00	1	11	  455.26	-15	7	NULL
real	ML	655	19	-15	   -1.00	1	   -1.00	1	11	4774858.00	-3	0	NULL
real	LR	656	19	15	    1.00	0	    1.00	1	11	4779176.00	15	0	NULL
real	NR	657	19	15	    3.00	1	   -1.00	0	8	4783085.00	-3	0	NULL
real	QL	658	19	-15	    1.00	1	   -1.00	1	11	  665.62	-15	5	NULL
real	PR	659	19	15	    3.00	1	   -1.00	0	8	4801281.00	15	5	NULL
real	JR	660	19	15	    1.00	0	    1.00	1	11	4805492.00	-15	0	NULL
real	NL	661	19	15	    2.00	0	    1.00	1	10	4809942.00	-3	0	NULL
real	CL	662	19	-15	   -1.00	1	   -1.00	1	9	4820489.00	15	7	NULL
real	IL	663	19	-15	    0.00	1	   -1.00	1	11	4824005.00	-15	0	NULL
real	HL	664	19	15	    2.00	0	    1.00	1	10	  862.30	-3	5	NULL
real	FL	665	19	-15	   -2.00	1	   -1.00	0	11	  854.00	-3	5	NULL
real	FR	666	19	-15	   -2.00	0	    1.00	1	11	  522.57	-3	5	NULL
real	JL	667	19	15	    1.00	1	   -1.00	0	11	4854258.00	-15	0	NULL
real	BL	668	19	15	    1.00	1	   -1.00	0	11	  579.77	-15	7	NULL
real	DR	669	19	15	    3.00	1	   -1.00	1	10	4866933.00	15	7	NULL
real	KR	670	19	-15	   -1.00	1	   -1.00	1	10	4878177.00	15	0	NULL
real	AR	671	19	-15	    1.00	1	   -1.00	1	12	  484.99	-15	7	NULL
real	EL	672	19	-15	   -2.00	0	    1.00	1	12	  590.88	-3	7	NULL
real	IR	673	19	-15	    1.00	1	   -1.00	1	10	4893728.00	-15	0	NULL
real	GR	674	19	15	    3.00	1	   -1.00	1	8	  482.30	-3	7	NULL
real	RL	675	19	15	    1.00	1	   -1.00	1	11	  825.81	-15	5	NULL
real	RR	676	19	15	    1.00	1	   -1.00	1	10	  542.03	-15	5	NULL
real	ER	677	19	-15	   -1.00	1	   -1.00	1	8	  668.32	-3	7	NULL
real	OR	678	20	-15	   -2.00	0	    1.00	1	9	4946191.00	15	5	NULL
real	CL	679	20	-15	   -2.00	0	    1.00	1	10	4951312.00	15	7	NULL
real	IR	680	20	-15	    0.00	1	   -1.00	0	10	4954915.00	-15	0	NULL
real	DR	681	20	15	    2.00	1	   -1.00	0	10	4958684.00	15	7	NULL
real	BR	682	20	15	    2.00	1	   -1.00	1	12	  450.50	-15	7	NULL
real	LL	683	20	15	    1.00	0	    1.00	1	10	4971264.00	15	0	NULL
real	GL	684	20	15	    2.00	0	    1.00	1	8	  552.04	-3	7	NULL
real	NL	685	20	15	    3.00	0	    1.00	0	10	4982823.00	-3	0	NULL
real	RR	686	20	15	    0.00	0	    1.00	1	11	  513.08	-15	5	NULL
real	PR	687	20	15	    2.00	0	    1.00	1	9	4993764.00	15	5	NULL
real	LR	688	20	15	    2.00	0	    1.00	0	11	4999235.00	15	0	NULL
real	FR	689	20	-15	   -1.00	0	    1.00	0	11	  429.41	-3	5	NULL
real	BL	690	20	15	    0.00	0	    1.00	1	12	  542.39	-15	7	NULL
real	QR	691	20	-15	    1.00	0	    1.00	1	9	  891.87	-15	5	NULL
real	DL	692	20	15	    3.00	1	   -1.00	1	11	5014294.00	15	7	NULL
real	KR	693	20	-15	   -2.00	0	    1.00	1	11	5018412.00	15	0	NULL
real	HL	694	20	15	    3.00	1	   -1.00	1	11	  466.95	-3	5	NULL
real	ML	695	20	-15	   -2.00	0	    1.00	1	12	5031832.00	-3	0	NULL
real	AL	696	20	-15	    0.00	0	    1.00	1	12	  508.27	-15	7	NULL
real	ER	697	20	-15	   -2.00	0	    1.00	1	9	 1394.24	-3	7	NULL
real	FL	698	20	-15	   -3.00	0	    1.00	1	12	  693.06	-3	5	NULL
real	RL	699	20	15	    0.00	0	    1.00	1	12	  715.16	-15	5	NULL
real	IL	700	20	-15	   -1.00	0	    1.00	1	12	5064767.00	-15	0	NULL
real	JR	701	20	15	    2.00	1	   -1.00	1	12	5068249.00	-15	0	NULL
real	OL	702	20	-15	    0.00	1	   -1.00	1	11	5072484.00	15	5	NULL
real	JL	703	20	15	    0.00	0	    1.00	1	12	5079254.00	-15	0	NULL
real	NR	704	20	15	    2.00	1	   -1.00	0	8	5082930.00	-3	0	NULL
real	CR	705	20	-15	   -1.00	1	   -1.00	0	10	5088004.00	15	7	NULL
real	GR	706	20	15	    2.00	0	    1.00	1	9	 1058.33	-3	7	NULL
real	QL	707	20	-15	    0.00	0	    1.00	1	12	 1444.91	-15	5	NULL
real	GR	708	21	15	    3.00	1	   -1.00	1	10	 1315.11	-3	7	NULL
real	HL	709	21	15	    2.00	0	    1.00	1	12	  808.87	-3	5	NULL
real	NR	710	21	15	    1.00	0	    1.00	1	9	5111476.00	-3	0	NULL
real	QR	711	21	-15	    2.00	1	   -1.00	1	10	  467.04	-15	5	NULL
real	OL	712	21	-15	   -1.00	1	   -1.00	0	11	5124100.00	15	5	NULL
real	PR	713	21	15	    3.00	1	   -1.00	1	10	5133790.00	15	5	NULL
real	LL	714	21	15	    2.00	0	    1.00	0	10	5143797.00	15	0	NULL
real	LR	715	21	15	    3.00	1	   -1.00	1	12	5148362.00	15	0	NULL
real	IR	716	21	-15	   -1.00	0	    1.00	1	11	5153009.00	-15	0	NULL
real	FR	717	21	-15	    0.00	1	   -1.00	1	12	  522.46	-3	5	NULL
real	KR	718	21	-15	   -1.00	1	   -1.00	1	12	5170879.00	15	0	NULL
real	CR	719	21	-15	   -2.00	1	   -1.00	0	10	5203725.00	15	7	NULL
real	DR	720	21	15	    1.00	0	    1.00	1	11	5207991.00	15	7	NULL
real	GL	721	21	15	    3.00	1	   -1.00	1	9	  307.16	-3	7	NULL
real	CL	722	21	-15	   -1.00	0	    1.00	0	10	5219608.00	15	7	NULL
real	DL	723	21	15	    2.00	0	    1.00	1	12	5223682.00	15	7	NULL
real	ER	724	21	-15	   -1.00	0	    1.00	0	9	  806.83	-3	7	NULL
real	NL	725	21	15	    4.00	1	   -1.00	1	11	5231221.00	-3	0	NULL
real	RR	726	21	15	    1.00	1	   -1.00	1	12	  480.14	-15	5	NULL
real	OR	727	21	-15	   -1.00	1	   -1.00	1	10	5256074.00	15	5	NULL
real	QR	728	22	-15	    1.00	1	   -1.00	0	10	  397.73	-15	5	NULL
real	LL	729	22	15	    3.00	1	   -1.00	1	11	5270289.00	15	0	NULL
real	GL	730	22	15	    2.00	1	   -1.00	0	9	  311.37	-3	7	NULL
real	NR	731	22	15	    2.00	1	   -1.00	1	10	5281082.00	-3	0	NULL
real	CR	732	22	-15	   -3.00	0	    1.00	1	11	5285401.00	15	7	NULL
real	OL	733	22	-15	   -2.00	0	    1.00	1	12	5291401.00	15	5	NULL
real	DR	734	22	15	    2.00	1	   -1.00	1	12	5295245.00	15	7	NULL
real	OR	735	22	-15	   -2.00	1	   -1.00	0	10	5300542.00	15	5	NULL
real	CL	736	22	-15	    0.00	1	   -1.00	1	11	5310963.00	15	7	NULL
real	ER	737	22	-15	    0.00	1	   -1.00	1	10	  666.76	-3	7	NULL
real	IR	738	22	-15	    0.00	0	    1.00	0	11	5331776.00	-15	0	NULL
real	GR	739	22	15	    2.00	0	    1.00	1	11	 1129.77	-3	7	NULL
real	NL	740	22	15	    3.00	1	   -1.00	0	11	5353931.00	-3	0	NULL
real	PR	741	22	15	    2.00	0	    1.00	1	11	5358374.00	15	5	NULL
real	OR	742	23	-15	   -3.00	0	    1.00	1	11	5364655.00	15	5	NULL
real	LL	743	23	15	    2.00	0	    1.00	1	12	5369331.00	15	0	NULL
real	CL	744	23	-15	   -1.00	0	    1.00	1	12	5373658.00	15	7	NULL
real	GR	745	23	15	    3.00	1	   -1.00	1	12	  905.96	-3	7	NULL
real	QR	746	23	-15	    0.00	0	    1.00	1	11	  791.41	-15	5	NULL
real	ER	747	23	-15	   -1.00	1	   -1.00	0	10	  547.74	-3	7	NULL
real	NR	748	23	15	    1.00	0	    1.00	1	11	5392269.00	-3	0	NULL
real	CR	749	23	-15	   -2.00	1	   -1.00	1	12	5398638.00	15	7	NULL
real	GL	750	23	15	    1.00	0	    1.00	1	10	  547.59	-3	7	NULL
real	NL	751	23	15	    2.00	1	   -1.00	0	11	5408919.00	-3	0	NULL
real	IR	752	23	-15	    1.00	1	   -1.00	1	12	5417599.00	-15	0	NULL
real	PR	753	23	15	    3.00	1	   -1.00	1	12	5426161.00	15	5	NULL
real	NL	754	24	15	    1.00	0	    1.00	1	12	5437418.00	-3	0	NULL
real	GL	755	24	15	    2.00	0	    1.00	0	10	 1426.51	-3	7	NULL
real	QR	756	24	-15	    1.00	1	   -1.00	1	12	  597.35	-15	5	NULL
real	OR	757	24	-15	   -2.00	0	    1.00	0	11	5462035.00	15	5	NULL
real	ER	758	24	-15	   -2.00	0	    1.00	1	11	  820.66	-3	7	NULL
