TRIAL_TYPE	trial_variant	TRIAL_NUMBER	TRIAL_ITERATION_VAL	frame_tilt	rod_tilt	response	step_size	reversal	reversal_num	RT	probe_del	alpha_entrain_refreshes	rod_tilt_val
real	LL	1	1	15	  -20.00	1	   -8.00	0	0	349896.00	15	0	NULL
real	ER	2	1	-15	   20.00	1	   -8.00	0	0	  869.12	-3	7	NULL
real	KL	3	1	-15	  -20.00	0	    8.00	0	0	372842.00	15	0	NULL
real	FR	4	1	-15	   20.00	1	   -8.00	0	0	  588.16	-3	5	NULL
real	IL	5	1	-15	  -20.00	0	    8.00	0	0	387968.00	-15	0	NULL
real	LR	6	1	15	   20.00	1	   -8.00	0	0	393491.00	15	0	NULL
real	IR	7	1	-15	   20.00	1	   -8.00	0	0	398164.00	-15	0	NULL
real	CR	8	1	-15	   20.00	1	   -8.00	0	0	402041.00	15	7	NULL
real	ML	9	1	-15	  -20.00	0	    8.00	0	0	405757.00	-3	0	NULL
real	JL	10	1	15	  -20.00	0	    8.00	0	0	410872.00	-15	0	NULL
real	BR	11	1	15	   20.00	1	   -8.00	0	0	  612.72	-15	7	NULL
real	OR	12	1	-15	   20.00	1	   -8.00	0	0	418757.00	15	5	NULL
real	MR	13	1	-15	   20.00	1	   -8.00	0	0	423836.00	-3	0	NULL
real	OL	14	1	-15	  -20.00	0	    8.00	0	0	427828.00	15	5	NULL
real	AR	15	1	-15	   20.00	1	   -8.00	0	0	  578.66	-15	7	NULL
real	QL	16	1	-15	  -20.00	0	    8.00	0	0	  568.11	-15	5	NULL
real	DL	17	1	15	  -20.00	0	    8.00	0	0	441852.00	15	7	NULL
real	CL	18	1	-15	  -20.00	0	    8.00	0	0	446343.00	15	7	NULL
real	NR	19	1	15	   20.00	1	   -8.00	0	0	451076.00	-3	0	NULL
real	GR	20	1	15	   20.00	1	   -8.00	0	0	  579.52	-3	7	NULL
real	QR	21	1	-15	   20.00	1	   -8.00	0	0	  585.39	-15	5	NULL
real	JR	22	1	15	   20.00	1	   -8.00	0	0	463639.00	-15	0	NULL
real	BL	23	1	15	  -20.00	0	    8.00	0	0	  697.25	-15	7	NULL
real	PR	24	1	15	   20.00	1	   -8.00	0	0	473372.00	15	5	NULL
real	EL	25	1	-15	  -20.00	0	    8.00	0	0	  659.29	-3	7	NULL
real	AL	26	1	-15	  -20.00	0	    8.00	0	0	  722.86	-15	7	NULL
real	NL	27	1	15	  -20.00	0	    8.00	0	0	491194.00	-3	0	NULL
real	HL	28	1	15	  -20.00	0	    8.00	0	0	  519.81	-3	5	NULL
real	PL	29	1	15	  -20.00	0	    8.00	0	0	500819.00	15	5	NULL
real	RL	30	1	15	  -20.00	0	    8.00	0	0	  479.39	-15	5	NULL
real	RR	31	1	15	   20.00	1	   -8.00	0	0	  572.39	-15	5	NULL
real	DR	32	1	15	   20.00	1	   -8.00	0	0	513784.00	15	7	NULL
real	FL	33	1	-15	  -20.00	0	    8.00	0	0	  691.06	-3	5	NULL
real	KR	34	1	-15	   20.00	1	   -8.00	0	0	524652.00	15	0	NULL
real	HR	35	1	15	   20.00	1	   -8.00	0	0	  540.58	-3	5	NULL
real	GL	36	1	15	  -20.00	0	    8.00	0	0	  716.58	-3	7	NULL
real	OL	37	2	-15	  -12.00	0	    8.00	0	0	544621.00	15	5	NULL
real	FR	38	2	-15	   12.00	1	   -8.00	0	0	  634.41	-3	5	NULL
real	KR	39	2	-15	   12.00	1	   -8.00	0	0	553730.00	15	0	NULL
real	JR	40	2	15	   12.00	1	   -8.00	0	0	557992.00	-15	0	NULL
real	MR	41	2	-15	   12.00	1	   -8.00	0	0	562056.00	-3	0	NULL
real	HL	42	2	15	  -12.00	0	    8.00	0	0	  594.81	-3	5	NULL
real	GL	43	2	15	  -12.00	0	    8.00	0	0	  817.40	-3	7	NULL
real	JL	44	2	15	  -12.00	0	    8.00	0	0	577849.00	-15	0	NULL
real	BL	45	2	15	  -12.00	0	    8.00	0	0	  630.57	-15	7	NULL
real	QR	46	2	-15	   12.00	1	   -8.00	0	0	  501.24	-15	5	NULL
real	NR	47	2	15	   12.00	1	   -8.00	0	0	592323.00	-3	0	NULL
real	IL	48	2	-15	  -12.00	0	    8.00	0	0	596457.00	-15	0	NULL
real	BR	49	2	15	   12.00	1	   -8.00	0	0	  535.54	-15	7	NULL
real	RL	50	2	15	  -12.00	0	    8.00	0	0	  489.02	-15	5	NULL
real	HR	51	2	15	   12.00	1	   -8.00	0	0	  547.25	-3	5	NULL
real	EL	52	2	-15	  -12.00	0	    8.00	0	0	  528.59	-3	7	NULL
real	GR	53	2	15	   12.00	1	   -8.00	0	0	  455.45	-3	7	NULL
real	PR	54	2	15	   12.00	1	   -8.00	0	0	623589.00	15	5	NULL
real	DR	55	2	15	   12.00	1	   -8.00	0	0	628339.00	15	7	NULL
real	AR	56	2	-15	   12.00	1	   -8.00	0	0	  547.34	-15	7	NULL
real	CR	57	2	-15	   12.00	1	   -8.00	0	0	636745.00	15	7	NULL
real	PL	58	2	15	  -12.00	0	    8.00	0	0	640717.00	15	5	NULL
real	LL	59	2	15	-20	0	    4.00	1	1	645126.00	15	0	NULL
real	KL	60	2	-15	  -12.00	0	    8.00	0	0	649084.00	15	0	NULL
real	OR	61	2	-15	   12.00	1	   -8.00	0	0	653530.00	15	5	NULL
real	RR	62	2	15	   12.00	1	   -8.00	0	0	  895.53	-15	5	NULL
real	IR	63	2	-15	   12.00	1	   -8.00	0	0	664287.00	-15	0	NULL
real	FL	64	2	-15	  -12.00	0	    8.00	0	0	  722.81	-3	5	NULL
real	AL	65	2	-15	  -12.00	0	    8.00	0	0	  650.41	-15	7	NULL
real	LR	66	2	15	   12.00	1	   -8.00	0	0	678567.00	15	0	NULL
real	DL	67	2	15	  -12.00	0	    8.00	0	0	683125.00	15	7	NULL
real	ER	68	2	-15	   12.00	1	   -8.00	0	0	  786.87	-3	7	NULL
real	QL	69	2	-15	  -12.00	0	    8.00	0	0	  814.77	-15	5	NULL
real	CL	70	2	-15	  -12.00	0	    8.00	0	0	696151.00	15	7	NULL
real	ML	71	2	-15	  -12.00	0	    8.00	0	0	700563.00	-3	0	NULL
real	NL	72	2	15	  -12.00	0	    8.00	0	0	704875.00	-3	0	NULL
real	AL	73	3	-15	   -4.00	0	    8.00	0	0	  849.41	-15	7	NULL
real	OR	74	3	-15	    4.00	1	   -8.00	0	0	714197.00	15	5	NULL
real	EL	75	3	-15	   -4.00	0	    8.00	0	0	 2789.45	-3	7	NULL
real	FL	76	3	-15	   -4.00	0	    8.00	0	0	 1494.96	-3	5	NULL
real	MR	77	3	-15	    4.00	1	   -8.00	0	0	731493.00	-3	0	NULL
real	QR	78	3	-15	    4.00	1	   -8.00	0	0	  814.41	-15	5	NULL
real	LL	79	3	15	  -16.00	0	    4.00	0	1	740704.00	15	0	NULL
real	DL	80	3	15	   -4.00	0	    8.00	0	0	745098.00	15	7	NULL
real	BL	81	3	15	   -4.00	0	    8.00	0	0	  930.09	-15	7	NULL
real	GR	82	3	15	    4.00	1	   -8.00	0	0	  762.41	-3	7	NULL
real	PR	83	3	15	    4.00	1	   -8.00	0	0	758349.00	15	5	NULL
real	GL	84	3	15	   -4.00	0	    8.00	0	0	  757.52	-3	7	NULL
real	CR	85	3	-15	    4.00	1	   -8.00	0	0	767237.00	15	7	NULL
real	AR	86	3	-15	    4.00	1	   -8.00	0	0	  727.26	-15	7	NULL
real	BR	87	3	15	    4.00	1	   -8.00	0	0	  854.52	-15	7	NULL
real	ER	88	3	-15	    4.00	1	   -8.00	0	0	  586.12	-3	7	NULL
real	JR	89	3	15	    4.00	1	   -8.00	0	0	784378.00	-15	0	NULL
real	DR	90	3	15	    4.00	1	   -8.00	0	0	789005.00	15	7	NULL
real	RR	91	3	15	    4.00	1	   -8.00	0	0	  769.11	-15	5	NULL
real	JL	92	3	15	   -4.00	0	    8.00	0	0	798195.00	-15	0	NULL
real	KR	93	3	-15	    4.00	1	   -8.00	0	0	803936.00	15	0	NULL
real	LR	94	3	15	    4.00	1	   -8.00	0	0	809794.00	15	0	NULL
real	RL	95	3	15	   -4.00	0	    8.00	0	0	  710.31	-15	5	NULL
real	ML	96	3	-15	   -4.00	1	   -4.00	1	1	818741.00	-3	0	NULL
real	HR	97	3	15	    4.00	1	   -8.00	0	0	  730.66	-3	5	NULL
real	PL	98	3	15	   -4.00	0	    8.00	0	0	828292.00	15	5	NULL
real	IR	99	3	-15	    4.00	1	   -8.00	0	0	832042.00	-15	0	NULL
real	QL	100	3	-15	   -4.00	0	    8.00	0	0	  846.77	-15	5	NULL
real	IL	101	3	-15	   -4.00	0	    8.00	0	0	843500.00	-15	0	NULL
real	NR	102	3	15	    4.00	1	   -8.00	0	0	849939.00	-3	0	NULL
real	KL	103	3	-15	   -4.00	0	    8.00	0	0	855833.00	15	0	NULL
real	OL	104	3	-15	   -4.00	0	    8.00	0	0	861606.00	15	5	NULL
real	HL	105	3	15	   -4.00	0	    8.00	0	0	  871.28	-3	5	NULL
real	NL	106	3	15	   -4.00	0	    8.00	0	0	874178.00	-3	0	NULL
real	CL	107	3	-15	   -4.00	0	    8.00	0	0	879166.00	15	7	NULL
real	FR	108	3	-15	    4.00	1	   -8.00	0	0	  753.35	-3	5	NULL
real	IR	109	4	-15	   -4.00	0	    4.00	1	1	887521.00	-15	0	NULL
real	CL	110	4	-15	    4.00	1	   -4.00	1	1	892040.00	15	7	NULL
real	FL	111	4	-15	    4.00	1	   -4.00	1	1	  678.36	-3	5	NULL
real	FR	112	4	-15	   -4.00	0	    4.00	1	1	  932.82	-3	5	NULL
real	LR	113	4	15	   -4.00	0	    4.00	1	1	909704.00	15	0	NULL
real	JL	114	4	15	    4.00	1	   -4.00	1	1	915938.00	-15	0	NULL
real	HL	115	4	15	    4.00	1	   -4.00	1	1	  891.16	-3	5	NULL
real	GL	116	4	15	    4.00	1	   -4.00	1	1	  867.43	-3	7	NULL
real	BR	117	4	15	   -4.00	0	    4.00	1	1	  723.24	-15	7	NULL
real	AL	118	4	-15	    4.00	1	   -4.00	1	1	  858.82	-15	7	NULL
real	HR	119	4	15	   -4.00	0	    4.00	1	1	  704.08	-3	5	NULL
real	OL	120	4	-15	    4.00	1	   -4.00	1	1	945486.00	15	5	NULL
real	BL	121	4	15	    4.00	1	   -4.00	1	1	  730.32	-15	7	NULL
real	QL	122	4	-15	    4.00	1	   -4.00	1	1	  548.60	-15	5	NULL
real	QR	123	4	-15	   -4.00	0	    4.00	1	1	  602.22	-15	5	NULL
real	RR	124	4	15	   -4.00	0	    4.00	1	1	  428.23	-15	5	NULL
real	EL	125	4	-15	    4.00	1	   -4.00	1	1	  580.31	-3	7	NULL
real	PL	126	4	15	    4.00	1	   -4.00	1	1	970602.00	15	5	NULL
real	AR	127	4	-15	   -4.00	0	    4.00	1	1	  737.43	-15	7	NULL
real	OR	128	4	-15	   -4.00	1	   -8.00	0	0	980487.00	15	5	NULL
real	RL	129	4	15	    4.00	1	   -4.00	1	1	  781.72	-15	5	NULL
real	LL	130	4	15	  -12.00	0	    4.00	0	1	989304.00	15	0	NULL
real	KR	131	4	-15	   -4.00	0	    4.00	1	1	994295.00	15	0	NULL
real	DR	132	4	15	   -4.00	0	    4.00	1	1	998767.00	15	7	NULL
real	KL	133	4	-15	    4.00	1	   -4.00	1	1	1003141.00	15	0	NULL
real	ML	134	4	-15	   -8.00	0	    2.00	1	2	1007499.00	-3	0	NULL
real	DL	135	4	15	    4.00	1	   -4.00	1	1	1012836.00	15	7	NULL
real	NR	136	4	15	   -4.00	0	    4.00	1	1	1017058.00	-3	0	NULL
real	PR	137	4	15	   -4.00	0	    4.00	1	1	1025618.00	15	5	NULL
real	CR	138	4	-15	   -4.00	0	    4.00	1	1	1030233.00	15	7	NULL
real	IL	139	4	-15	    4.00	1	   -4.00	1	1	1033914.00	-15	0	NULL
real	MR	140	4	-15	   -4.00	0	    4.00	1	1	1038931.00	-3	0	NULL
real	NL	141	4	15	    4.00	1	   -4.00	1	1	1043931.00	-3	0	NULL
real	JR	142	4	15	   -4.00	0	    4.00	1	1	1050819.00	-15	0	NULL
real	GR	143	4	15	   -4.00	0	    4.00	1	1	  763.25	-3	7	NULL
real	ER	144	4	-15	   -4.00	0	    4.00	1	1	  885.60	-3	7	NULL
real	JL	145	5	15	    0.00	0	    2.00	1	2	1068726.00	-15	0	NULL
real	FR	146	5	-15	    0.00	1	   -2.00	1	2	  751.24	-3	5	NULL
real	DR	147	5	15	    0.00	0	    4.00	0	1	1077188.00	15	7	NULL
real	AR	148	5	-15	    0.00	1	   -2.00	1	2	 1156.60	-15	7	NULL
real	AL	149	5	-15	    0.00	1	   -4.00	0	1	 1274.71	-15	7	NULL
real	QR	150	5	-15	    0.00	1	   -2.00	1	2	 1162.26	-15	5	NULL
real	GL	151	5	15	    0.00	0	    2.00	1	2	 1007.88	-3	7	NULL
real	JR	152	5	15	    0.00	0	    4.00	0	1	1103530.00	-15	0	NULL
real	IL	153	5	-15	    0.00	1	   -4.00	0	1	1108172.00	-15	0	NULL
real	ML	154	5	-15	   -6.00	0	    2.00	0	2	1112368.00	-3	0	NULL
real	ER	155	5	-15	    0.00	1	   -2.00	1	2	  681.18	-3	7	NULL
real	HR	156	5	15	    0.00	0	    4.00	0	1	  803.96	-3	5	NULL
real	PL	157	5	15	    0.00	0	    2.00	1	2	1127477.00	15	5	NULL
real	OR	158	5	-15	  -12.00	0	    4.00	1	1	1132123.00	15	5	NULL
real	DL	159	5	15	    0.00	0	    2.00	1	2	1139881.00	15	7	NULL
real	MR	160	5	-15	    0.00	1	   -2.00	1	2	1144322.00	-3	0	NULL
real	RL	161	5	15	    0.00	1	   -4.00	0	1	 1090.41	-15	5	NULL
real	CR	162	5	-15	    0.00	1	   -2.00	1	2	1160353.00	15	7	NULL
real	CL	163	5	-15	    0.00	1	   -4.00	0	1	1164787.00	15	7	NULL
real	KL	164	5	-15	    0.00	1	   -4.00	0	1	1172085.00	15	0	NULL
real	RR	165	5	15	    0.00	1	   -2.00	1	2	  762.01	-15	5	NULL
real	GR	166	5	15	    0.00	0	    4.00	0	1	  758.04	-3	7	NULL
real	FL	167	5	-15	    0.00	1	   -4.00	0	1	  769.67	-3	5	NULL
real	OL	168	5	-15	    0.00	1	   -4.00	0	1	1190586.00	15	5	NULL
real	BR	169	5	15	    0.00	1	   -2.00	1	2	  861.64	-15	7	NULL
real	PR	170	5	15	    0.00	0	    4.00	0	1	1205819.00	15	5	NULL
real	IR	171	5	-15	    0.00	0	    4.00	0	1	1210275.00	-15	0	NULL
real	BL	172	5	15	    0.00	0	    2.00	1	2	  825.84	-15	7	NULL
real	LR	173	5	15	    0.00	0	    4.00	0	1	1219557.00	15	0	NULL
real	EL	174	5	-15	    0.00	1	   -4.00	0	1	  838.60	-3	7	NULL
real	HL	175	5	15	    0.00	0	    2.00	1	2	  836.41	-3	5	NULL
real	NR	176	5	15	    0.00	0	    4.00	0	1	1236606.00	-3	0	NULL
real	LL	177	5	15	   -8.00	0	    4.00	0	1	1246093.00	15	0	NULL
real	NL	178	5	15	    0.00	0	    2.00	1	2	1251014.00	-3	0	NULL
real	QL	179	5	-15	    0.00	0	    2.00	1	2	 2241.67	-15	5	NULL
real	KR	180	5	-15	    0.00	1	   -2.00	1	2	1266114.00	15	0	NULL
real	QL	181	6	-15	    2.00	1	   -1.00	1	3	  813.72	-15	5	NULL
real	HR	182	6	15	    4.00	1	   -2.00	1	2	  690.29	-3	5	NULL
real	ML	183	6	-15	   -4.00	0	    2.00	0	2	1285718.00	-3	0	NULL
real	QR	184	6	-15	   -2.00	0	    1.00	1	3	 1071.06	-15	5	NULL
real	GR	185	6	15	    4.00	1	   -2.00	1	2	  859.36	-3	7	NULL
real	OR	186	6	-15	   -8.00	0	    4.00	0	1	1305238.00	15	5	NULL
real	RR	187	6	15	   -2.00	0	    1.00	1	3	  874.30	-15	5	NULL
real	NL	188	6	15	    2.00	1	   -1.00	1	3	1319801.00	-3	0	NULL
real	JR	189	6	15	    4.00	1	   -2.00	1	2	1330378.00	-15	0	NULL
real	IR	190	6	-15	    4.00	1	   -2.00	1	2	1334790.00	-15	0	NULL
real	IL	191	6	-15	   -4.00	0	    2.00	1	2	1344416.00	-15	0	NULL
real	BR	192	6	15	   -2.00	0	    1.00	1	3	  787.35	-15	7	NULL
real	HL	193	6	15	    2.00	1	   -1.00	1	3	 1266.62	-3	5	NULL
real	DR	194	6	15	    4.00	1	   -2.00	1	2	1367702.00	15	7	NULL
real	BL	195	6	15	    2.00	1	   -1.00	1	3	  783.61	-15	7	NULL
real	LL	196	6	15	   -4.00	0	    4.00	0	1	1390649.00	15	0	NULL
real	KL	197	6	-15	   -4.00	0	    2.00	1	2	1408785.00	15	0	NULL
real	KR	198	6	-15	   -2.00	1	   -2.00	0	2	1425223.00	15	0	NULL
real	AR	199	6	-15	   -2.00	0	    1.00	1	3	  789.53	-15	7	NULL
real	LR	200	6	15	    4.00	1	   -2.00	1	2	1440970.00	15	0	NULL
real	OL	201	6	-15	   -4.00	0	    2.00	1	2	1450271.00	15	5	NULL
real	AL	202	6	-15	   -4.00	0	    2.00	1	2	  725.84	-15	7	NULL
real	MR	203	6	-15	   -2.00	1	   -2.00	0	2	1474738.00	-3	0	NULL
real	DL	204	6	15	    2.00	1	   -1.00	1	3	1480012.00	15	7	NULL
real	EL	205	6	-15	   -4.00	0	    2.00	1	2	  997.95	-3	7	NULL
real	CR	206	6	-15	   -2.00	1	   -2.00	0	2	1501024.00	15	7	NULL
real	FR	207	6	-15	   -2.00	1	   -2.00	0	2	  678.72	-3	5	NULL
real	FL	208	6	-15	   -4.00	0	    2.00	1	2	 1625.62	-3	5	NULL
real	ER	209	6	-15	   -2.00	1	   -2.00	0	2	  644.39	-3	7	NULL
real	CL	210	6	-15	   -4.00	0	    2.00	1	2	1537947.00	15	7	NULL
real	GL	211	6	15	    2.00	1	   -1.00	1	3	  803.02	-3	7	NULL
real	JL	212	6	15	    2.00	1	   -1.00	1	3	1555145.00	-15	0	NULL
real	PL	213	6	15	    2.00	1	   -1.00	1	3	1582657.00	15	5	NULL
real	NR	214	6	15	    4.00	1	   -2.00	1	2	1598765.00	-3	0	NULL
real	RL	215	6	15	   -4.00	0	    2.00	1	2	  628.67	-15	5	NULL
real	PR	216	6	15	    4.00	1	   -2.00	1	2	1614679.00	15	5	NULL
real	IR	217	7	-15	    2.00	1	   -2.00	0	2	1642552.00	-15	0	NULL
real	OR	218	7	-15	   -4.00	0	    4.00	0	1	1655220.00	15	5	NULL
real	RR	219	7	15	   -1.00	1	   -1.00	1	4	 2347.64	-15	5	NULL
real	DR	220	7	15	    2.00	1	   -2.00	0	2	1688690.00	15	7	NULL
real	DL	221	7	15	    1.00	1	   -1.00	0	3	1696573.00	15	7	NULL
real	GL	222	7	15	    1.00	1	   -1.00	0	3	 1557.10	-3	7	NULL
real	GR	223	7	15	    2.00	1	   -2.00	0	2	 1058.19	-3	7	NULL
real	NR	224	7	15	    2.00	1	   -2.00	0	2	1735750.00	-3	0	NULL
real	CL	225	7	-15	   -2.00	1	   -1.00	1	3	1744322.00	15	7	NULL
real	RL	226	7	15	   -2.00	0	    2.00	0	2	 1068.65	-15	5	NULL
real	LR	227	7	15	    2.00	1	   -2.00	0	2	1772020.00	15	0	NULL
real	NL	228	7	15	    1.00	1	   -1.00	0	3	1782740.00	-3	0	NULL
real	QL	229	7	-15	    1.00	1	   -1.00	0	3	  762.23	-15	5	NULL
real	LL	230	7	15	    0.00	0	    4.00	0	1	1809944.00	15	0	NULL
real	AL	231	7	-15	   -2.00	0	    2.00	0	2	  813.88	-15	7	NULL
real	ML	232	7	-15	   -2.00	1	   -1.00	1	3	1839074.00	-3	0	NULL
real	HR	233	7	15	    2.00	1	   -2.00	0	2	  748.96	-3	5	NULL
real	IL	234	7	-15	   -2.00	0	    2.00	0	2	1880064.00	-15	0	NULL
real	FR	235	7	-15	   -4.00	0	    1.00	1	3	  793.04	-3	5	NULL
real	AR	236	7	-15	   -1.00	1	   -1.00	1	4	  803.75	-15	7	NULL
real	BR	237	7	15	   -1.00	1	   -1.00	1	4	  702.10	-15	7	NULL
real	JL	238	7	15	    1.00	1	   -1.00	0	3	1942809.00	-15	0	NULL
real	HL	239	7	15	    1.00	1	   -1.00	0	3	  529.81	-3	5	NULL
real	ER	240	7	-15	   -4.00	0	    1.00	1	3	 1163.64	-3	7	NULL
real	EL	241	7	-15	   -2.00	1	   -1.00	1	3	  583.45	-3	7	NULL
real	JR	242	7	15	    2.00	1	   -2.00	0	2	2038064.00	-15	0	NULL
real	MR	243	7	-15	   -4.00	1	   -2.00	0	2	2045997.00	-3	0	NULL
real	PL	244	7	15	    1.00	1	   -1.00	0	3	2049906.00	15	5	NULL
real	CR	245	7	-15	   -4.00	0	    1.00	1	3	2073484.00	15	7	NULL
real	PR	246	7	15	    2.00	1	   -2.00	0	2	2168615.00	15	5	NULL
real	FL	247	7	-15	   -2.00	0	    2.00	0	2	 1180.70	-3	5	NULL
real	BL	248	7	15	    1.00	1	   -1.00	0	3	  507.64	-15	7	NULL
real	KL	249	7	-15	   -2.00	0	    2.00	0	2	2184219.00	15	0	NULL
real	OL	250	7	-15	   -2.00	0	    2.00	0	2	2190136.00	15	5	NULL
real	KR	251	7	-15	   -4.00	0	    1.00	1	3	2195160.00	15	0	NULL
real	QR	252	7	-15	   -1.00	1	   -1.00	1	4	  808.35	-15	5	NULL
real	CR	253	8	-15	   -3.00	0	    1.00	0	3	2214130.00	15	7	NULL
real	QR	254	8	-15	   -2.00	0	    1.00	1	5	  683.09	-15	5	NULL
real	RL	255	8	15	    0.00	1	   -1.00	1	3	  644.38	-15	5	NULL
real	HR	256	8	15	    0.00	0	    1.00	1	3	  835.73	-3	5	NULL
real	HL	257	8	15	    0.00	0	    1.00	1	4	  746.74	-3	5	NULL
real	FR	258	8	-15	   -3.00	0	    1.00	0	3	  692.01	-3	5	NULL
real	NL	259	8	15	    0.00	0	    1.00	1	4	2245090.00	-3	0	NULL
real	EL	260	8	-15	   -3.00	0	    1.00	1	4	  642.95	-3	7	NULL
real	GR	261	8	15	    0.00	0	    1.00	1	3	  650.01	-3	7	NULL
real	JR	262	8	15	    0.00	0	    1.00	1	3	2258731.00	-15	0	NULL
real	DR	263	8	15	    0.00	0	    1.00	1	3	2267055.00	15	7	NULL
real	KR	264	8	-15	   -3.00	0	    1.00	0	3	2271944.00	15	0	NULL
real	BR	265	8	15	   -2.00	0	    1.00	1	5	  803.38	-15	7	NULL
real	IL	266	8	-15	    0.00	1	   -1.00	1	3	2280678.00	-15	0	NULL
real	OL	267	8	-15	    0.00	1	   -1.00	1	3	2285505.00	15	5	NULL
real	AL	268	8	-15	    0.00	1	   -1.00	1	3	  608.59	-15	7	NULL
real	GL	269	8	15	    0.00	0	    1.00	1	4	  706.45	-3	7	NULL
real	OR	270	8	-15	    0.00	1	   -2.00	1	2	2304997.00	15	5	NULL
real	MR	271	8	-15	   -6.00	0	    1.00	1	3	2309971.00	-3	0	NULL
real	RR	272	8	15	   -2.00	0	    1.00	1	5	  666.97	-15	5	NULL
real	ML	273	8	-15	   -3.00	0	    1.00	1	4	2320030.00	-3	0	NULL
real	KL	274	8	-15	    0.00	1	   -1.00	1	3	2326910.00	15	0	NULL
real	CL	275	8	-15	   -3.00	0	    1.00	1	4	2331369.00	15	7	NULL
real	PL	276	8	15	    0.00	0	    1.00	1	4	2336384.00	15	5	NULL
real	JL	277	8	15	    0.00	0	    1.00	1	4	2340826.00	-15	0	NULL
real	PR	278	8	15	    0.00	0	    1.00	1	3	2345390.00	15	5	NULL
real	LR	279	8	15	    0.00	0	    1.00	1	3	2350030.00	15	0	NULL
real	BL	280	8	15	    0.00	1	   -1.00	0	3	  745.13	-15	7	NULL
real	DL	281	8	15	    0.00	0	    1.00	1	4	2358454.00	15	7	NULL
real	FL	282	8	-15	    0.00	1	   -1.00	1	3	  566.57	-3	5	NULL
real	ER	283	8	-15	   -3.00	0	    1.00	0	3	  884.32	-3	7	NULL
real	LL	284	8	15	    4.00	1	   -2.00	1	2	2375323.00	15	0	NULL
real	NR	285	8	15	    0.00	0	    1.00	1	3	2379957.00	-3	0	NULL
real	AR	286	8	-15	   -2.00	0	    1.00	1	5	  653.66	-15	7	NULL
real	QL	287	8	-15	    0.00	1	   -1.00	0	3	 1160.21	-15	5	NULL
real	IR	288	8	-15	    0.00	0	    1.00	1	3	2399284.00	-15	0	NULL
real	FR	289	9	-15	   -2.00	0	    1.00	0	3	  804.07	-3	5	NULL
real	GL	290	9	15	    1.00	0	    1.00	0	4	 1137.42	-3	7	NULL
real	BR	291	9	15	   -1.00	0	    1.00	0	5	  841.49	-15	7	NULL
real	CL	292	9	-15	   -2.00	0	    1.00	0	4	2419424.00	15	7	NULL
real	ML	293	9	-15	   -2.00	0	    1.00	0	4	2423933.00	-3	0	NULL
real	NR	294	9	15	    1.00	1	   -1.00	1	4	2428180.00	-3	0	NULL
real	AR	295	9	-15	   -1.00	0	    1.00	0	5	  982.70	-15	7	NULL
real	RL	296	9	15	   -1.00	1	   -1.00	0	3	  808.45	-15	5	NULL
real	AL	297	9	-15	   -1.00	0	    1.00	1	4	 1005.40	-15	7	NULL
real	LL	298	9	15	    2.00	1	   -2.00	0	2	2445047.00	15	0	NULL
real	ER	299	9	-15	   -2.00	1	   -1.00	1	4	  739.49	-3	7	NULL
real	QR	300	9	-15	   -1.00	1	   -1.00	1	6	  737.38	-15	5	NULL
real	KL	301	9	-15	   -1.00	1	   -1.00	0	3	2459031.00	15	0	NULL
real	OL	302	9	-15	   -1.00	1	   -1.00	0	3	2463265.00	15	5	NULL
real	MR	303	9	-15	   -5.00	0	    1.00	0	3	2467960.00	-3	0	NULL
real	GR	304	9	15	    1.00	0	    1.00	0	3	  848.98	-3	7	NULL
real	LR	305	9	15	    1.00	0	    1.00	0	3	2476942.00	15	0	NULL
real	QL	306	9	-15	   -1.00	0	    1.00	1	4	 1359.16	-15	5	NULL
real	PR	307	9	15	    1.00	0	    1.00	0	3	2488549.00	15	5	NULL
real	IL	308	9	-15	   -1.00	0	    1.00	1	4	2492332.00	-15	0	NULL
real	DL	309	9	15	    1.00	0	    1.00	0	4	2498109.00	15	7	NULL
real	EL	310	9	-15	   -2.00	0	    1.00	0	4	  604.12	-3	7	NULL
real	CR	311	9	-15	   -2.00	0	    1.00	0	3	2507739.00	15	7	NULL
real	PL	312	9	15	    1.00	1	   -1.00	1	5	2514103.00	15	5	NULL
real	IR	313	9	-15	    1.00	1	   -1.00	1	4	2518536.00	-15	0	NULL
real	JR	314	9	15	    1.00	1	   -1.00	1	4	2523739.00	-15	0	NULL
real	DR	315	9	15	    1.00	0	    1.00	0	3	2529502.00	15	7	NULL
real	FL	316	9	-15	   -1.00	1	   -1.00	0	3	  721.45	-3	5	NULL
real	RR	317	9	15	   -1.00	0	    1.00	0	5	  800.28	-15	5	NULL
real	JL	318	9	15	    1.00	1	   -1.00	1	5	2548476.00	-15	0	NULL
real	NL	319	9	15	    1.00	1	   -1.00	1	5	2554864.00	-3	0	NULL
real	HR	320	9	15	    1.00	1	   -1.00	1	4	  653.64	-3	5	NULL
real	KR	321	9	-15	   -2.00	1	   -1.00	1	4	2567638.00	15	0	NULL
real	BL	322	9	15	   -1.00	0	    1.00	1	4	  684.14	-15	7	NULL
real	OR	323	9	-15	   -2.00	1	   -2.00	0	2	2577195.00	15	5	NULL
real	HL	324	9	15	    1.00	1	   -1.00	1	5	  634.01	-3	5	NULL
real	HL	325	10	15	    0.00	0	    1.00	1	6	  567.56	-3	5	NULL
real	QR	326	10	-15	   -2.00	0	    1.00	1	7	  578.43	-15	5	NULL
real	JL	327	10	15	    0.00	0	    1.00	1	6	2595495.00	-15	0	NULL
real	HR	328	10	15	    0.00	0	    1.00	1	5	  803.52	-3	5	NULL
real	AL	329	10	-15	    0.00	0	    1.00	0	4	  725.51	-15	7	NULL
real	GR	330	10	15	    2.00	1	   -1.00	1	4	  566.49	-3	7	NULL
real	DL	331	10	15	    2.00	1	   -1.00	1	5	2613386.00	15	7	NULL
real	PL	332	10	15	    0.00	0	    1.00	1	6	2621568.00	15	5	NULL
real	RL	333	10	15	   -2.00	0	    1.00	1	4	  723.05	-15	5	NULL
real	LL	334	10	15	    0.00	0	    1.00	1	3	2631849.00	15	0	NULL
real	GL	335	10	15	    2.00	1	   -1.00	1	5	  569.87	-3	7	NULL
real	LR	336	10	15	    2.00	1	   -1.00	1	4	2645391.00	15	0	NULL
real	KR	337	10	-15	   -3.00	0	    1.00	1	5	2651021.00	15	0	NULL
real	DR	338	10	15	    2.00	1	   -1.00	1	4	2655634.00	15	7	NULL
real	IR	339	10	-15	    0.00	1	   -1.00	0	4	2661401.00	-15	0	NULL
real	JR	340	10	15	    0.00	1	   -1.00	0	4	2665915.00	-15	0	NULL
real	BL	341	10	15	    0.00	1	   -1.00	1	5	  685.70	-15	7	NULL
real	MR	342	10	-15	   -4.00	0	    1.00	0	3	2674613.00	-3	0	NULL
real	FL	343	10	-15	   -2.00	1	   -1.00	0	3	  619.98	-3	5	NULL
real	QL	344	10	-15	    0.00	1	   -1.00	1	5	  587.04	-15	5	NULL
real	CR	345	10	-15	   -1.00	1	   -1.00	1	4	2689207.00	15	7	NULL
real	CL	346	10	-15	   -1.00	1	   -1.00	1	5	2693304.00	15	7	NULL
real	EL	347	10	-15	   -1.00	1	   -1.00	1	5	  522.70	-3	7	NULL
real	OR	348	10	-15	   -4.00	1	   -2.00	0	2	2704833.00	15	5	NULL
real	RR	349	10	15	    0.00	1	   -1.00	1	6	  436.48	-15	5	NULL
real	NL	350	10	15	    0.00	0	    1.00	1	6	2712524.00	-3	0	NULL
real	AR	351	10	-15	    0.00	1	   -1.00	1	6	  636.79	-15	7	NULL
real	NR	352	10	15	    0.00	0	    1.00	1	5	2724072.00	-3	0	NULL
real	ML	353	10	-15	   -1.00	1	   -1.00	1	5	2729389.00	-3	0	NULL
real	BR	354	10	15	    0.00	1	   -1.00	1	6	  600.74	-15	7	NULL
real	PR	355	10	15	    2.00	1	   -1.00	1	4	2742473.00	15	5	NULL
real	KL	356	10	-15	   -2.00	1	   -1.00	0	3	2747328.00	15	0	NULL
real	ER	357	10	-15	   -3.00	0	    1.00	1	5	  654.60	-3	7	NULL
real	IL	358	10	-15	    0.00	1	   -1.00	1	5	2755824.00	-15	0	NULL
real	OL	359	10	-15	   -2.00	1	   -1.00	0	3	2760347.00	15	5	NULL
real	FR	360	10	-15	   -1.00	1	   -1.00	1	4	  639.16	-3	5	NULL
real	HR	361	11	15	    1.00	1	   -1.00	1	6	  755.16	-3	5	NULL
real	FR	362	11	-15	   -2.00	1	   -1.00	0	4	  626.33	-3	5	NULL
real	PR	363	11	15	    1.00	1	   -1.00	0	4	2779331.00	15	5	NULL
real	JR	364	11	15	   -1.00	0	    1.00	1	5	2785468.00	-15	0	NULL
real	DL	365	11	15	    1.00	1	   -1.00	0	5	2794681.00	15	7	NULL
real	DR	366	11	15	    1.00	1	   -1.00	0	4	2799299.00	15	7	NULL
real	RR	367	11	15	   -1.00	1	   -1.00	0	6	  747.71	-15	5	NULL
real	GL	368	11	15	    1.00	1	   -1.00	0	5	  677.60	-3	7	NULL
real	NR	369	11	15	    1.00	1	   -1.00	1	6	2814927.00	-3	0	NULL
real	FL	370	11	-15	   -3.00	0	    1.00	1	4	  578.64	-3	5	NULL
real	HL	371	11	15	    1.00	0	    1.00	0	6	  612.17	-3	5	NULL
real	EL	372	11	-15	   -2.00	1	   -1.00	0	5	  537.21	-3	7	NULL
real	KL	373	11	-15	   -3.00	1	   -1.00	0	3	2837001.00	15	0	NULL
real	JL	374	11	15	    1.00	1	   -1.00	1	7	2840824.00	-15	0	NULL
real	AL	375	11	-15	    1.00	1	   -1.00	1	5	  424.92	-15	7	NULL
real	BL	376	11	15	   -1.00	0	    1.00	1	6	  502.70	-15	7	NULL
real	IR	377	11	-15	   -1.00	0	    1.00	1	5	2853333.00	-15	0	NULL
real	PL	378	11	15	    1.00	0	    1.00	0	6	2861118.00	15	5	NULL
real	ER	379	11	-15	   -2.00	0	    1.00	0	5	  718.29	-3	7	NULL
real	QR	380	11	-15	   -1.00	1	   -1.00	1	8	  991.78	-15	5	NULL
real	LR	381	11	15	    1.00	1	   -1.00	0	4	2877358.00	15	0	NULL
real	CR	382	11	-15	   -2.00	1	   -1.00	0	4	2881924.00	15	7	NULL
real	CL	383	11	-15	   -2.00	1	   -1.00	0	5	2886139.00	15	7	NULL
real	AR	384	11	-15	   -1.00	1	   -1.00	0	6	  735.85	-15	7	NULL
real	IL	385	11	-15	   -1.00	1	   -1.00	0	5	2897767.00	-15	0	NULL
real	ML	386	11	-15	   -2.00	1	   -1.00	0	5	2902367.00	-3	0	NULL
real	BR	387	11	15	   -1.00	1	   -1.00	0	6	  766.19	-15	7	NULL
real	OR	388	11	-15	   -6.00	0	    1.00	1	3	2913679.00	15	5	NULL
real	NL	389	11	15	    1.00	0	    1.00	0	6	2919364.00	-3	0	NULL
real	LL	390	11	15	    1.00	0	    1.00	0	3	2926922.00	15	0	NULL
real	GR	391	11	15	    1.00	1	   -1.00	0	4	  838.44	-3	7	NULL
real	MR	392	11	-15	   -3.00	1	   -1.00	1	4	2939723.00	-3	0	NULL
real	QL	393	11	-15	   -1.00	1	   -1.00	0	5	 1138.46	-15	5	NULL
real	RL	394	11	15	   -1.00	0	    1.00	0	4	  807.29	-15	5	NULL
real	OL	395	11	-15	   -3.00	0	    1.00	1	4	2970264.00	15	5	NULL
real	KR	396	11	-15	   -2.00	1	   -1.00	1	6	2978195.00	15	0	NULL
real	BR	397	12	15	   -2.00	0	    1.00	1	7	  672.59	-15	7	NULL
real	OR	398	12	-15	   -5.00	0	    1.00	0	3	2995259.00	15	5	NULL
real	PR	399	12	15	    0.00	1	   -1.00	0	4	3001643.00	15	5	NULL
real	QR	400	12	-15	   -2.00	0	    1.00	1	9	  587.36	-15	5	NULL
real	NL	401	12	15	    2.00	0	    1.00	0	6	3222786.00	-3	0	NULL
real	FL	402	12	-15	   -2.00	0	    1.00	0	4	  507.12	-3	5	NULL
real	JR	403	12	15	    0.00	0	    1.00	0	5	3233567.00	-15	0	NULL
real	CR	404	12	-15	   -3.00	0	    1.00	1	5	3237973.00	15	7	NULL
real	BL	405	12	15	    0.00	1	   -1.00	1	7	  529.89	-15	7	NULL
real	DL	406	12	15	    0.00	0	    1.00	1	6	3251253.00	15	7	NULL
real	GR	407	12	15	    0.00	0	    1.00	1	5	  431.80	-3	7	NULL
real	FR	408	12	-15	   -3.00	0	    1.00	1	5	  392.96	-3	5	NULL
real	ER	409	12	-15	   -1.00	1	   -1.00	1	6	  497.11	-3	7	NULL
real	CL	410	12	-15	   -3.00	0	    1.00	1	6	3265959.00	15	7	NULL
real	ML	411	12	-15	   -3.00	0	    1.00	1	6	3270188.00	-3	0	NULL
real	NR	412	12	15	    0.00	0	    1.00	1	7	3273732.00	-3	0	NULL
real	KL	413	12	-15	   -4.00	0	    1.00	1	4	3277731.00	15	0	NULL
real	RR	414	12	15	   -2.00	0	    1.00	1	7	  399.59	-15	5	NULL
real	HR	415	12	15	    0.00	1	   -1.00	0	6	  384.30	-3	5	NULL
real	AR	416	12	-15	   -2.00	0	    1.00	1	7	  435.19	-15	7	NULL
real	QL	417	12	-15	   -2.00	0	    1.00	1	6	  871.41	-15	5	NULL
real	DR	418	12	15	    0.00	1	   -1.00	0	4	3297492.00	15	7	NULL
real	MR	419	12	-15	   -4.00	0	    1.00	1	5	3303873.00	-3	0	NULL
real	RL	420	12	15	    0.00	1	   -1.00	1	5	  541.91	-15	5	NULL
real	EL	421	12	-15	   -3.00	0	    1.00	1	6	  637.37	-3	7	NULL
real	LL	422	12	15	    2.00	1	   -1.00	1	4	3315912.00	15	0	NULL
real	IL	423	12	-15	   -2.00	0	    1.00	1	6	3321731.00	-15	0	NULL
real	PL	424	12	15	    2.00	1	   -1.00	1	7	3325806.00	15	5	NULL
real	HL	425	12	15	    2.00	1	   -1.00	1	7	  376.43	-3	5	NULL
real	GL	426	12	15	    0.00	0	    1.00	1	6	  464.05	-3	7	NULL
real	KR	427	12	-15	   -3.00	0	    1.00	1	7	3339224.00	15	0	NULL
real	JL	428	12	15	    0.00	0	    1.00	1	8	3343767.00	-15	0	NULL
real	AL	429	12	-15	    0.00	0	    1.00	1	6	  614.74	-15	7	NULL
real	LR	430	12	15	    0.00	0	    1.00	1	5	3355965.00	15	0	NULL
real	IR	431	12	-15	    0.00	1	   -1.00	1	6	3359522.00	-15	0	NULL
real	OL	432	12	-15	   -2.00	0	    1.00	0	4	3364482.00	15	5	NULL
real	HR	433	13	15	   -1.00	0	    1.00	1	7	  722.28	-3	5	NULL
real	FL	434	13	-15	   -1.00	1	   -1.00	1	5	  556.06	-3	5	NULL
real	PL	435	13	15	    1.00	1	   -1.00	0	7	3377936.00	15	5	NULL
real	DL	436	13	15	    1.00	0	    1.00	0	6	3384528.00	15	7	NULL
real	GR	437	13	15	    1.00	1	   -1.00	1	6	  645.19	-3	7	NULL
real	HL	438	13	15	    1.00	1	   -1.00	0	7	  686.85	-3	5	NULL
real	CL	439	13	-15	   -2.00	0	    1.00	0	6	3401738.00	15	7	NULL
real	BL	440	13	15	   -1.00	0	    1.00	1	8	  481.12	-15	7	NULL
real	DR	441	13	15	   -1.00	0	    1.00	1	5	3409013.00	15	7	NULL
real	RR	442	13	15	   -1.00	0	    1.00	0	7	  646.71	-15	5	NULL
real	QR	443	13	-15	   -1.00	1	   -1.00	1	10	  503.96	-15	5	NULL
real	KL	444	13	-15	   -3.00	1	   -1.00	1	5	3422689.00	15	0	NULL
real	IR	445	13	-15	   -1.00	1	   -1.00	0	6	3426669.00	-15	0	NULL
real	JL	446	13	15	    1.00	1	   -1.00	1	9	3430488.00	-15	0	NULL
real	AL	447	13	-15	    1.00	1	   -1.00	1	7	  470.98	-15	7	NULL
real	EL	448	13	-15	   -2.00	0	    1.00	0	6	  541.20	-3	7	NULL
real	FR	449	13	-15	   -2.00	1	   -1.00	1	6	 1040.26	-3	5	NULL
real	RL	450	13	15	   -1.00	1	   -1.00	0	5	  562.15	-15	5	NULL
real	KR	451	13	-15	   -2.00	1	   -1.00	1	8	3455569.00	15	0	NULL
real	IL	452	13	-15	   -1.00	0	    1.00	0	6	3459170.00	-15	0	NULL
real	AR	453	13	-15	   -1.00	1	   -1.00	1	8	  575.10	-15	7	NULL
real	CR	454	13	-15	   -2.00	0	    1.00	0	5	3467386.00	15	7	NULL
real	OL	455	13	-15	   -1.00	1	   -1.00	1	5	3475154.00	15	5	NULL
real	ML	456	13	-15	   -2.00	1	   -1.00	1	7	3480034.00	-3	0	NULL
real	BR	457	13	15	   -1.00	0	    1.00	0	7	  604.66	-15	7	NULL
real	ER	458	13	-15	   -2.00	1	   -1.00	0	6	  587.19	-3	7	NULL
real	NR	459	13	15	    1.00	1	   -1.00	1	8	3493623.00	-3	0	NULL
real	GL	460	13	15	    1.00	1	   -1.00	1	7	  413.03	-3	7	NULL
real	PR	461	13	15	   -1.00	0	    1.00	1	5	3502354.00	15	5	NULL
real	JR	462	13	15	    1.00	1	   -1.00	1	6	3506042.00	-15	0	NULL
real	NL	463	13	15	    3.00	1	   -1.00	1	7	3509959.00	-3	0	NULL
real	OR	464	13	-15	   -4.00	0	    1.00	0	3	3513963.00	15	5	NULL
real	LR	465	13	15	    1.00	0	    1.00	0	5	3519269.00	15	0	NULL
real	MR	466	13	-15	   -3.00	0	    1.00	0	5	3523748.00	-3	0	NULL
real	LL	467	13	15	    1.00	0	    1.00	1	5	3529130.00	15	0	NULL
real	QL	468	13	-15	   -1.00	1	   -1.00	1	7	  753.82	-15	5	NULL
real	DL	469	14	15	    2.00	1	   -1.00	1	7	3537668.00	15	7	NULL
real	HL	470	14	15	    0.00	0	    1.00	1	8	  731.72	-3	5	NULL
real	AL	471	14	-15	    0.00	1	   -1.00	0	7	  637.84	-15	7	NULL
real	NR	472	14	15	    0.00	1	   -1.00	0	8	3551670.00	-3	0	NULL
real	CL	473	14	-15	   -1.00	1	   -1.00	1	7	3555907.00	15	7	NULL
real	JL	474	14	15	    0.00	1	   -1.00	0	9	3559460.00	-15	0	NULL
real	JR	475	14	15	    0.00	1	   -1.00	0	6	3562910.00	-15	0	NULL
real	FR	476	14	-15	   -3.00	0	    1.00	1	7	  549.85	-3	5	NULL
real	BL	477	14	15	    0.00	1	   -1.00	1	9	  575.72	-15	7	NULL
real	ML	478	14	-15	   -3.00	0	    1.00	1	8	3575386.00	-3	0	NULL
real	FL	479	14	-15	   -2.00	1	   -1.00	0	5	  506.40	-3	5	NULL
real	LR	480	14	15	    2.00	1	   -1.00	1	6	3583881.00	15	0	NULL
real	QL	481	14	-15	   -2.00	0	    1.00	1	8	  710.89	-15	5	NULL
real	KR	482	14	-15	   -3.00	0	    1.00	1	9	3598866.00	15	0	NULL
real	OR	483	14	-15	   -3.00	0	    1.00	0	3	3607164.00	15	5	NULL
real	MR	484	14	-15	   -2.00	0	    1.00	0	5	3610885.00	-3	0	NULL
real	IR	485	14	-15	   -2.00	0	    1.00	1	7	3614370.00	-15	0	NULL
real	PL	486	14	15	    0.00	0	    1.00	1	8	3629339.00	15	5	NULL
real	CR	487	14	-15	   -1.00	1	   -1.00	1	6	3633871.00	15	7	NULL
real	RR	488	14	15	    0.00	1	   -1.00	1	8	  643.31	-15	5	NULL
real	IL	489	14	-15	    0.00	1	   -1.00	1	7	3643332.00	-15	0	NULL
real	LL	490	14	15	    2.00	1	   -1.00	1	6	3650905.00	15	0	NULL
real	RL	491	14	15	   -2.00	0	    1.00	1	6	  524.36	-15	5	NULL
real	PR	492	14	15	    0.00	0	    1.00	0	5	3661409.00	15	5	NULL
real	QR	493	14	-15	   -2.00	0	    1.00	1	11	 2198.14	-15	5	NULL
real	KL	494	14	-15	   -4.00	0	    1.00	1	6	3688174.00	15	0	NULL
real	GR	495	14	15	    0.00	1	   -1.00	0	6	  758.11	-3	7	NULL
real	BR	496	14	15	    0.00	1	   -1.00	1	8	  636.99	-15	7	NULL
real	EL	497	14	-15	   -1.00	1	   -1.00	1	7	  720.70	-3	7	NULL
real	ER	498	14	-15	   -3.00	1	   -1.00	0	6	  650.01	-3	7	NULL
real	HR	499	14	15	    0.00	0	    1.00	0	7	  731.92	-3	5	NULL
real	DR	500	14	15	    0.00	1	   -1.00	1	6	3720616.00	15	7	NULL
real	NL	501	14	15	    2.00	1	   -1.00	0	7	3726296.00	-3	0	NULL
real	OL	502	14	-15	   -2.00	1	   -1.00	0	5	3733003.00	15	5	NULL
real	AR	503	14	-15	   -2.00	0	    1.00	1	9	  698.86	-15	7	NULL
real	GL	504	14	15	    0.00	1	   -1.00	0	7	  779.48	-3	7	NULL
real	JL	505	15	15	   -1.00	1	   -1.00	0	9	3749591.00	-15	0	NULL
real	PL	506	15	15	    1.00	1	   -1.00	1	9	3757593.00	15	5	NULL
real	ML	507	15	-15	   -2.00	1	   -1.00	1	9	3761450.00	-3	0	NULL
real	FL	508	15	-15	   -3.00	0	    1.00	1	6	 1029.01	-3	5	NULL
real	HR	509	15	15	    1.00	1	   -1.00	1	8	  534.24	-3	5	NULL
real	BL	510	15	15	   -1.00	0	    1.00	1	10	  893.31	-15	7	NULL
real	RL	511	15	15	   -1.00	0	    1.00	0	6	  970.82	-15	5	NULL
real	AR	512	15	-15	   -1.00	1	   -1.00	1	10	  534.61	-15	7	NULL
real	PR	513	15	15	    1.00	1	   -1.00	1	6	3788928.00	15	5	NULL
real	NR	514	15	15	   -1.00	0	    1.00	1	9	3795005.00	-3	0	NULL
real	OR	515	15	-15	   -2.00	1	   -1.00	1	4	3799210.00	15	5	NULL
real	IR	516	15	-15	   -1.00	0	    1.00	0	7	3804971.00	-15	0	NULL
real	JR	517	15	15	   -1.00	0	    1.00	1	7	3808626.00	-15	0	NULL
real	AL	518	15	-15	   -1.00	1	   -1.00	0	7	 1188.61	-15	7	NULL
real	CL	519	15	-15	   -2.00	1	   -1.00	0	7	3818786.00	15	7	NULL
real	KR	520	15	-15	   -2.00	1	   -1.00	1	10	3826181.00	15	0	NULL
real	HL	521	15	15	    1.00	1	   -1.00	1	9	  605.05	-3	5	NULL
real	GR	522	15	15	   -1.00	0	    1.00	1	7	  721.19	-3	7	NULL
real	KL	523	15	-15	   -3.00	0	    1.00	0	6	3845449.00	15	0	NULL
real	IL	524	15	-15	   -1.00	0	    1.00	1	8	3849112.00	-15	0	NULL
real	FR	525	15	-15	   -2.00	1	   -1.00	1	8	  914.27	-3	5	NULL
real	NL	526	15	15	    1.00	1	   -1.00	0	7	3857016.00	-3	0	NULL
real	LL	527	15	15	    1.00	1	   -1.00	0	6	3863215.00	15	0	NULL
real	LR	528	15	15	    1.00	1	   -1.00	0	6	3868839.00	15	0	NULL
real	QL	529	15	-15	   -1.00	1	   -1.00	1	9	  908.65	-15	5	NULL
real	DR	530	15	15	   -1.00	0	    1.00	1	7	3878956.00	15	7	NULL
real	OL	531	15	-15	   -3.00	0	    1.00	1	6	3887557.00	15	5	NULL
real	MR	532	15	-15	   -1.00	1	   -1.00	1	6	3894564.00	-3	0	NULL
real	QR	533	15	-15	   -1.00	1	   -1.00	1	12	  838.54	-15	5	NULL
real	ER	534	15	-15	   -4.00	0	    1.00	1	7	 1083.60	-3	7	NULL
real	BR	535	15	15	   -1.00	0	    1.00	1	9	  947.37	-15	7	NULL
real	RR	536	15	15	   -1.00	0	    1.00	1	9	  610.78	-15	5	NULL
real	GL	537	15	15	   -1.00	0	    1.00	1	8	  484.08	-3	7	NULL
real	CR	538	15	-15	   -2.00	1	   -1.00	0	6	3940749.00	15	7	NULL
real	EL	539	15	-15	   -2.00	1	   -1.00	0	7	  700.68	-3	7	NULL
real	DL	540	15	15	    1.00	1	   -1.00	0	7	3953272.00	15	7	NULL
real	HL	541	16	15	    0.00	1	   -1.00	0	9	  563.98	-3	5	NULL
real	KL	542	16	-15	   -2.00	1	   -1.00	1	7	3964725.00	15	0	NULL
real	BL	543	16	15	    0.00	1	   -1.00	1	11	  554.01	-15	7	NULL
real	PL	544	16	15	    0.00	0	    1.00	1	10	3980091.00	15	5	NULL
real	ML	545	16	-15	   -3.00	1	   -1.00	0	9	3986132.00	-3	0	NULL
real	JR	546	16	15	    0.00	0	    1.00	0	7	3991053.00	-15	0	NULL
real	CR	547	16	-15	   -3.00	1	   -1.00	0	6	3994969.00	15	7	NULL
real	ER	548	16	-15	   -3.00	1	   -1.00	1	8	  870.54	-3	7	NULL
real	EL	549	16	-15	   -3.00	0	    1.00	1	8	 1319.59	-3	7	NULL
real	FL	550	16	-15	   -2.00	1	   -1.00	1	7	  764.42	-3	5	NULL
real	RL	551	16	15	    0.00	1	   -1.00	1	7	  560.72	-15	5	NULL
real	LR	552	16	15	    0.00	0	    1.00	1	7	4046230.00	15	0	NULL
real	AR	553	16	-15	   -2.00	0	    1.00	1	11	  541.78	-15	7	NULL
real	FR	554	16	-15	   -3.00	0	    1.00	1	9	  653.92	-3	5	NULL
real	BR	555	16	15	    0.00	1	   -1.00	1	10	  539.55	-15	7	NULL
real	IL	556	16	-15	    0.00	1	   -1.00	1	9	4063940.00	-15	0	NULL
real	LL	557	16	15	    0.00	0	    1.00	1	7	4073054.00	15	0	NULL
real	DR	558	16	15	    0.00	1	   -1.00	1	8	4077506.00	15	7	NULL
real	OR	559	16	-15	   -3.00	0	    1.00	1	5	4081498.00	15	5	NULL
real	RR	560	16	15	    0.00	1	   -1.00	1	10	  515.23	-15	5	NULL
real	CL	561	16	-15	   -3.00	0	    1.00	1	8	4089833.00	15	7	NULL
real	JL	562	16	15	   -2.00	0	    1.00	1	10	4093557.00	-15	0	NULL
real	MR	563	16	-15	   -2.00	1	   -1.00	0	6	4097301.00	-3	0	NULL
real	NL	564	16	15	    0.00	1	   -1.00	0	7	4104641.00	-3	0	NULL
real	DL	565	16	15	    0.00	1	   -1.00	0	7	4109927.00	15	7	NULL
real	QL	566	16	-15	   -2.00	0	    1.00	1	10	  915.42	-15	5	NULL
real	NR	567	16	15	    0.00	0	    1.00	0	9	4122776.00	-3	0	NULL
real	AL	568	16	-15	   -2.00	0	    1.00	1	8	  898.92	-15	7	NULL
real	GR	569	16	15	    0.00	1	   -1.00	1	8	  576.54	-3	7	NULL
real	KR	570	16	-15	   -3.00	0	    1.00	1	11	4137272.00	15	0	NULL
real	GL	571	16	15	    0.00	1	   -1.00	1	9	  499.19	-3	7	NULL
real	IR	572	16	-15	    0.00	1	   -1.00	1	8	4147528.00	-15	0	NULL
real	HR	573	16	15	    0.00	1	   -1.00	0	8	  417.28	-3	5	NULL
real	OL	574	16	-15	   -2.00	1	   -1.00	1	7	4156212.00	15	5	NULL
real	PR	575	16	15	    0.00	1	   -1.00	0	6	4163624.00	15	5	NULL
real	ER	576	17	-15	   -4.00	0	    1.00	1	9	  540.21	-3	7	NULL
real	NL	577	17	15	   -1.00	0	    1.00	1	8	4178637.00	-3	0	NULL
real	RL	578	17	15	   -1.00	0	    1.00	1	8	  810.99	-15	5	NULL
real	OR	579	17	-15	   -2.00	1	   -1.00	1	6	4200289.00	15	5	NULL
real	CL	580	17	-15	   -2.00	1	   -1.00	1	9	4204274.00	15	7	NULL
real	FL	581	17	-15	   -3.00	0	    1.00	1	8	  510.84	-3	5	NULL
real	EL	582	17	-15	   -2.00	1	   -1.00	1	9	  470.27	-3	7	NULL
real	DR	583	17	15	   -1.00	0	    1.00	1	9	4217286.00	15	7	NULL
real	AR	584	17	-15	   -1.00	1	   -1.00	1	12	  780.61	-15	7	NULL
real	IR	585	17	-15	   -1.00	0	    1.00	1	9	4229660.00	-15	0	NULL
real	RR	586	17	15	   -1.00	0	    1.00	1	11	  637.44	-15	5	NULL
real	HL	587	17	15	   -1.00	0	    1.00	1	10	  492.45	-3	5	NULL
real	GL	588	17	15	   -1.00	0	    1.00	1	10	  423.96	-3	7	NULL
real	BL	589	17	15	   -1.00	0	    1.00	1	12	  543.49	-15	7	NULL
real	KL	590	17	-15	   -3.00	0	    1.00	1	8	4257938.00	15	0	NULL
real	MR	591	17	-15	   -3.00	0	    1.00	1	7	4261647.00	-3	0	NULL
real	FR	592	17	-15	   -2.00	0	    1.00	0	9	  439.29	-3	5	NULL
real	KR	593	17	-15	   -2.00	1	   -1.00	1	12	4272412.00	15	0	NULL
real	PR	594	17	15	   -1.00	0	    1.00	1	7	4278917.00	15	5	NULL
real	LR	595	17	15	    1.00	0	    1.00	0	7	4286865.00	15	0	NULL
real	OL	596	17	-15	   -3.00	1	   -1.00	0	7	4296018.00	15	5	NULL
real	AL	597	17	-15	   -1.00	1	   -1.00	1	9	  561.77	-15	7	NULL
real	HR	598	17	15	   -1.00	0	    1.00	1	9	  525.29	-3	5	NULL
real	BR	599	17	15	   -1.00	1	   -1.00	0	10	  508.00	-15	7	NULL
real	GR	600	17	15	   -1.00	1	   -1.00	0	8	  464.12	-3	7	NULL
real	LL	601	17	15	    1.00	1	   -1.00	1	8	4325604.00	15	0	NULL
real	CR	602	17	-15	   -4.00	1	   -1.00	0	6	4332228.00	15	7	NULL
real	QL	603	17	-15	   -1.00	1	   -1.00	1	11	  543.96	-15	5	NULL
real	JL	604	17	15	   -1.00	1	   -1.00	1	11	4344472.00	-15	0	NULL
real	ML	605	17	-15	   -4.00	0	    1.00	1	10	4372299.00	-3	0	NULL
real	DL	606	17	15	   -1.00	0	    1.00	1	8	4376623.00	15	7	NULL
real	NR	607	17	15	    1.00	1	   -1.00	1	10	4380474.00	-3	0	NULL
real	JR	608	17	15	    1.00	1	   -1.00	1	8	4384200.00	-15	0	NULL
real	PL	609	17	15	    1.00	1	   -1.00	1	11	4388070.00	15	5	NULL
real	IL	610	17	-15	   -1.00	1	   -1.00	0	9	4391834.00	-15	0	NULL
real	AL	611	18	-15	   -2.00	0	    1.00	1	10	  491.98	-15	7	NULL
real	ML	612	18	-15	   -3.00	1	   -1.00	1	11	4399814.00	-3	0	NULL
real	RR	613	18	15	    0.00	1	   -1.00	1	12	  463.01	-15	5	NULL
real	GR	614	18	15	   -2.00	0	    1.00	1	9	  494.37	-3	7	NULL
real	NL	615	18	15	    0.00	0	    1.00	0	8	4412477.00	-3	0	NULL
real	JL	616	18	15	   -2.00	0	    1.00	1	12	4416716.00	-15	0	NULL
real	NR	617	18	15	    0.00	0	    1.00	1	11	4420960.00	-3	0	NULL
real	RL	618	18	15	    0.00	1	   -1.00	1	9	  602.24	-15	5	NULL
real	LR	619	18	15	    2.00	1	   -1.00	1	8	4433180.00	15	0	NULL
real	EL	620	18	-15	   -3.00	1	   -1.00	0	9	  555.30	-3	7	NULL
real	DR	621	18	15	    0.00	0	    1.00	0	9	4444337.00	15	7	NULL
real	CR	622	18	-15	   -5.00	0	    1.00	1	7	4448496.00	15	7	NULL
real	FL	623	18	-15	   -2.00	1	   -1.00	1	9	  683.84	-3	5	NULL
real	FR	624	18	-15	   -1.00	1	   -1.00	1	10	  484.33	-3	5	NULL
real	ER	625	18	-15	   -3.00	0	    1.00	0	9	  609.54	-3	7	NULL
real	OL	626	18	-15	   -4.00	0	    1.00	1	8	4479035.00	15	5	NULL
real	IL	627	18	-15	   -2.00	0	    1.00	1	10	4483154.00	-15	0	NULL
real	CL	628	18	-15	   -3.00	1	   -1.00	0	9	4488729.00	15	7	NULL
real	MR	629	18	-15	   -2.00	1	   -1.00	1	8	4494964.00	-3	0	NULL
real	PR	630	18	15	    0.00	1	   -1.00	1	8	4506822.00	15	5	NULL
real	GL	631	18	15	    0.00	1	   -1.00	1	11	  421.86	-3	7	NULL
real	PL	632	18	15	    0.00	0	    1.00	1	12	4525878.00	15	5	NULL
real	HL	633	18	15	    0.00	1	   -1.00	1	11	  472.75	-3	5	NULL
real	HR	634	18	15	    0.00	1	   -1.00	1	10	 1045.07	-3	5	NULL
real	DL	635	18	15	    0.00	1	   -1.00	1	9	4544401.00	15	7	NULL
real	KL	636	18	-15	   -2.00	1	   -1.00	1	9	4548225.00	15	0	NULL
real	LL	637	18	15	    0.00	0	    1.00	1	9	4555184.00	15	0	NULL
real	BR	638	18	15	   -2.00	0	    1.00	1	11	  940.27	-15	7	NULL
real	QL	639	18	-15	   -2.00	1	   -1.00	0	11	  662.22	-15	5	NULL
real	IR	640	18	-15	    0.00	1	   -1.00	1	10	4572782.00	-15	0	NULL
real	JR	641	18	15	    0.00	1	   -1.00	0	8	4584126.00	-15	0	NULL
real	OR	642	18	-15	   -3.00	1	   -1.00	0	6	4589622.00	15	5	NULL
real	MR	643	19	-15	   -3.00	1	   -1.00	0	8	4601241.00	-3	0	NULL
real	LL	644	19	15	    1.00	1	   -1.00	1	10	4614886.00	15	0	NULL
real	ML	645	19	-15	   -4.00	1	   -1.00	0	11	4618573.00	-3	0	NULL
real	RL	646	19	15	   -1.00	1	   -1.00	0	9	  505.72	-15	5	NULL
real	DL	647	19	15	   -1.00	1	   -1.00	0	9	4629636.00	15	7	NULL
real	CR	648	19	-15	   -4.00	1	   -1.00	1	8	4639444.00	15	7	NULL
real	IR	649	19	-15	   -1.00	1	   -1.00	0	10	4645778.00	-15	0	NULL
real	NL	650	19	15	    1.00	0	    1.00	0	8	4655499.00	-3	0	NULL
real	LR	651	19	15	    1.00	0	    1.00	1	9	4668644.00	15	0	NULL
real	HR	652	19	15	   -1.00	1	   -1.00	0	10	  433.28	-3	5	NULL
real	BR	653	19	15	   -1.00	1	   -1.00	1	12	  469.47	-15	7	NULL
real	IL	654	19	-15	   -1.00	1	   -1.00	1	11	4684055.00	-15	0	NULL
real	FR	655	19	-15	   -2.00	1	   -1.00	0	10	  503.02	-3	5	NULL
real	AL	656	19	-15	   -1.00	1	   -1.00	1	11	  487.17	-15	7	NULL
real	QL	657	19	-15	   -3.00	1	   -1.00	0	11	  704.61	-15	5	NULL
real	KL	658	19	-15	   -3.00	1	   -1.00	0	9	4714508.00	15	0	NULL
real	DR	659	19	15	    1.00	1	   -1.00	1	10	4721229.00	15	7	NULL
real	PR	660	19	15	   -1.00	0	    1.00	1	9	4725733.00	15	5	NULL
real	GR	661	19	15	   -1.00	0	    1.00	0	9	  637.15	-3	7	NULL
real	FL	662	19	-15	   -3.00	0	    1.00	1	10	  911.86	-3	5	NULL
real	OR	663	19	-15	   -4.00	1	   -1.00	0	6	4760883.00	15	5	NULL
real	GL	664	19	15	   -1.00	0	    1.00	1	12	  737.07	-3	7	NULL
real	CL	665	19	-15	   -4.00	1	   -1.00	0	9	4786783.00	15	7	NULL
real	NR	666	19	15	    1.00	1	   -1.00	1	12	4790849.00	-3	0	NULL
real	JR	667	19	15	   -1.00	1	   -1.00	0	8	4794266.00	-15	0	NULL
real	ER	668	19	-15	   -2.00	1	   -1.00	1	10	  381.99	-3	7	NULL
real	HL	669	19	15	   -1.00	0	    1.00	1	12	  653.57	-3	5	NULL
real	OL	670	19	-15	   -3.00	1	   -1.00	1	9	4810433.00	15	5	NULL
real	EL	671	19	-15	   -4.00	1	   -1.00	0	9	  984.31	-3	7	NULL
real	ML	672	20	-15	   -5.00	0	    1.00	1	12	4822399.00	-3	0	NULL
real	DR	673	20	15	    0.00	1	   -1.00	0	10	4835882.00	15	7	NULL
real	OR	674	20	-15	   -5.00	1	   -1.00	0	6	4849538.00	15	5	NULL
real	FR	675	20	-15	   -3.00	1	   -1.00	0	10	  526.29	-3	5	NULL
real	OL	676	20	-15	   -4.00	1	   -1.00	0	9	4871062.00	15	5	NULL
real	CL	677	20	-15	   -5.00	0	    1.00	1	10	4875521.00	15	7	NULL
real	RL	678	20	15	   -2.00	1	   -1.00	0	9	  723.86	-15	5	NULL
real	KL	679	20	-15	   -4.00	1	   -1.00	0	9	4890660.00	15	0	NULL
real	ER	680	20	-15	   -3.00	1	   -1.00	0	10	  469.99	-3	7	NULL
real	EL	681	20	-15	   -5.00	0	    1.00	1	10	  691.62	-3	7	NULL
real	AL	682	20	-15	   -2.00	1	   -1.00	0	11	  660.57	-15	7	NULL
real	PR	683	20	15	    0.00	1	   -1.00	1	10	4921817.00	15	5	NULL
real	MR	684	20	-15	   -4.00	1	   -1.00	0	8	4928939.00	-3	0	NULL
real	IR	685	20	-15	   -2.00	1	   -1.00	0	10	4933061.00	-15	0	NULL
real	IL	686	20	-15	   -2.00	1	   -1.00	0	11	4952234.00	-15	0	NULL
real	GR	687	20	15	    0.00	1	   -1.00	1	10	  397.65	-3	7	NULL
real	LR	688	20	15	    2.00	1	   -1.00	1	10	4971860.00	15	0	NULL
real	LL	689	20	15	    0.00	1	   -1.00	0	10	4985217.00	15	0	NULL
real	FL	690	20	-15	   -2.00	1	   -1.00	1	11	  533.23	-3	5	NULL
real	JR	691	20	15	   -2.00	1	   -1.00	0	8	5010102.00	-15	0	NULL
real	HR	692	20	15	   -2.00	0	    1.00	1	11	  548.21	-3	5	NULL
real	DL	693	20	15	   -2.00	0	    1.00	1	10	5020915.00	15	7	NULL
real	QL	694	20	-15	   -4.00	0	    1.00	1	12	  545.41	-15	5	NULL
real	NL	695	20	15	    2.00	1	   -1.00	1	9	5043871.00	-3	0	NULL
real	CR	696	20	-15	   -5.00	0	    1.00	1	9	5047881.00	15	7	NULL
real	FR	697	21	-15	   -4.00	1	   -1.00	0	10	 1098.27	-3	5	NULL
real	EL	698	21	-15	   -4.00	0	    1.00	0	10	  486.20	-3	7	NULL
real	JR	699	21	15	   -3.00	0	    1.00	1	9	5059946.00	-15	0	NULL
real	DL	700	21	15	   -1.00	1	   -1.00	1	11	5064801.00	15	7	NULL
real	OL	701	21	-15	   -5.00	0	    1.00	1	10	5068822.00	15	5	NULL
real	GR	702	21	15	   -1.00	0	    1.00	1	11	  780.06	-3	7	NULL
real	CL	703	21	-15	   -4.00	1	   -1.00	1	11	5098130.00	15	7	NULL
real	PR	704	21	15	   -1.00	0	    1.00	1	11	5102919.00	15	5	NULL
real	NL	705	21	15	    1.00	1	   -1.00	0	9	5116436.00	-3	0	NULL
real	OR	706	21	-15	   -6.00	0	    1.00	1	7	5120830.00	15	5	NULL
real	ER	707	21	-15	   -4.00	1	   -1.00	0	10	  734.74	-3	7	NULL
real	CR	708	21	-15	   -4.00	1	   -1.00	1	10	5132676.00	15	7	NULL
real	AL	709	21	-15	   -3.00	0	    1.00	1	12	  804.35	-15	7	NULL
real	IR	710	21	-15	   -3.00	0	    1.00	1	11	5144028.00	-15	0	NULL
real	RL	711	21	15	   -3.00	0	    1.00	1	10	  483.21	-15	5	NULL
real	FL	712	21	-15	   -3.00	1	   -1.00	0	11	  513.35	-3	5	NULL
real	DR	713	21	15	   -1.00	0	    1.00	1	11	5176473.00	15	7	NULL
real	KL	714	21	-15	   -5.00	1	   -1.00	0	9	5195015.00	15	0	NULL
real	LL	715	21	15	   -1.00	0	    1.00	1	11	5201592.00	15	0	NULL
real	IL	716	21	-15	   -3.00	0	    1.00	1	12	5206034.00	-15	0	NULL
real	HR	717	21	15	   -1.00	1	   -1.00	1	12	  701.87	-3	5	NULL
real	MR	718	21	-15	   -5.00	0	    1.00	1	9	5232742.00	-3	0	NULL
real	LR	719	21	15	    1.00	1	   -1.00	0	10	5237253.00	15	0	NULL
real	PR	720	22	15	    0.00	1	   -1.00	1	12	5241385.00	15	5	NULL
real	JR	721	22	15	   -2.00	0	    1.00	0	9	5246839.00	-15	0	NULL
real	DL	722	22	15	   -2.00	0	    1.00	1	12	5251297.00	15	7	NULL
real	KL	723	22	-15	   -6.00	1	   -1.00	0	9	5259903.00	15	0	NULL
real	RL	724	22	15	   -2.00	0	    1.00	0	10	 1634.51	-15	5	NULL
real	FR	725	22	-15	   -5.00	0	    1.00	1	11	  498.75	-3	5	NULL
real	CR	726	22	-15	   -5.00	0	    1.00	1	11	5281943.00	15	7	NULL
real	FL	727	22	-15	   -4.00	1	   -1.00	0	11	  889.28	-3	5	NULL
real	NL	728	22	15	    0.00	0	    1.00	1	10	5293479.00	-3	0	NULL
real	CL	729	22	-15	   -5.00	0	    1.00	1	12	5297342.00	15	7	NULL
real	LL	730	22	15	    0.00	0	    1.00	0	11	5306280.00	15	0	NULL
real	MR	731	22	-15	   -4.00	1	   -1.00	1	10	5313320.00	-3	0	NULL
real	DR	732	22	15	    0.00	1	   -1.00	1	12	5319936.00	15	7	NULL
real	OL	733	22	-15	   -4.00	1	   -1.00	1	11	5340916.00	15	5	NULL
real	LR	734	22	15	    0.00	1	   -1.00	0	10	5344911.00	15	0	NULL
real	ER	735	22	-15	   -5.00	0	    1.00	1	11	  479.41	-3	7	NULL
real	OR	736	22	-15	   -5.00	1	   -1.00	1	8	5353260.00	15	5	NULL
real	IR	737	22	-15	   -2.00	1	   -1.00	1	12	5362929.00	-15	0	NULL
real	EL	738	22	-15	   -3.00	1	   -1.00	1	11	  493.79	-3	7	NULL
real	GR	739	22	15	    0.00	1	   -1.00	1	12	  361.19	-3	7	NULL
real	OR	740	23	-15	   -6.00	0	    1.00	1	9	5376187.00	15	5	NULL
real	MR	741	23	-15	   -5.00	1	   -1.00	0	10	5390756.00	-3	0	NULL
real	FR	742	23	-15	   -4.00	0	    1.00	0	11	  607.38	-3	5	NULL
real	OL	743	23	-15	   -5.00	0	    1.00	1	12	5411092.00	15	5	NULL
real	LR	744	23	15	   -1.00	0	    1.00	1	11	5423398.00	15	0	NULL
real	ER	745	23	-15	   -4.00	0	    1.00	0	11	 1014.75	-3	7	NULL
real	LL	746	23	15	    1.00	0	    1.00	0	11	5435942.00	15	0	NULL
real	JR	747	23	15	   -1.00	1	   -1.00	1	10	5442153.00	-15	0	NULL
real	RL	748	23	15	   -1.00	1	   -1.00	1	11	  419.60	-15	5	NULL
real	KL	749	23	-15	   -7.00	0	    1.00	1	10	5456489.00	15	0	NULL
real	EL	750	23	-15	   -4.00	0	    1.00	1	12	  541.81	-3	7	NULL
real	FL	751	23	-15	   -5.00	0	    1.00	1	12	  645.13	-3	5	NULL
real	NL	752	23	15	    1.00	1	   -1.00	1	11	5483765.00	-3	0	NULL
real	CR	753	23	-15	   -4.00	1	   -1.00	1	12	5487825.00	15	7	NULL
real	OR	754	24	-15	   -5.00	1	   -1.00	1	10	5493223.00	15	5	NULL
real	FR	755	24	-15	   -3.00	0	    1.00	0	11	  707.70	-3	5	NULL
real	NL	756	24	15	    0.00	0	    1.00	1	12	5503545.00	-3	0	NULL
real	ER	757	24	-15	   -3.00	1	   -1.00	1	12	  552.24	-3	7	NULL
real	LR	758	24	15	    0.00	0	    1.00	0	11	5512544.00	15	0	NULL
real	RL	759	24	15	   -2.00	1	   -1.00	0	11	  734.35	-15	5	NULL
real	JR	760	24	15	   -2.00	0	    1.00	1	11	5521465.00	-15	0	NULL
real	MR	761	24	-15	   -6.00	1	   -1.00	0	10	5535068.00	-3	0	NULL
real	KL	762	24	-15	   -6.00	1	   -1.00	1	11	5539468.00	15	0	NULL
real	LL	763	24	15	    2.00	1	   -1.00	1	12	5545510.00	15	0	NULL
real	FR	764	25	-15	   -2.00	1	   -1.00	1	12	  518.50	-3	5	NULL
real	RL	765	25	15	   -3.00	0	    1.00	1	12	  545.43	-15	5	NULL
real	OR	766	25	-15	   -6.00	1	   -1.00	0	10	5580492.00	15	5	NULL
real	LR	767	25	15	    1.00	1	   -1.00	1	12	5584593.00	15	0	NULL
real	MR	768	25	-15	   -7.00	0	    1.00	1	11	5588584.00	-3	0	NULL
real	KL	769	25	-15	   -7.00	0	    1.00	1	12	5594362.00	15	0	NULL
real	JR	770	25	15	   -1.00	1	   -1.00	1	12	5598410.00	-15	0	NULL
