TRIAL_TYPE	trial_variant	TRIAL_NUMBER	TRIAL_ITERATION_VAL	frame_tilt	rod_tilt	response	step_size	reversal	reversal_num	RT	probe_del	alpha_entrain_refreshes	rod_tilt_val
real	KL	1	1	-15	  -20.00	0	    8.00	0	0	1028009.00	15	0	NULL
real	QR	2	1	-15	   20.00	1	   -8.00	0	0	  534.88	-15	5	NULL
real	CL	3	1	-15	  -20.00	0	    8.00	0	0	1050436.00	15	7	NULL
real	DR	4	1	15	   20.00	1	   -8.00	0	0	1057689.00	15	7	NULL
real	NR	5	1	15	   20.00	1	   -8.00	0	0	1065529.00	-3	0	NULL
real	IL	6	1	-15	  -20.00	0	    8.00	0	0	1073887.00	-15	0	NULL
real	OL	7	1	-15	  -20.00	0	    8.00	0	0	1078357.00	15	5	NULL
real	FL	8	1	-15	  -20.00	0	    8.00	0	0	  519.94	-3	5	NULL
real	FR	9	1	-15	   20.00	0	    8.00	0	0	  287.31	-3	5	NULL
real	GL	10	1	15	  -20.00	0	    8.00	0	0	  388.91	-3	7	NULL
real	HL	11	1	15	  -20.00	0	    8.00	0	0	  486.38	-3	5	NULL
real	BR	12	1	15	   20.00	1	   -8.00	0	0	  368.68	-15	7	NULL
real	PL	13	1	15	  -20.00	0	    8.00	0	0	1116875.00	15	5	NULL
real	AR	14	1	-15	   20.00	1	   -8.00	0	0	  398.60	-15	7	NULL
real	MR	15	1	-15	   20.00	1	   -8.00	0	0	1127451.00	-3	0	NULL
real	JL	16	1	15	  -20.00	0	    8.00	0	0	1132097.00	-15	0	NULL
real	JR	17	1	15	   20.00	1	   -8.00	0	0	1136961.00	-15	0	NULL
real	ML	18	1	-15	  -20.00	0	    8.00	0	0	1142057.00	-3	0	NULL
real	GR	19	1	15	   20.00	1	   -8.00	0	0	  468.19	-3	7	NULL
real	RL	20	1	15	  -20.00	0	    8.00	0	0	 1459.73	-15	5	NULL
real	NL	21	1	15	  -20.00	0	    8.00	0	0	1155302.00	-3	0	NULL
real	HR	22	1	15	   20.00	1	   -8.00	0	0	  367.50	-3	5	NULL
real	ER	23	1	-15	   20.00	1	   -8.00	0	0	  486.45	-3	7	NULL
real	OR	24	1	-15	   20.00	1	   -8.00	0	0	1173647.00	15	5	NULL
real	EL	25	1	-15	  -20.00	0	    8.00	0	0	  345.28	-3	7	NULL
real	AL	26	1	-15	  -20.00	0	    8.00	0	0	  590.56	-15	7	NULL
real	LR	27	1	15	   20.00	1	   -8.00	0	0	1200557.00	15	0	NULL
real	QL	28	1	-15	  -20.00	0	    8.00	0	0	  536.15	-15	5	NULL
real	CR	29	1	-15	   20.00	1	   -8.00	0	0	1210600.00	15	7	NULL
real	IR	30	1	-15	   20.00	1	   -8.00	0	0	1214882.00	-15	0	NULL
real	LL	31	1	15	  -20.00	0	    8.00	0	0	1218804.00	15	0	NULL
real	PR	32	1	15	   20.00	1	   -8.00	0	0	1227038.00	15	5	NULL
real	BL	33	1	15	  -20.00	0	    8.00	0	0	 1553.77	-15	7	NULL
real	DL	34	1	15	  -20.00	0	    8.00	0	0	1238965.00	15	7	NULL
real	KR	35	1	-15	   20.00	1	   -8.00	0	0	1244093.00	15	0	NULL
real	RR	36	1	15	   20.00	1	   -8.00	0	0	  451.65	-15	5	NULL
real	BL	37	2	15	  -12.00	0	    8.00	0	0	  999.52	-15	7	NULL
real	KR	38	2	-15	   12.00	1	   -8.00	0	0	1259346.00	15	0	NULL
real	KL	39	2	-15	  -12.00	0	    8.00	0	0	1263128.00	15	0	NULL
real	LL	40	2	15	  -12.00	0	    8.00	0	0	1271004.00	15	0	NULL
real	IR	41	2	-15	   12.00	1	   -8.00	0	0	1274506.00	-15	0	NULL
real	QL	42	2	-15	  -12.00	0	    8.00	0	0	  390.84	-15	5	NULL
real	RR	43	2	15	   12.00	1	   -8.00	0	0	  365.03	-15	5	NULL
real	IL	44	2	-15	  -12.00	0	    8.00	0	0	1286542.00	-15	0	NULL
real	JR	45	2	15	   12.00	1	   -8.00	0	0	1290752.00	-15	0	NULL
real	JL	46	2	15	  -12.00	0	    8.00	0	0	1297870.00	-15	0	NULL
real	MR	47	2	-15	   12.00	1	   -8.00	0	0	1309251.00	-3	0	NULL
real	PL	48	2	15	  -12.00	0	    8.00	0	0	1313476.00	15	5	NULL
real	AR	49	2	-15	   12.00	1	   -8.00	0	0	  413.23	-15	7	NULL
real	ER	50	2	-15	   12.00	1	   -8.00	0	0	  442.25	-3	7	NULL
real	LR	51	2	15	   12.00	1	   -8.00	0	0	1327120.00	15	0	NULL
real	EL	52	2	-15	  -12.00	0	    8.00	0	0	  304.85	-3	7	NULL
real	CR	53	2	-15	   12.00	1	   -8.00	0	0	1339841.00	15	7	NULL
real	HL	54	2	15	  -12.00	0	    8.00	0	0	  417.08	-3	5	NULL
real	HR	55	2	15	   12.00	1	   -8.00	0	0	  273.11	-3	5	NULL
real	BR	56	2	15	   12.00	1	   -8.00	0	0	  389.62	-15	7	NULL
real	OR	57	2	-15	   12.00	1	   -8.00	0	0	1356217.00	15	5	NULL
real	PR	58	2	15	   12.00	1	   -8.00	0	0	1369085.00	15	5	NULL
real	ML	59	2	-15	  -12.00	0	    8.00	0	0	1372979.00	-3	0	NULL
real	GR	60	2	15	   12.00	1	   -8.00	0	0	  477.55	-3	7	NULL
real	OL	61	2	-15	  -12.00	1	   -4.00	1	1	1397836.00	15	5	NULL
real	CL	62	2	-15	  -12.00	0	    8.00	0	0	1401877.00	15	7	NULL
real	FR	63	2	-15	20	1	   -4.00	1	1	 3013.63	-3	5	NULL
real	AL	64	2	-15	  -12.00	0	    8.00	0	0	  445.71	-15	7	NULL
real	NR	65	2	15	   12.00	1	   -8.00	0	0	1417170.00	-3	0	NULL
real	NL	66	2	15	  -12.00	0	    8.00	0	0	1420722.00	-3	0	NULL
real	DL	67	2	15	  -12.00	1	   -4.00	1	1	1424582.00	15	7	NULL
real	QR	68	2	-15	   12.00	1	   -8.00	0	0	  511.31	-15	5	NULL
real	RL	69	2	15	  -12.00	0	    8.00	0	0	  898.62	-15	5	NULL
real	GL	70	2	15	  -12.00	0	    8.00	0	0	  485.96	-3	7	NULL
real	FL	71	2	-15	  -12.00	0	    8.00	0	0	  418.57	-3	5	NULL
real	DR	72	2	15	   12.00	1	   -8.00	0	0	1445519.00	15	7	NULL
real	QR	73	3	-15	    4.00	1	   -8.00	0	0	  614.82	-15	5	NULL
real	HL	74	3	15	   -4.00	0	    8.00	0	0	  384.48	-3	5	NULL
real	GL	75	3	15	   -4.00	0	    8.00	0	0	  437.71	-3	7	NULL
real	DR	76	3	15	    4.00	1	   -8.00	0	0	1466834.00	15	7	NULL
real	NR	77	3	15	    4.00	1	   -8.00	0	0	1471038.00	-3	0	NULL
real	QL	78	3	-15	   -4.00	0	    8.00	0	0	  509.78	-15	5	NULL
real	FL	79	3	-15	   -4.00	0	    8.00	0	0	  579.82	-3	5	NULL
real	PL	80	3	15	   -4.00	0	    8.00	0	0	1488957.00	15	5	NULL
real	BR	81	3	15	    4.00	1	   -8.00	0	0	  523.94	-15	7	NULL
real	KL	82	3	-15	   -4.00	0	    8.00	0	0	1508603.00	15	0	NULL
real	MR	83	3	-15	    4.00	1	   -8.00	0	0	1515647.00	-3	0	NULL
real	KR	84	3	-15	    4.00	1	   -8.00	0	0	1519779.00	15	0	NULL
real	ML	85	3	-15	   -4.00	0	    8.00	0	0	1524007.00	-3	0	NULL
real	NL	86	3	15	   -4.00	0	    8.00	0	0	1527880.00	-3	0	NULL
real	IR	87	3	-15	    4.00	1	   -8.00	0	0	1534746.00	-15	0	NULL
real	DL	88	3	15	  -16.00	0	    2.00	1	2	1538873.00	15	7	NULL
real	HR	89	3	15	    4.00	1	   -8.00	0	0	  305.54	-3	5	NULL
real	RL	90	3	15	   -4.00	1	   -4.00	1	1	  433.42	-15	5	NULL
real	OR	91	3	-15	    4.00	1	   -8.00	0	0	1553466.00	15	5	NULL
real	FR	92	3	-15	   16.00	1	   -4.00	0	1	  521.91	-3	5	NULL
real	RR	93	3	15	    4.00	1	   -8.00	0	0	  581.29	-15	5	NULL
real	AL	94	3	-15	   -4.00	0	    8.00	0	0	  408.26	-15	7	NULL
real	JR	95	3	15	    4.00	1	   -8.00	0	0	1573543.00	-15	0	NULL
real	EL	96	3	-15	   -4.00	0	    8.00	0	0	  392.08	-3	7	NULL
real	AR	97	3	-15	    4.00	1	   -8.00	0	0	  884.51	-15	7	NULL
real	ER	98	3	-15	    4.00	1	   -8.00	0	0	  382.51	-3	7	NULL
real	GR	99	3	15	    4.00	1	   -8.00	0	0	  429.32	-3	7	NULL
real	JL	100	3	15	   -4.00	0	    8.00	0	0	1601259.00	-15	0	NULL
real	LL	101	3	15	   -4.00	0	    8.00	0	0	1606436.00	15	0	NULL
real	OL	102	3	-15	  -16.00	0	    2.00	1	2	1613193.00	15	5	NULL
real	CL	103	3	-15	   -4.00	0	    8.00	0	0	1624690.00	15	7	NULL
real	BL	104	3	15	   -4.00	0	    8.00	0	0	  486.98	-15	7	NULL
real	IL	105	3	-15	   -4.00	0	    8.00	0	0	1637459.00	-15	0	NULL
real	PR	106	3	15	    4.00	1	   -8.00	0	0	1649573.00	15	5	NULL
real	CR	107	3	-15	    4.00	1	   -8.00	0	0	1676958.00	15	7	NULL
real	LR	108	3	15	    4.00	1	   -8.00	0	0	1682162.00	15	0	NULL
real	NL	109	4	15	    4.00	1	   -4.00	1	1	1686113.00	-3	0	NULL
real	CR	110	4	-15	   -4.00	0	    4.00	1	1	1693822.00	15	7	NULL
real	AL	111	4	-15	    4.00	1	   -4.00	1	1	  369.51	-15	7	NULL
real	NR	112	4	15	   -4.00	0	    4.00	1	1	1707289.00	-3	0	NULL
real	DR	113	4	15	   -4.00	0	    4.00	1	1	1713223.00	15	7	NULL
real	GR	114	4	15	   -4.00	0	    4.00	1	1	  446.73	-3	7	NULL
real	IR	115	4	-15	   -4.00	0	    4.00	1	1	1723673.00	-15	0	NULL
real	HL	116	4	15	    4.00	1	   -4.00	1	1	  373.07	-3	5	NULL
real	EL	117	4	-15	    4.00	1	   -4.00	1	1	  485.61	-3	7	NULL
real	ER	118	4	-15	   -4.00	0	    4.00	1	1	  516.44	-3	7	NULL
real	BL	119	4	15	    4.00	1	   -4.00	1	1	  515.69	-15	7	NULL
real	AR	120	4	-15	   -4.00	0	    4.00	1	1	  443.64	-15	7	NULL
real	GL	121	4	15	    4.00	1	   -4.00	1	1	  298.24	-3	7	NULL
real	KR	122	4	-15	   -4.00	0	    4.00	1	1	1767634.00	15	0	NULL
real	BR	123	4	15	   -4.00	0	    4.00	1	1	  567.09	-15	7	NULL
real	FR	124	4	-15	   12.00	1	   -4.00	0	1	  349.70	-3	5	NULL
real	JL	125	4	15	    4.00	1	   -4.00	1	1	1783630.00	-15	0	NULL
real	LL	126	4	15	    4.00	1	   -4.00	1	1	1787757.00	15	0	NULL
real	OR	127	4	-15	   -4.00	0	    4.00	1	1	1792422.00	15	5	NULL
real	IL	128	4	-15	    4.00	1	   -4.00	1	1	1799122.00	-15	0	NULL
real	QL	129	4	-15	    4.00	1	   -4.00	1	1	  511.56	-15	5	NULL
real	ML	130	4	-15	    4.00	1	   -4.00	1	1	1813133.00	-3	0	NULL
real	LR	131	4	15	   -4.00	0	    4.00	1	1	1838372.00	15	0	NULL
real	CL	132	4	-15	    4.00	1	   -4.00	1	1	1842910.00	15	7	NULL
real	RL	133	4	15	   -8.00	0	    2.00	1	2	  366.68	-15	5	NULL
real	FL	134	4	-15	    4.00	1	   -4.00	1	1	  416.50	-3	5	NULL
real	KL	135	4	-15	    4.00	1	   -4.00	1	1	1864372.00	15	0	NULL
real	HR	136	4	15	   -4.00	0	    4.00	1	1	  550.30	-3	5	NULL
real	QR	137	4	-15	   -4.00	0	    4.00	1	1	  650.81	-15	5	NULL
real	MR	138	4	-15	   -4.00	0	    4.00	1	1	1885576.00	-3	0	NULL
real	OL	139	4	-15	  -14.00	0	    2.00	0	2	1889772.00	15	5	NULL
real	JR	140	4	15	   -4.00	0	    4.00	1	1	1894079.00	-15	0	NULL
real	DL	141	4	15	  -14.00	0	    2.00	0	2	1898086.00	15	7	NULL
real	PR	142	4	15	   -4.00	0	    4.00	1	1	1904995.00	15	5	NULL
real	RR	143	4	15	   -4.00	0	    4.00	1	1	  418.20	-15	5	NULL
real	PL	144	4	15	    4.00	1	   -4.00	1	1	1914411.00	15	5	NULL
real	DL	145	5	15	  -12.00	0	    2.00	0	2	1930843.00	15	7	NULL
real	OL	146	5	-15	  -12.00	0	    2.00	0	2	1946990.00	15	5	NULL
real	QL	147	5	-15	    0.00	1	   -4.00	0	1	  435.14	-15	5	NULL
real	FR	148	5	-15	    8.00	1	   -4.00	0	1	  392.46	-3	5	NULL
real	HR	149	5	15	    0.00	0	    4.00	0	1	  608.92	-3	5	NULL
real	IR	150	5	-15	    0.00	1	   -2.00	1	2	1968320.00	-15	0	NULL
real	BR	151	5	15	    0.00	1	   -2.00	1	2	  800.64	-15	7	NULL
real	NR	152	5	15	    0.00	0	    4.00	0	1	1979307.00	-3	0	NULL
real	JR	153	5	15	    0.00	0	    4.00	0	1	1983328.00	-15	0	NULL
real	RR	154	5	15	    0.00	1	   -2.00	1	2	  484.42	-15	5	NULL
real	MR	155	5	-15	    0.00	0	    4.00	0	1	1992568.00	-3	0	NULL
real	RL	156	5	15	   -6.00	0	    2.00	0	2	  474.98	-15	5	NULL
real	PL	157	5	15	    0.00	1	   -4.00	0	1	2005149.00	15	5	NULL
real	QR	158	5	-15	    0.00	1	   -2.00	1	2	 1289.03	-15	5	NULL
real	LL	159	5	15	    0.00	0	    2.00	1	2	2035828.00	15	0	NULL
real	CR	160	5	-15	    0.00	1	   -2.00	1	2	2040012.00	15	7	NULL
real	NL	161	5	15	    0.00	0	    2.00	1	2	2043818.00	-3	0	NULL
real	FL	162	5	-15	    0.00	1	   -4.00	0	1	  423.01	-3	5	NULL
real	AL	163	5	-15	    0.00	1	   -4.00	0	1	  466.73	-15	7	NULL
real	GR	164	5	15	    0.00	1	   -2.00	1	2	 1102.23	-3	7	NULL
real	OR	165	5	-15	    0.00	1	   -2.00	1	2	2332839.00	15	5	NULL
real	KL	166	5	-15	    0.00	1	   -4.00	0	1	2336863.00	15	0	NULL
real	JL	167	5	15	    0.00	0	    2.00	1	2	2341159.00	-15	0	NULL
real	DR	168	5	15	    0.00	1	   -2.00	1	2	2346069.00	15	7	NULL
real	LR	169	5	15	    0.00	1	   -2.00	1	2	2350710.00	15	0	NULL
real	AR	170	5	-15	    0.00	1	   -2.00	1	2	  725.50	-15	7	NULL
real	CL	171	5	-15	    0.00	1	   -4.00	0	1	2363074.00	15	7	NULL
real	BL	172	5	15	    0.00	1	   -4.00	0	1	  773.65	-15	7	NULL
real	KR	173	5	-15	    0.00	1	   -2.00	1	2	2370848.00	15	0	NULL
real	ML	174	5	-15	    0.00	1	   -4.00	0	1	2374804.00	-3	0	NULL
real	HL	175	5	15	    0.00	1	   -4.00	0	1	  816.42	-3	5	NULL
real	ER	176	5	-15	    0.00	1	   -2.00	1	2	  512.53	-3	7	NULL
real	PR	177	5	15	    0.00	0	    4.00	0	1	2386289.00	15	5	NULL
real	EL	178	5	-15	    0.00	1	   -4.00	0	1	  523.72	-3	7	NULL
real	GL	179	5	15	    0.00	0	    2.00	1	2	  972.29	-3	7	NULL
real	IL	180	5	-15	    0.00	1	   -4.00	0	1	2397355.00	-15	0	NULL
real	OL	181	6	-15	  -10.00	0	    2.00	0	2	2401175.00	15	5	NULL
real	GR	182	6	15	   -2.00	0	    1.00	1	3	  397.75	-3	7	NULL
real	DR	183	6	15	   -2.00	0	    1.00	1	3	2410549.00	15	7	NULL
real	FR	184	6	-15	    4.00	1	   -4.00	0	1	  411.23	-3	5	NULL
real	QR	185	6	-15	   -2.00	0	    1.00	1	3	  839.51	-15	5	NULL
real	BL	186	6	15	   -4.00	0	    2.00	1	2	  844.80	-15	7	NULL
real	IR	187	6	-15	   -2.00	0	    1.00	1	3	2431247.00	-15	0	NULL
real	NL	188	6	15	    2.00	1	   -1.00	1	3	2436370.00	-3	0	NULL
real	BR	189	6	15	   -2.00	0	    1.00	1	3	  429.44	-15	7	NULL
real	IL	190	6	-15	   -4.00	0	    2.00	1	2	2446644.00	-15	0	NULL
real	QL	191	6	-15	   -4.00	0	    2.00	1	2	  533.88	-15	5	NULL
real	LR	192	6	15	   -2.00	0	    1.00	1	3	2455534.00	15	0	NULL
real	HR	193	6	15	    4.00	1	   -2.00	1	2	  338.15	-3	5	NULL
real	AL	194	6	-15	   -4.00	0	    2.00	1	2	  797.67	-15	7	NULL
real	CR	195	6	-15	   -2.00	1	   -2.00	0	2	2474957.00	15	7	NULL
real	KL	196	6	-15	   -4.00	0	    2.00	1	2	2479191.00	15	0	NULL
real	JL	197	6	15	    2.00	1	   -1.00	1	3	2482539.00	-15	0	NULL
real	RL	198	6	15	   -4.00	0	    2.00	0	2	  386.53	-15	5	NULL
real	GL	199	6	15	    2.00	1	   -1.00	1	3	  295.43	-3	7	NULL
real	PR	200	6	15	    4.00	1	   -2.00	1	2	2495190.00	15	5	NULL
real	DL	201	6	15	  -10.00	0	    2.00	0	2	2500955.00	15	7	NULL
real	LL	202	6	15	    2.00	1	   -1.00	1	3	2508533.00	15	0	NULL
real	AR	203	6	-15	   -2.00	0	    1.00	1	3	  609.81	-15	7	NULL
real	OR	204	6	-15	   -2.00	1	   -2.00	0	2	2516187.00	15	5	NULL
real	KR	205	6	-15	   -2.00	0	    1.00	1	3	2525314.00	15	0	NULL
real	MR	206	6	-15	    4.00	1	   -2.00	1	2	2530481.00	-3	0	NULL
real	EL	207	6	-15	   -4.00	0	    2.00	1	2	  412.25	-3	7	NULL
real	RR	208	6	15	   -2.00	0	    1.00	1	3	  478.62	-15	5	NULL
real	JR	209	6	15	    4.00	1	   -2.00	1	2	2545543.00	-15	0	NULL
real	HL	210	6	15	   -4.00	0	    2.00	1	2	  353.77	-3	5	NULL
real	ER	211	6	-15	   -2.00	1	   -2.00	0	2	  465.22	-3	7	NULL
real	CL	212	6	-15	   -4.00	1	   -4.00	0	1	2557901.00	15	7	NULL
real	FL	213	6	-15	   -4.00	1	   -4.00	0	1	 2126.04	-3	5	NULL
real	NR	214	6	15	    4.00	1	   -2.00	1	2	2569055.00	-3	0	NULL
real	ML	215	6	-15	   -4.00	0	    2.00	1	2	2576126.00	-3	0	NULL
real	PL	216	6	15	   -4.00	0	    2.00	1	2	2580167.00	15	5	NULL
real	KR	217	7	-15	   -1.00	1	   -1.00	1	4	2584019.00	15	0	NULL
real	OR	218	7	-15	   -4.00	0	    1.00	1	3	2589525.00	15	5	NULL
real	EL	219	7	-15	   -2.00	1	   -1.00	1	3	  535.48	-3	7	NULL
real	NR	220	7	15	    2.00	1	   -2.00	0	2	2597069.00	-3	0	NULL
real	KL	221	7	-15	   -2.00	1	   -1.00	1	3	2601450.00	15	0	NULL
real	CR	222	7	-15	   -4.00	0	    1.00	1	3	2605520.00	15	7	NULL
real	LL	223	7	15	    1.00	1	   -1.00	0	3	2612157.00	15	0	NULL
real	FR	224	7	-15	    0.00	1	   -4.00	0	1	  412.36	-3	5	NULL
real	DL	225	7	15	   -8.00	1	   -1.00	1	3	2620804.00	15	7	NULL
real	JR	226	7	15	    2.00	1	   -2.00	0	2	2624408.00	-15	0	NULL
real	IL	227	7	-15	   -2.00	0	    2.00	0	2	2628934.00	-15	0	NULL
real	PR	228	7	15	    2.00	1	   -2.00	0	2	2633717.00	15	5	NULL
real	OL	229	7	-15	   -8.00	0	    2.00	0	2	2638959.00	15	5	NULL
real	HR	230	7	15	    2.00	1	   -2.00	0	2	  421.04	-3	5	NULL
real	MR	231	7	-15	    2.00	1	   -2.00	0	2	2646359.00	-3	0	NULL
real	IR	232	7	-15	   -1.00	1	   -1.00	1	4	2651552.00	-15	0	NULL
real	NL	233	7	15	    1.00	1	   -1.00	0	3	2656580.00	-3	0	NULL
real	QL	234	7	-15	   -2.00	0	    2.00	0	2	  660.56	-15	5	NULL
real	QR	235	7	-15	   -1.00	1	   -1.00	1	4	  370.83	-15	5	NULL
real	RL	236	7	15	   -2.00	0	    2.00	0	2	  464.09	-15	5	NULL
real	FL	237	7	-15	   -8.00	0	    2.00	1	2	  403.83	-3	5	NULL
real	GL	238	7	15	    1.00	1	   -1.00	0	3	  395.68	-3	7	NULL
real	ER	239	7	-15	   -4.00	1	   -2.00	0	2	  642.48	-3	7	NULL
real	CL	240	7	-15	   -8.00	0	    2.00	1	2	2692539.00	15	7	NULL
real	BR	241	7	15	   -1.00	1	   -1.00	1	4	  421.21	-15	7	NULL
real	JL	242	7	15	    1.00	1	   -1.00	0	3	2702339.00	-15	0	NULL
real	LR	243	7	15	   -1.00	1	   -1.00	1	4	2706669.00	15	0	NULL
real	AL	244	7	-15	   -2.00	1	   -1.00	1	3	  668.69	-15	7	NULL
real	HL	245	7	15	   -2.00	0	    2.00	0	2	 1252.62	-3	5	NULL
real	BL	246	7	15	   -2.00	0	    2.00	0	2	  355.28	-15	7	NULL
real	ML	247	7	-15	   -2.00	1	   -1.00	1	3	2726163.00	-3	0	NULL
real	RR	248	7	15	   -1.00	0	    1.00	0	3	  726.86	-15	5	NULL
real	PL	249	7	15	   -2.00	0	    2.00	0	2	2742576.00	15	5	NULL
real	GR	250	7	15	   -1.00	0	    1.00	0	3	  638.88	-3	7	NULL
real	DR	251	7	15	   -1.00	1	   -1.00	1	4	2751603.00	15	7	NULL
real	AR	252	7	-15	   -1.00	0	    1.00	0	3	  930.05	-15	7	NULL
real	JR	253	8	15	    0.00	1	   -2.00	0	2	2761340.00	-15	0	NULL
real	IR	254	8	-15	   -2.00	0	    1.00	1	5	2765681.00	-15	0	NULL
real	JL	255	8	15	    0.00	1	   -1.00	0	3	2769173.00	-15	0	NULL
real	BR	256	8	15	   -2.00	0	    1.00	1	5	  893.01	-15	7	NULL
real	ML	257	8	-15	   -3.00	0	    1.00	1	4	2779847.00	-3	0	NULL
real	DR	258	8	15	   -2.00	0	    1.00	1	5	2785406.00	15	7	NULL
real	NR	259	8	15	    0.00	0	    1.00	1	3	2793821.00	-3	0	NULL
real	OL	260	8	-15	   -6.00	0	    2.00	0	2	2802903.00	15	5	NULL
real	EL	261	8	-15	   -3.00	0	    1.00	1	4	  380.90	-3	7	NULL
real	PL	262	8	15	    0.00	0	    2.00	0	2	2825864.00	15	5	NULL
real	RL	263	8	15	    0.00	1	   -1.00	1	3	  370.51	-15	5	NULL
real	CL	264	8	-15	   -6.00	0	    2.00	0	2	2833924.00	15	7	NULL
real	QL	265	8	-15	    0.00	0	    2.00	0	2	  373.72	-15	5	NULL
real	GR	266	8	15	    0.00	0	    1.00	0	3	  648.10	-3	7	NULL
real	GL	267	8	15	    0.00	0	    1.00	1	4	  490.02	-3	7	NULL
real	BL	268	8	15	    0.00	1	   -1.00	1	3	  612.78	-15	7	NULL
real	KL	269	8	-15	   -3.00	0	    1.00	1	4	2869232.00	15	0	NULL
real	KR	270	8	-15	   -2.00	1	   -1.00	0	4	2876043.00	15	0	NULL
real	PR	271	8	15	    0.00	0	    1.00	1	3	2881013.00	15	5	NULL
real	DL	272	8	15	   -9.00	0	    1.00	1	4	2884839.00	15	7	NULL
real	LL	273	8	15	    0.00	1	   -1.00	0	3	2891865.00	15	0	NULL
real	RR	274	8	15	    0.00	1	   -1.00	1	4	  555.83	-15	5	NULL
real	FR	275	8	-15	   -4.00	0	    2.00	1	2	  341.10	-3	5	NULL
real	LR	276	8	15	   -2.00	1	   -1.00	0	4	2910630.00	15	0	NULL
real	ER	277	8	-15	   -6.00	0	    1.00	1	3	  439.62	-3	7	NULL
real	AR	278	8	-15	    0.00	1	   -1.00	1	4	  823.27	-15	7	NULL
real	AL	279	8	-15	   -3.00	0	    1.00	1	4	  488.11	-15	7	NULL
real	HL	280	8	15	    0.00	1	   -1.00	1	3	  487.95	-3	5	NULL
real	IL	281	8	-15	    0.00	1	   -1.00	1	3	2930928.00	-15	0	NULL
real	OR	282	8	-15	   -3.00	0	    1.00	0	3	2934834.00	15	5	NULL
real	MR	283	8	-15	    0.00	1	   -2.00	0	2	2939888.00	-3	0	NULL
real	NL	284	8	15	    0.00	0	    1.00	1	4	2944915.00	-3	0	NULL
real	CR	285	8	-15	   -3.00	1	   -1.00	1	4	2949067.00	15	7	NULL
real	QR	286	8	-15	   -2.00	0	    1.00	1	5	  382.84	-15	5	NULL
real	FL	287	8	-15	   -6.00	0	    2.00	0	2	  400.21	-3	5	NULL
real	HR	288	8	15	    0.00	1	   -2.00	0	2	 1073.33	-3	5	NULL
real	KR	289	9	-15	   -3.00	0	    1.00	1	5	2967234.00	15	0	NULL
real	DR	290	9	15	   -1.00	0	    1.00	0	5	2972701.00	15	7	NULL
real	KL	291	9	-15	   -2.00	0	    1.00	0	4	2981044.00	15	0	NULL
real	JR	292	9	15	   -2.00	1	   -2.00	0	2	2985888.00	-15	0	NULL
real	IL	293	9	-15	   -1.00	0	    1.00	1	4	2998358.00	-15	0	NULL
real	QL	294	9	-15	    2.00	1	   -1.00	1	3	  707.86	-15	5	NULL
real	FR	295	9	-15	   -2.00	1	   -1.00	1	3	  477.69	-3	5	NULL
real	GR	296	9	15	    1.00	1	   -1.00	1	4	  668.76	-3	7	NULL
real	LR	297	9	15	   -3.00	0	    1.00	1	5	3020651.00	15	0	NULL
real	PL	298	9	15	    2.00	1	   -1.00	1	3	3025069.00	15	5	NULL
real	AL	299	9	-15	   -2.00	0	    1.00	0	4	  567.63	-15	7	NULL
real	OL	300	9	-15	   -4.00	0	    2.00	0	2	3041461.00	15	5	NULL
real	FL	301	9	-15	   -4.00	0	    2.00	0	2	  386.28	-3	5	NULL
real	CL	302	9	-15	   -4.00	0	    2.00	0	2	3053296.00	15	7	NULL
real	LL	303	9	15	   -1.00	0	    1.00	1	4	3064951.00	15	0	NULL
real	RR	304	9	15	   -1.00	1	   -1.00	0	4	  469.69	-15	5	NULL
real	EL	305	9	-15	   -2.00	0	    1.00	0	4	  296.17	-3	7	NULL
real	ER	306	9	-15	   -5.00	0	    1.00	0	3	  301.11	-3	7	NULL
real	DL	307	9	15	   -8.00	0	    1.00	0	4	3081457.00	15	7	NULL
real	AR	308	9	-15	   -1.00	1	   -1.00	0	4	  592.16	-15	7	NULL
real	NL	309	9	15	    1.00	0	    1.00	0	4	3091474.00	-3	0	NULL
real	BL	310	9	15	   -1.00	1	   -1.00	0	3	  486.22	-15	7	NULL
real	ML	311	9	-15	   -2.00	1	   -1.00	1	5	3099243.00	-3	0	NULL
real	MR	312	9	-15	   -2.00	1	   -2.00	0	2	3102922.00	-3	0	NULL
real	HL	313	9	15	   -1.00	0	    1.00	1	4	  544.21	-3	5	NULL
real	RL	314	9	15	   -1.00	1	   -1.00	0	3	  476.87	-15	5	NULL
real	QR	315	9	-15	   -1.00	1	   -1.00	1	6	  445.50	-15	5	NULL
real	HR	316	9	15	   -2.00	0	    1.00	1	3	  500.25	-3	5	NULL
real	BR	317	9	15	   -1.00	1	   -1.00	1	6	  382.65	-15	7	NULL
real	JL	318	9	15	   -1.00	0	    1.00	1	4	3131807.00	-15	0	NULL
real	NR	319	9	15	    1.00	1	   -1.00	1	4	3135726.00	-3	0	NULL
real	CR	320	9	-15	   -4.00	0	    1.00	1	5	3140567.00	15	7	NULL
real	PR	321	9	15	    1.00	1	   -1.00	1	4	3147327.00	15	5	NULL
real	IR	322	9	-15	   -1.00	1	   -1.00	1	6	3153679.00	-15	0	NULL
real	OR	323	9	-15	   -2.00	0	    1.00	0	3	3166326.00	15	5	NULL
real	GL	324	9	15	    1.00	0	    1.00	0	4	  279.87	-3	7	NULL
real	IR	325	10	-15	   -2.00	0	    1.00	1	7	3173895.00	-15	0	NULL
real	NL	326	10	15	    2.00	1	   -1.00	1	5	3178014.00	-3	0	NULL
real	AL	327	10	-15	   -1.00	0	    1.00	0	4	  408.74	-15	7	NULL
real	FR	328	10	-15	   -3.00	0	    1.00	1	4	  677.19	-3	5	NULL
real	PL	329	10	15	    1.00	1	   -1.00	0	3	3194704.00	15	5	NULL
real	OR	330	10	-15	   -1.00	1	   -1.00	1	4	3204788.00	15	5	NULL
real	LR	331	10	15	   -2.00	0	    1.00	0	5	3211881.00	15	0	NULL
real	CR	332	10	-15	   -3.00	0	    1.00	0	5	3217594.00	15	7	NULL
real	DL	333	10	15	   -7.00	0	    1.00	0	4	3225462.00	15	7	NULL
real	EL	334	10	-15	   -1.00	1	   -1.00	1	5	  462.73	-3	7	NULL
real	KL	335	10	-15	   -1.00	0	    1.00	0	4	3243165.00	15	0	NULL
real	RR	336	10	15	   -2.00	0	    1.00	1	5	  712.12	-15	5	NULL
real	QL	337	10	-15	    1.00	1	   -1.00	0	3	  375.20	-15	5	NULL
real	NR	338	10	15	    0.00	0	    1.00	1	5	3259876.00	-3	0	NULL
real	IL	339	10	-15	    0.00	1	   -1.00	1	5	3267011.00	-15	0	NULL
real	BR	340	10	15	   -2.00	0	    1.00	1	7	  397.73	-15	7	NULL
real	GR	341	10	15	    0.00	1	   -1.00	0	4	  629.92	-3	7	NULL
real	LL	342	10	15	    0.00	1	   -1.00	1	5	3284296.00	15	0	NULL
real	PR	343	10	15	    0.00	1	   -1.00	0	4	3289322.00	15	5	NULL
real	DR	344	10	15	    0.00	0	    1.00	0	5	3294300.00	15	7	NULL
real	FL	345	10	-15	   -2.00	1	   -1.00	1	3	  617.55	-3	5	NULL
real	MR	346	10	-15	   -4.00	0	    1.00	1	3	3311109.00	-3	0	NULL
real	JR	347	10	15	   -4.00	0	    1.00	1	3	3314689.00	-15	0	NULL
real	CL	348	10	-15	   -2.00	1	   -1.00	1	3	3320019.00	15	7	NULL
real	OL	349	10	-15	   -2.00	1	   -1.00	1	3	3324030.00	15	5	NULL
real	ML	350	10	-15	   -3.00	0	    1.00	1	6	3327511.00	-3	0	NULL
real	JL	351	10	15	    0.00	1	   -1.00	1	5	3331182.00	-15	0	NULL
real	QR	352	10	-15	   -2.00	0	    1.00	1	7	  594.37	-15	5	NULL
real	HL	353	10	15	    0.00	1	   -1.00	1	5	  401.31	-3	5	NULL
real	GL	354	10	15	    2.00	1	   -1.00	1	5	  523.89	-3	7	NULL
real	HR	355	10	15	   -1.00	0	    1.00	0	3	  500.41	-3	5	NULL
real	KR	356	10	-15	   -2.00	0	    1.00	0	5	3356712.00	15	0	NULL
real	BL	357	10	15	   -2.00	0	    1.00	1	4	  488.39	-15	7	NULL
real	AR	358	10	-15	   -2.00	0	    1.00	1	5	  463.62	-15	7	NULL
real	RL	359	10	15	   -2.00	0	    1.00	1	4	  410.87	-15	5	NULL
real	ER	360	10	-15	   -4.00	0	    1.00	0	3	  402.35	-3	7	NULL
real	FL	361	11	-15	   -3.00	1	   -1.00	0	3	  554.22	-3	5	NULL
real	LL	362	11	15	   -1.00	0	    1.00	1	6	3405440.00	15	0	NULL
real	BR	363	11	15	   -1.00	0	    1.00	0	7	  534.45	-15	7	NULL
real	LR	364	11	15	   -1.00	1	   -1.00	1	6	3426888.00	15	0	NULL
real	CL	365	11	-15	   -3.00	1	   -1.00	0	3	3430692.00	15	7	NULL
real	AR	366	11	-15	   -1.00	1	   -1.00	1	6	  462.47	-15	7	NULL
real	RL	367	11	15	   -1.00	1	   -1.00	1	5	  466.03	-15	5	NULL
real	OL	368	11	-15	   -3.00	0	    1.00	1	4	3446906.00	15	5	NULL
real	FR	369	11	-15	   -2.00	1	   -1.00	1	5	  504.56	-3	5	NULL
real	HR	370	11	15	    0.00	0	    1.00	0	3	  791.30	-3	5	NULL
real	NL	371	11	15	    1.00	1	   -1.00	0	5	3466503.00	-3	0	NULL
real	IR	372	11	-15	   -1.00	1	   -1.00	1	8	3484068.00	-15	0	NULL
real	QL	373	11	-15	    0.00	1	   -1.00	0	3	  408.81	-15	5	NULL
real	BL	374	11	15	   -1.00	1	   -1.00	1	5	  513.04	-15	7	NULL
real	EL	375	11	-15	   -2.00	1	   -1.00	0	5	  442.51	-3	7	NULL
real	PL	376	11	15	    0.00	1	   -1.00	0	3	3523597.00	15	5	NULL
real	CR	377	11	-15	   -2.00	0	    1.00	0	5	3533419.00	15	7	NULL
real	GL	378	11	15	    1.00	1	   -1.00	0	5	  311.18	-3	7	NULL
real	OR	379	11	-15	   -2.00	0	    1.00	1	5	3541192.00	15	5	NULL
real	MR	380	11	-15	   -3.00	1	   -1.00	1	4	3545082.00	-3	0	NULL
real	ER	381	11	-15	   -3.00	1	   -1.00	1	4	  600.33	-3	7	NULL
real	KL	382	11	-15	    0.00	1	   -1.00	1	5	3566027.00	15	0	NULL
real	PR	383	11	15	   -1.00	0	    1.00	1	5	3571056.00	15	5	NULL
real	DL	384	11	15	   -6.00	1	   -1.00	1	5	3574879.00	15	7	NULL
real	NR	385	11	15	    1.00	1	   -1.00	1	6	3580916.00	-3	0	NULL
real	KR	386	11	-15	   -1.00	1	   -1.00	1	6	3584801.00	15	0	NULL
real	DR	387	11	15	    1.00	1	   -1.00	1	6	3588797.00	15	7	NULL
real	JR	388	11	15	   -3.00	0	    1.00	0	3	3596811.00	-15	0	NULL
real	RR	389	11	15	   -1.00	1	   -1.00	1	6	  584.93	-15	5	NULL
real	IL	390	11	-15	   -1.00	1	   -1.00	0	5	3877585.00	-15	0	NULL
real	GR	391	11	15	   -1.00	0	    1.00	1	5	  378.81	-3	7	NULL
real	ML	392	11	-15	   -2.00	1	   -1.00	1	7	3885457.00	-3	0	NULL
real	QR	393	11	-15	   -1.00	1	   -1.00	1	8	  447.10	-15	5	NULL
real	AL	394	11	-15	    0.00	1	   -1.00	1	5	  810.51	-15	7	NULL
real	HL	395	11	15	   -1.00	1	   -1.00	0	5	  399.71	-3	5	NULL
real	JL	396	11	15	   -1.00	1	   -1.00	0	5	3901771.00	-15	0	NULL
real	PL	397	12	15	   -1.00	0	    1.00	1	4	3907488.00	15	5	NULL
real	BL	398	12	15	   -2.00	0	    1.00	1	6	 1091.93	-15	7	NULL
real	EL	399	12	-15	   -3.00	1	   -1.00	0	5	  425.20	-3	7	NULL
real	CR	400	12	-15	   -1.00	1	   -1.00	1	6	4017337.00	15	7	NULL
real	OR	401	12	-15	   -1.00	1	   -1.00	1	6	4021369.00	15	5	NULL
real	GR	402	12	15	    0.00	1	   -1.00	1	6	  446.76	-3	7	NULL
real	KR	403	12	-15	   -2.00	1	   -1.00	0	6	4032763.00	15	0	NULL
real	JR	404	12	15	   -2.00	0	    1.00	0	3	4036978.00	-15	0	NULL
real	NR	405	12	15	    0.00	1	   -1.00	0	6	4040694.00	-3	0	NULL
real	BR	406	12	15	    0.00	1	   -1.00	1	8	  392.20	-15	7	NULL
real	OL	407	12	-15	   -2.00	1	   -1.00	1	5	4051411.00	15	5	NULL
real	QL	408	12	-15	   -1.00	1	   -1.00	0	3	  575.25	-15	5	NULL
real	HL	409	12	15	   -2.00	0	    1.00	1	6	  572.14	-3	5	NULL
real	MR	410	12	-15	   -4.00	0	    1.00	1	5	4063157.00	-3	0	NULL
real	RR	411	12	15	   -2.00	0	    1.00	1	7	  786.06	-15	5	NULL
real	FR	412	12	-15	   -3.00	1	   -1.00	0	5	  582.62	-3	5	NULL
real	PR	413	12	15	    0.00	1	   -1.00	1	6	4078163.00	15	5	NULL
real	IR	414	12	-15	   -2.00	0	    1.00	1	9	4082277.00	-15	0	NULL
real	HR	415	12	15	    1.00	1	   -1.00	1	4	  484.91	-3	5	NULL
real	LR	416	12	15	   -2.00	0	    1.00	1	7	4090120.00	15	0	NULL
real	AR	417	12	-15	   -2.00	0	    1.00	1	7	  449.83	-15	7	NULL
real	GL	418	12	15	    0.00	1	   -1.00	0	5	  588.70	-3	7	NULL
real	JL	419	12	15	   -2.00	0	    1.00	1	6	4108720.00	-15	0	NULL
real	RL	420	12	15	   -2.00	0	    1.00	1	6	  401.71	-15	5	NULL
real	CL	421	12	-15	   -4.00	0	    1.00	1	4	4120569.00	15	7	NULL
real	DR	422	12	15	    0.00	1	   -1.00	0	6	4124764.00	15	7	NULL
real	IL	423	12	-15	   -2.00	1	   -1.00	0	5	4128221.00	-15	0	NULL
real	LL	424	12	15	    0.00	0	    1.00	0	6	4131932.00	15	0	NULL
real	QR	425	12	-15	   -2.00	0	    1.00	1	9	  392.97	-15	5	NULL
real	NL	426	12	15	    0.00	0	    1.00	1	6	4139251.00	-3	0	NULL
real	KL	427	12	-15	   -1.00	0	    1.00	1	6	4143179.00	15	0	NULL
real	ML	428	12	-15	   -3.00	1	   -1.00	0	7	4147357.00	-3	0	NULL
real	DL	429	12	15	   -7.00	0	    1.00	1	6	4151234.00	15	7	NULL
real	FL	430	12	-15	   -4.00	0	    1.00	1	4	  470.57	-3	5	NULL
real	ER	431	12	-15	   -4.00	1	   -1.00	0	4	  397.21	-3	7	NULL
real	AL	432	12	-15	   -1.00	1	   -1.00	0	5	  521.68	-15	7	NULL
real	AL	433	13	-15	   -2.00	0	    1.00	1	6	  572.54	-15	7	NULL
real	HL	434	13	15	   -1.00	0	    1.00	0	6	  760.66	-3	5	NULL
real	HR	435	13	15	    0.00	0	    1.00	1	5	  587.11	-3	5	NULL
real	LL	436	13	15	    1.00	1	   -1.00	1	7	4185042.00	15	0	NULL
real	ER	437	13	-15	   -5.00	0	    1.00	1	5	  302.00	-3	7	NULL
real	NR	438	13	15	   -1.00	0	    1.00	1	7	4192721.00	-3	0	NULL
real	PL	439	13	15	    0.00	0	    1.00	0	4	4196574.00	15	5	NULL
real	BR	440	13	15	   -1.00	0	    1.00	1	9	  734.30	-15	7	NULL
real	BL	441	13	15	   -1.00	1	   -1.00	1	7	  575.08	-15	7	NULL
real	FR	442	13	-15	   -4.00	0	    1.00	1	6	  598.64	-3	5	NULL
real	EL	443	13	-15	   -4.00	0	    1.00	1	6	  409.94	-3	7	NULL
real	AR	444	13	-15	   -1.00	1	   -1.00	1	8	  532.63	-15	7	NULL
real	DL	445	13	15	   -6.00	0	    1.00	0	6	4223390.00	15	7	NULL
real	RL	446	13	15	   -1.00	1	   -1.00	1	7	  571.35	-15	5	NULL
real	IR	447	13	-15	   -1.00	0	    1.00	0	9	4232824.00	-15	0	NULL
real	ML	448	13	-15	   -4.00	0	    1.00	1	8	4239937.00	-3	0	NULL
real	KR	449	13	-15	   -3.00	0	    1.00	1	7	4244018.00	15	0	NULL
real	IL	450	13	-15	   -3.00	0	    1.00	1	6	4270732.00	-15	0	NULL
real	OL	451	13	-15	   -3.00	1	   -1.00	0	5	4277408.00	15	5	NULL
real	MR	452	13	-15	   -3.00	0	    1.00	0	5	4281941.00	-3	0	NULL
real	KL	453	13	-15	    0.00	1	   -1.00	1	7	4286625.00	15	0	NULL
real	NL	454	13	15	    1.00	1	   -1.00	1	7	4290443.00	-3	0	NULL
real	OR	455	13	-15	   -2.00	1	   -1.00	0	6	4294491.00	15	5	NULL
real	DR	456	13	15	   -1.00	0	    1.00	1	7	4302791.00	15	7	NULL
real	JL	457	13	15	   -1.00	1	   -1.00	1	7	4309273.00	-15	0	NULL
real	RR	458	13	15	   -1.00	1	   -1.00	1	8	  428.91	-15	5	NULL
real	QR	459	13	-15	   -1.00	1	   -1.00	1	10	  547.08	-15	5	NULL
real	GR	460	13	15	   -1.00	0	    1.00	1	7	  259.67	-3	7	NULL
real	PR	461	13	15	   -1.00	1	   -1.00	0	6	4336041.00	15	5	NULL
real	QL	462	13	-15	   -2.00	0	    1.00	1	4	  550.03	-15	5	NULL
real	CR	463	13	-15	   -2.00	1	   -1.00	0	6	4344414.00	15	7	NULL
real	CL	464	13	-15	   -3.00	0	    1.00	0	4	4348470.00	15	7	NULL
real	LR	465	13	15	   -1.00	1	   -1.00	1	8	4352715.00	15	0	NULL
real	FL	466	13	-15	   -3.00	0	    1.00	0	4	  418.29	-3	5	NULL
real	GL	467	13	15	   -1.00	0	    1.00	1	6	  582.52	-3	7	NULL
real	JR	468	13	15	   -1.00	1	   -1.00	1	4	4364650.00	-15	0	NULL
real	IR	469	14	-15	    0.00	1	   -1.00	1	10	4368808.00	-15	0	NULL
real	ML	470	14	-15	   -3.00	0	    1.00	0	8	4372951.00	-3	0	NULL
real	JL	471	14	15	   -2.00	0	    1.00	1	8	4377791.00	-15	0	NULL
real	CR	472	14	-15	   -3.00	1	   -1.00	0	6	4382316.00	15	7	NULL
real	EL	473	14	-15	   -3.00	1	   -1.00	1	7	  481.30	-3	7	NULL
real	BL	474	14	15	   -2.00	1	   -1.00	0	7	  896.77	-15	7	NULL
real	DR	475	14	15	    0.00	1	   -1.00	1	8	4397924.00	15	7	NULL
real	AR	476	14	-15	   -2.00	0	    1.00	1	9	  384.39	-15	7	NULL
real	FR	477	14	-15	   -3.00	0	    1.00	0	6	  442.51	-3	5	NULL
real	AL	478	14	-15	   -1.00	1	   -1.00	1	7	  494.66	-15	7	NULL
real	IL	479	14	-15	   -2.00	0	    1.00	0	6	4429118.00	-15	0	NULL
real	HL	480	14	15	    0.00	0	    1.00	0	6	  490.36	-3	5	NULL
real	GL	481	14	15	    0.00	0	    1.00	0	6	  551.11	-3	7	NULL
real	PR	482	14	15	   -2.00	0	    1.00	1	7	4448730.00	15	5	NULL
real	CL	483	14	-15	   -2.00	1	   -1.00	1	5	4452972.00	15	7	NULL
real	LR	484	14	15	   -2.00	0	    1.00	1	9	4465708.00	15	0	NULL
real	JR	485	14	15	   -2.00	0	    1.00	1	5	4469630.00	-15	0	NULL
real	GR	486	14	15	    0.00	1	   -1.00	1	8	  556.32	-3	7	NULL
real	PL	487	14	15	    1.00	1	   -1.00	1	5	4479190.00	15	5	NULL
real	RR	488	14	15	   -2.00	1	   -1.00	0	8	  406.51	-15	5	NULL
real	MR	489	14	-15	   -2.00	1	   -1.00	1	6	4488873.00	-3	0	NULL
real	QL	490	14	-15	   -1.00	1	   -1.00	1	5	  569.48	-15	5	NULL
real	OL	491	14	-15	   -4.00	0	    1.00	1	6	4499773.00	15	5	NULL
real	RL	492	14	15	   -2.00	0	    1.00	1	8	  427.56	-15	5	NULL
real	BR	493	14	15	    0.00	0	    1.00	0	9	  409.26	-15	7	NULL
real	DL	494	14	15	   -5.00	0	    1.00	0	6	4521754.00	15	7	NULL
real	QR	495	14	-15	   -2.00	0	    1.00	1	11	  609.82	-15	5	NULL
real	KR	496	14	-15	   -2.00	0	    1.00	0	7	4530172.00	15	0	NULL
real	HR	497	14	15	    1.00	1	   -1.00	1	6	  533.36	-3	5	NULL
real	LL	498	14	15	    0.00	0	    1.00	1	8	4545571.00	15	0	NULL
real	OR	499	14	-15	   -3.00	1	   -1.00	0	6	4550826.00	15	5	NULL
real	NR	500	14	15	    0.00	0	    1.00	0	7	4555957.00	-3	0	NULL
real	KL	501	14	-15	   -1.00	1	   -1.00	0	7	4562307.00	15	0	NULL
real	NL	502	14	15	    0.00	0	    1.00	1	8	4566826.00	-3	0	NULL
real	ER	503	14	-15	   -4.00	0	    1.00	0	5	  387.62	-3	7	NULL
real	FL	504	14	-15	   -2.00	1	   -1.00	1	5	  606.19	-3	5	NULL
real	KL	505	15	-15	   -2.00	0	    1.00	1	8	4587050.00	15	0	NULL
real	KR	506	15	-15	   -1.00	0	    1.00	0	7	4591632.00	15	0	NULL
real	FL	507	15	-15	   -3.00	0	    1.00	1	6	  413.14	-3	5	NULL
real	QL	508	15	-15	   -2.00	0	    1.00	1	6	  366.57	-15	5	NULL
real	JR	509	15	15	   -1.00	0	    1.00	0	5	4605486.00	-15	0	NULL
real	MR	510	15	-15	   -3.00	0	    1.00	1	7	4613113.00	-3	0	NULL
real	FR	511	15	-15	   -2.00	0	    1.00	0	6	  349.68	-3	5	NULL
real	OL	512	15	-15	   -3.00	0	    1.00	0	6	4623449.00	15	5	NULL
real	RR	513	15	15	   -3.00	0	    1.00	1	9	  655.57	-15	5	NULL
real	CL	514	15	-15	   -3.00	0	    1.00	1	6	4634172.00	15	7	NULL
real	GL	515	15	15	    1.00	1	   -1.00	1	7	  647.84	-3	7	NULL
real	RL	516	15	15	   -1.00	1	   -1.00	1	9	  395.63	-15	5	NULL
real	JL	517	15	15	   -1.00	0	    1.00	0	8	4655793.00	-15	0	NULL
real	AR	518	15	-15	   -1.00	1	   -1.00	1	10	  719.02	-15	7	NULL
real	HR	519	15	15	    0.00	1	   -1.00	0	6	  582.07	-3	5	NULL
real	IL	520	15	-15	   -1.00	0	    1.00	0	6	4674094.00	-15	0	NULL
real	GR	521	15	15	   -1.00	0	    1.00	1	9	 1048.94	-3	7	NULL
real	BL	522	15	15	   -3.00	0	    1.00	1	8	  354.77	-15	7	NULL
real	AL	523	15	-15	   -2.00	0	    1.00	1	8	  606.19	-15	7	NULL
real	PR	524	15	15	   -1.00	0	    1.00	0	7	4698758.00	15	5	NULL
real	LR	525	15	15	   -1.00	0	    1.00	0	9	4715624.00	15	0	NULL
real	DR	526	15	15	   -1.00	0	    1.00	1	9	4721623.00	15	7	NULL
real	IR	527	15	-15	   -1.00	0	    1.00	1	11	4725016.00	-15	0	NULL
real	QR	528	15	-15	   -1.00	1	   -1.00	1	12	  682.34	-15	5	NULL
real	OR	529	15	-15	   -4.00	0	    1.00	1	7	4744165.00	15	5	NULL
real	PL	530	15	15	    0.00	0	    1.00	1	6	4751977.00	15	5	NULL
real	EL	531	15	-15	   -4.00	0	    1.00	1	8	  364.38	-3	7	NULL
real	CR	532	15	-15	   -4.00	0	    1.00	1	7	4761631.00	15	7	NULL
real	ER	533	15	-15	   -3.00	1	   -1.00	1	6	  475.67	-3	7	NULL
real	DL	534	15	15	   -4.00	0	    1.00	0	6	4771758.00	15	7	NULL
real	NL	535	15	15	    1.00	1	   -1.00	1	9	4779088.00	-3	0	NULL
real	BR	536	15	15	    1.00	1	   -1.00	1	10	  689.42	-15	7	NULL
real	NR	537	15	15	    1.00	0	    1.00	0	7	4798948.00	-3	0	NULL
real	LL	538	15	15	    1.00	0	    1.00	0	8	4808930.00	15	0	NULL
real	HL	539	15	15	    1.00	1	   -1.00	1	7	  495.18	-3	5	NULL
real	ML	540	15	-15	   -2.00	1	   -1.00	1	9	4844453.00	-3	0	NULL
real	ER	541	16	-15	   -4.00	0	    1.00	1	7	  397.89	-3	7	NULL
real	OR	542	16	-15	   -3.00	1	   -1.00	1	8	4856649.00	15	5	NULL
real	FL	543	16	-15	   -2.00	1	   -1.00	1	7	  503.53	-3	5	NULL
real	KR	544	16	-15	    0.00	0	    1.00	0	7	4866181.00	15	0	NULL
real	BR	545	16	15	    0.00	1	   -1.00	0	10	  913.11	-15	7	NULL
real	ML	546	16	-15	   -3.00	0	    1.00	1	10	4876717.00	-3	0	NULL
real	HL	547	16	15	    0.00	1	   -1.00	0	7	  356.50	-3	5	NULL
real	DL	548	16	15	   -3.00	0	    1.00	0	6	4884411.00	15	7	NULL
real	PR	549	16	15	    0.00	1	   -1.00	1	8	4888825.00	15	5	NULL
real	FR	550	16	-15	   -1.00	1	   -1.00	1	7	  604.05	-3	5	NULL
real	PL	551	16	15	    1.00	1	   -1.00	1	7	4896661.00	15	5	NULL
real	AR	552	16	-15	   -2.00	0	    1.00	1	11	  508.97	-15	7	NULL
real	QL	553	16	-15	   -1.00	1	   -1.00	1	7	  609.28	-15	5	NULL
real	MR	554	16	-15	   -2.00	1	   -1.00	1	8	4908089.00	-3	0	NULL
real	BL	555	16	15	   -2.00	0	    1.00	0	8	 1164.86	-15	7	NULL
real	DR	556	16	15	    0.00	1	   -1.00	1	10	4926294.00	15	7	NULL
real	AL	557	16	-15	   -1.00	1	   -1.00	1	9	  444.37	-15	7	NULL
real	KL	558	16	-15	   -1.00	1	   -1.00	1	9	4933911.00	15	0	NULL
real	GR	559	16	15	    0.00	1	   -1.00	1	10	  343.70	-3	7	NULL
real	RR	560	16	15	   -2.00	1	   -1.00	1	10	  375.29	-15	5	NULL
real	JR	561	16	15	    0.00	1	   -1.00	1	6	4947622.00	-15	0	NULL
real	CL	562	16	-15	   -2.00	1	   -1.00	1	7	4951291.00	15	7	NULL
real	CR	563	16	-15	   -3.00	0	    1.00	0	7	4956400.00	15	7	NULL
real	IR	564	16	-15	    0.00	1	   -1.00	1	12	4960531.00	-15	0	NULL
real	LL	565	16	15	    2.00	1	   -1.00	1	9	4965679.00	15	0	NULL
real	NL	566	16	15	    0.00	1	   -1.00	0	9	4969702.00	-3	0	NULL
real	EL	567	16	-15	   -3.00	0	    1.00	0	8	  410.79	-3	7	NULL
real	OL	568	16	-15	   -2.00	1	   -1.00	1	7	4984123.00	15	5	NULL
real	IL	569	16	-15	    0.00	1	   -1.00	1	7	4990638.00	-15	0	NULL
real	NR	570	16	15	    2.00	1	   -1.00	1	8	4995048.00	-3	0	NULL
real	LR	571	16	15	    0.00	0	    1.00	0	9	4999239.00	15	0	NULL
real	JL	572	16	15	    0.00	1	   -1.00	1	9	5002653.00	-15	0	NULL
real	RL	573	16	15	   -2.00	0	    1.00	1	10	  501.29	-15	5	NULL
real	HR	574	16	15	   -1.00	1	   -1.00	0	6	  537.81	-3	5	NULL
real	GL	575	16	15	    0.00	1	   -1.00	0	7	  682.23	-3	7	NULL
real	EL	576	17	-15	   -2.00	1	   -1.00	1	9	  517.89	-3	7	NULL
real	GL	577	17	15	   -1.00	0	    1.00	1	8	  569.52	-3	7	NULL
real	RL	578	17	15	   -1.00	1	   -1.00	1	11	  473.31	-15	5	NULL
real	DL	579	17	15	   -2.00	1	   -1.00	1	7	5040560.00	15	7	NULL
real	LR	580	17	15	    1.00	0	    1.00	0	9	5046751.00	15	0	NULL
real	IL	581	17	-15	   -1.00	1	   -1.00	0	7	5052454.00	-15	0	NULL
real	NL	582	17	15	   -1.00	1	   -1.00	0	9	5060103.00	-3	0	NULL
real	AR	583	17	-15	   -1.00	1	   -1.00	1	12	  480.82	-15	7	NULL
real	PR	584	17	15	   -1.00	1	   -1.00	0	8	5067822.00	15	5	NULL
real	FR	585	17	-15	   -2.00	1	   -1.00	0	7	  776.07	-3	5	NULL
real	KL	586	17	-15	   -2.00	1	   -1.00	0	9	5080400.00	15	0	NULL
real	PL	587	17	15	    0.00	0	    1.00	1	8	5084350.00	15	5	NULL
real	AL	588	17	-15	   -2.00	0	    1.00	1	10	  662.24	-15	7	NULL
real	ER	589	17	-15	   -3.00	1	   -1.00	1	8	  265.38	-3	7	NULL
real	CR	590	17	-15	   -2.00	1	   -1.00	1	8	5096915.00	15	7	NULL
real	CL	591	17	-15	   -3.00	0	    1.00	1	8	5102041.00	15	7	NULL
real	QL	592	17	-15	   -2.00	1	   -1.00	0	7	  522.97	-15	5	NULL
real	OL	593	17	-15	   -3.00	0	    1.00	1	8	5114720.00	15	5	NULL
real	FL	594	17	-15	   -3.00	1	   -1.00	0	7	  654.86	-3	5	NULL
real	ML	595	17	-15	   -2.00	1	   -1.00	1	11	5122444.00	-3	0	NULL
real	LL	596	17	15	    1.00	0	    1.00	1	10	5134029.00	15	0	NULL
real	RR	597	17	15	   -3.00	0	    1.00	1	11	  628.91	-15	5	NULL
real	NR	598	17	15	    1.00	1	   -1.00	0	8	5141988.00	-3	0	NULL
real	BR	599	17	15	   -1.00	1	   -1.00	0	10	  523.31	-15	7	NULL
real	DR	600	17	15	   -1.00	1	   -1.00	0	10	5149757.00	15	7	NULL
real	HL	601	17	15	   -1.00	1	   -1.00	0	7	  476.99	-3	5	NULL
real	KR	602	17	-15	    1.00	0	    1.00	0	7	5158726.00	15	0	NULL
real	JR	603	17	15	   -1.00	1	   -1.00	0	6	5162260.00	-15	0	NULL
real	BL	604	17	15	   -1.00	0	    1.00	0	8	  431.95	-15	7	NULL
real	JL	605	17	15	   -1.00	0	    1.00	1	10	5178501.00	-15	0	NULL
real	GR	606	17	15	   -1.00	1	   -1.00	0	10	  337.95	-3	7	NULL
real	HR	607	17	15	   -2.00	0	    1.00	1	7	  536.75	-3	5	NULL
real	MR	608	17	-15	   -3.00	0	    1.00	1	9	5194367.00	-3	0	NULL
real	OR	609	17	-15	   -4.00	1	   -1.00	0	8	5199137.00	15	5	NULL
real	RR	610	18	15	   -2.00	1	   -1.00	1	12	  731.68	-15	5	NULL
real	GR	611	18	15	   -2.00	1	   -1.00	0	10	  472.30	-3	7	NULL
real	DR	612	18	15	   -2.00	0	    1.00	1	11	5213470.00	15	7	NULL
real	IL	613	18	-15	   -2.00	1	   -1.00	0	7	5216960.00	-15	0	NULL
real	OR	614	18	-15	   -5.00	0	    1.00	1	9	5236021.00	15	5	NULL
real	LR	615	18	15	    2.00	1	   -1.00	1	10	5245242.00	15	0	NULL
real	KR	616	18	-15	    2.00	1	   -1.00	1	8	5249380.00	15	0	NULL
real	HL	617	18	15	   -2.00	0	    1.00	1	8	  505.30	-3	5	NULL
real	GL	618	18	15	    0.00	1	   -1.00	1	9	  312.04	-3	7	NULL
real	QL	619	18	-15	   -3.00	0	    1.00	1	8	  629.13	-15	5	NULL
real	HR	620	18	15	   -1.00	0	    1.00	0	7	  816.85	-3	5	NULL
real	BR	621	18	15	   -2.00	0	    1.00	1	11	  451.58	-15	7	NULL
real	ER	622	18	-15	   -4.00	0	    1.00	1	9	  311.75	-3	7	NULL
real	NR	623	18	15	    0.00	1	   -1.00	0	8	5282385.00	-3	0	NULL
real	JR	624	18	15	   -2.00	0	    1.00	1	7	5285930.00	-15	0	NULL
real	OL	625	18	-15	   -2.00	1	   -1.00	1	9	5290409.00	15	5	NULL
real	FR	626	18	-15	   -3.00	0	    1.00	1	8	  401.91	-3	5	NULL
real	KL	627	18	-15	   -3.00	0	    1.00	1	10	5301131.00	15	0	NULL
real	CR	628	18	-15	   -3.00	0	    1.00	1	9	5306265.00	15	7	NULL
real	FL	629	18	-15	   -4.00	1	   -1.00	0	7	  656.93	-3	5	NULL
real	ML	630	18	-15	   -3.00	0	    1.00	1	12	5317423.00	-3	0	NULL
real	CL	631	18	-15	   -2.00	0	    1.00	0	8	5323217.00	15	7	NULL
real	DL	632	18	15	   -3.00	0	    1.00	1	8	5328946.00	15	7	NULL
real	MR	633	18	-15	   -2.00	1	   -1.00	1	10	5334723.00	-3	0	NULL
real	AL	634	18	-15	   -1.00	1	   -1.00	1	11	  532.26	-15	7	NULL
real	LL	635	18	15	    2.00	1	   -1.00	1	11	5344451.00	15	0	NULL
real	EL	636	18	-15	   -3.00	0	    1.00	1	10	  606.57	-3	7	NULL
real	JL	637	18	15	    0.00	1	   -1.00	1	11	5360030.00	-15	0	NULL
real	PL	638	18	15	    1.00	1	   -1.00	1	9	5369440.00	15	5	NULL
real	BL	639	18	15	    0.00	1	   -1.00	1	9	  515.13	-15	7	NULL
real	NL	640	18	15	   -2.00	0	    1.00	1	10	5378972.00	-3	0	NULL
