TRIAL_TYPE	trial_variant	TRIAL_NUMBER	TRIAL_ITERATION_VAL	frame_tilt	rod_tilt	response	step_size	reversal	reversal_num	RT	probe_del	alpha_entrain_refreshes	rod_tilt_val
real	QL	1	1	-15	  -20.00	0	    8.00	0	0	 1438.12	-15	5	NULL
real	IL	2	1	-15	  -20.00	0	    8.00	0	0	324809.00	-15	0	NULL
real	AR	3	1	-15	   20.00	1	   -8.00	0	0	  831.10	-15	7	NULL
real	CR	4	1	-15	   20.00	1	   -8.00	0	0	336618.00	15	7	NULL
real	NL	5	1	15	  -20.00	0	    8.00	0	0	345933.00	-3	0	NULL
real	HR	6	1	15	   20.00	1	   -8.00	0	0	  622.83	-3	5	NULL
real	AL	7	1	-15	  -20.00	0	    8.00	0	0	 1123.36	-15	7	NULL
real	NR	8	1	15	   20.00	1	   -8.00	0	0	401255.00	-3	0	NULL
real	BR	9	1	15	   20.00	1	   -8.00	0	0	  823.76	-15	7	NULL
real	RR	10	1	15	   20.00	1	   -8.00	0	0	  641.96	-15	5	NULL
real	QR	11	1	-15	   20.00	1	   -8.00	0	0	  693.36	-15	5	NULL
real	DR	12	1	15	   20.00	1	   -8.00	0	0	423228.00	15	7	NULL
real	JR	13	1	15	   20.00	1	   -8.00	0	0	429032.00	-15	0	NULL
real	OL	14	1	-15	  -20.00	0	    8.00	0	0	434693.00	15	5	NULL
real	FL	15	1	-15	  -20.00	0	    8.00	0	0	  621.71	-3	5	NULL
real	HL	16	1	15	  -20.00	0	    8.00	0	0	  604.83	-3	5	NULL
real	GL	17	1	15	  -20.00	0	    8.00	0	0	  644.40	-3	7	NULL
real	DL	18	1	15	  -20.00	0	    8.00	0	0	454847.00	15	7	NULL
real	MR	19	1	-15	   20.00	1	   -8.00	0	0	460602.00	-3	0	NULL
real	GR	20	1	15	   20.00	1	   -8.00	0	0	  659.99	-3	7	NULL
real	BL	21	1	15	  -20.00	0	    8.00	0	0	  676.21	-15	7	NULL
real	LR	22	1	15	   20.00	1	   -8.00	0	0	476978.00	15	0	NULL
real	PL	23	1	15	  -20.00	0	    8.00	0	0	482295.00	15	5	NULL
real	KL	24	1	-15	  -20.00	0	    8.00	0	0	487843.00	15	0	NULL
real	RL	25	1	15	  -20.00	0	    8.00	0	0	  704.99	-15	5	NULL
real	EL	26	1	-15	  -20.00	0	    8.00	0	0	  602.37	-3	7	NULL
real	LL	27	1	15	  -20.00	0	    8.00	0	0	506263.00	15	0	NULL
real	KR	28	1	-15	   20.00	1	   -8.00	0	0	511907.00	15	0	NULL
real	FR	29	1	-15	   20.00	1	   -8.00	0	0	  651.58	-3	5	NULL
real	ER	30	1	-15	   20.00	1	   -8.00	0	0	  638.78	-3	7	NULL
real	ML	31	1	-15	  -20.00	0	    8.00	0	0	527709.00	-3	0	NULL
real	PR	32	1	15	   20.00	1	   -8.00	0	0	533053.00	15	5	NULL
real	IR	33	1	-15	   20.00	1	   -8.00	0	0	537908.00	-15	0	NULL
real	JL	34	1	15	  -20.00	0	    8.00	0	0	544848.00	-15	0	NULL
real	CL	35	1	-15	  -20.00	0	    8.00	0	0	551217.00	15	7	NULL
real	OR	36	1	-15	   20.00	1	   -8.00	0	0	557195.00	15	5	NULL
real	QL	37	2	-15	  -12.00	0	    8.00	0	0	  641.77	-15	5	NULL
real	DR	38	2	15	   12.00	1	   -8.00	0	0	570145.00	15	7	NULL
real	EL	39	2	-15	  -12.00	0	    8.00	0	0	 1220.14	-3	7	NULL
real	MR	40	2	-15	   12.00	1	   -8.00	0	0	587178.00	-3	0	NULL
real	AL	41	2	-15	  -12.00	0	    8.00	0	0	  785.46	-15	7	NULL
real	LL	42	2	15	  -12.00	0	    8.00	0	0	597091.00	15	0	NULL
real	KR	43	2	-15	   12.00	1	   -8.00	0	0	602456.00	15	0	NULL
real	LR	44	2	15	   12.00	1	   -8.00	0	0	607504.00	15	0	NULL
real	ML	45	2	-15	  -12.00	0	    8.00	0	0	612067.00	-3	0	NULL
real	CR	46	2	-15	   12.00	1	   -8.00	0	0	622623.00	15	7	NULL
real	RL	47	2	15	  -12.00	0	    8.00	0	0	  750.64	-15	5	NULL
real	NL	48	2	15	  -12.00	0	    8.00	0	0	634139.00	-3	0	NULL
real	FR	49	2	-15	   12.00	1	   -8.00	0	0	  576.73	-3	5	NULL
real	PR	50	2	15	   12.00	1	   -8.00	0	0	648965.00	15	5	NULL
real	DL	51	2	15	  -12.00	0	    8.00	0	0	655814.00	15	7	NULL
real	GL	52	2	15	  -12.00	0	    8.00	0	0	  963.90	-3	7	NULL
real	JL	53	2	15	  -12.00	0	    8.00	0	0	668011.00	-15	0	NULL
real	KL	54	2	-15	  -12.00	0	    8.00	0	0	673928.00	15	0	NULL
real	PL	55	2	15	  -12.00	0	    8.00	0	0	679451.00	15	5	NULL
real	OR	56	2	-15	   12.00	1	   -8.00	0	0	690612.00	15	5	NULL
real	IL	57	2	-15	  -12.00	0	    8.00	0	0	695303.00	-15	0	NULL
real	GR	58	2	15	   12.00	1	   -8.00	0	0	  585.68	-3	7	NULL
real	HL	59	2	15	  -12.00	0	    8.00	0	0	  691.47	-3	5	NULL
real	BL	60	2	15	  -12.00	0	    8.00	0	0	  462.65	-15	7	NULL
real	BR	61	2	15	   12.00	1	   -8.00	0	0	  518.41	-15	7	NULL
real	OL	62	2	-15	  -12.00	0	    8.00	0	0	800880.00	15	5	NULL
real	HR	63	2	15	   12.00	1	   -8.00	0	0	  578.49	-3	5	NULL
real	RR	64	2	15	   12.00	1	   -8.00	0	0	  706.71	-15	5	NULL
real	AR	65	2	-15	   12.00	1	   -8.00	0	0	  621.60	-15	7	NULL
real	QR	66	2	-15	   12.00	1	   -8.00	0	0	  666.30	-15	5	NULL
real	IR	67	2	-15	   12.00	1	   -8.00	0	0	826324.00	-15	0	NULL
real	FL	68	2	-15	  -12.00	0	    8.00	0	0	  570.96	-3	5	NULL
real	CL	69	2	-15	  -12.00	0	    8.00	0	0	837729.00	15	7	NULL
real	NR	70	2	15	   12.00	1	   -8.00	0	0	842885.00	-3	0	NULL
real	JR	71	2	15	   12.00	1	   -8.00	0	0	847917.00	-15	0	NULL
real	ER	72	2	-15	   12.00	1	   -8.00	0	0	  611.47	-3	7	NULL
real	LR	73	3	15	    4.00	1	   -8.00	0	0	861272.00	15	0	NULL
real	GR	74	3	15	    4.00	1	   -8.00	0	0	  960.46	-3	7	NULL
real	AR	75	3	-15	    4.00	1	   -8.00	0	0	  855.46	-15	7	NULL
real	JR	76	3	15	    4.00	1	   -8.00	0	0	876084.00	-15	0	NULL
real	QR	77	3	-15	    4.00	1	   -8.00	0	0	  688.00	-15	5	NULL
real	RL	78	3	15	   -4.00	0	    8.00	0	0	  746.41	-15	5	NULL
real	NR	79	3	15	    4.00	1	   -8.00	0	0	892820.00	-3	0	NULL
real	LL	80	3	15	   -4.00	0	    8.00	0	0	898897.00	15	0	NULL
real	DR	81	3	15	    4.00	1	   -8.00	0	0	904951.00	15	7	NULL
real	OL	82	3	-15	   -4.00	0	    8.00	0	0	913405.00	15	5	NULL
real	FR	83	3	-15	    4.00	1	   -8.00	0	0	  797.11	-3	5	NULL
real	PL	84	3	15	   -4.00	0	    8.00	0	0	924544.00	15	5	NULL
real	KL	85	3	-15	   -4.00	0	    8.00	0	0	931464.00	15	0	NULL
real	AL	86	3	-15	   -4.00	0	    8.00	0	0	 1053.16	-15	7	NULL
real	KR	87	3	-15	    4.00	1	   -8.00	0	0	943747.00	15	0	NULL
real	OR	88	3	-15	    4.00	1	   -8.00	0	0	949087.00	15	5	NULL
real	ER	89	3	-15	    4.00	1	   -8.00	0	0	  567.44	-3	7	NULL
real	ML	90	3	-15	   -4.00	0	    8.00	0	0	961540.00	-3	0	NULL
real	BR	91	3	15	    4.00	1	   -8.00	0	0	  829.56	-15	7	NULL
real	RR	92	3	15	    4.00	1	   -8.00	0	0	  714.38	-15	5	NULL
real	DL	93	3	15	   -4.00	0	    8.00	0	0	977576.00	15	7	NULL
real	PR	94	3	15	    4.00	1	   -8.00	0	0	983011.00	15	5	NULL
real	FL	95	3	-15	   -4.00	0	    8.00	0	0	  952.58	-3	5	NULL
real	GL	96	3	15	   -4.00	0	    8.00	0	0	  751.69	-3	7	NULL
real	IL	97	3	-15	   -4.00	0	    8.00	0	0	998909.00	-15	0	NULL
real	QL	98	3	-15	   -4.00	0	    8.00	0	0	  789.73	-15	5	NULL
real	HR	99	3	15	    4.00	1	   -8.00	0	0	 1872.08	-3	5	NULL
real	MR	100	3	-15	    4.00	1	   -8.00	0	0	1016157.00	-3	0	NULL
real	IR	101	3	-15	    4.00	1	   -8.00	0	0	1020898.00	-15	0	NULL
real	JL	102	3	15	   -4.00	0	    8.00	0	0	1025570.00	-15	0	NULL
real	HL	103	3	15	   -4.00	0	    8.00	0	0	  563.60	-3	5	NULL
real	EL	104	3	-15	   -4.00	0	    8.00	0	0	  917.49	-3	7	NULL
real	CR	105	3	-15	    4.00	1	   -8.00	0	0	1040613.00	15	7	NULL
real	CL	106	3	-15	   -4.00	0	    8.00	0	0	1046248.00	15	7	NULL
real	BL	107	3	15	   -4.00	0	    8.00	0	0	 1515.40	-15	7	NULL
real	NL	108	3	15	   -4.00	0	    8.00	0	0	1057232.00	-3	0	NULL
real	IR	109	4	-15	   -4.00	0	    4.00	1	1	1066772.00	-15	0	NULL
real	KR	110	4	-15	   -4.00	0	    4.00	1	1	1074377.00	15	0	NULL
real	NR	111	4	15	   -4.00	0	    4.00	1	1	1079554.00	-3	0	NULL
real	LR	112	4	15	   -4.00	0	    4.00	1	1	1085229.00	15	0	NULL
real	DR	113	4	15	   -4.00	0	    4.00	1	1	1090847.00	15	7	NULL
real	BR	114	4	15	   -4.00	0	    4.00	1	1	  849.92	-15	7	NULL
real	AR	115	4	-15	   -4.00	0	    4.00	1	1	  667.10	-15	7	NULL
real	PR	116	4	15	   -4.00	0	    4.00	1	1	1107280.00	15	5	NULL
real	JR	117	4	15	   -4.00	0	    4.00	1	1	1112792.00	-15	0	NULL
real	DL	118	4	15	    4.00	1	   -4.00	1	1	1118586.00	15	7	NULL
real	OL	119	4	-15	    4.00	1	   -4.00	1	1	1124758.00	15	5	NULL
real	HL	120	4	15	    4.00	1	   -4.00	1	1	  885.03	-3	5	NULL
real	FR	121	4	-15	   -4.00	0	    4.00	1	1	 1993.18	-3	5	NULL
real	IL	122	4	-15	    4.00	1	   -4.00	1	1	1141712.00	-15	0	NULL
real	JL	123	4	15	    4.00	1	   -4.00	1	1	1147154.00	-15	0	NULL
real	OR	124	4	-15	   -4.00	0	    4.00	1	1	1153432.00	15	5	NULL
real	EL	125	4	-15	    4.00	1	   -4.00	1	1	  656.07	-3	7	NULL
real	GR	126	4	15	   -4.00	0	    4.00	1	1	  764.85	-3	7	NULL
real	BL	127	4	15	    4.00	1	   -4.00	1	1	  804.00	-15	7	NULL
real	CL	128	4	-15	    4.00	1	   -4.00	1	1	1174906.00	15	7	NULL
real	KL	129	4	-15	    4.00	1	   -4.00	1	1	1181626.00	15	0	NULL
real	FL	130	4	-15	    4.00	1	   -4.00	1	1	  832.62	-3	5	NULL
real	ER	131	4	-15	   -4.00	0	    4.00	1	1	 1027.47	-3	7	NULL
real	CR	132	4	-15	   -4.00	0	    4.00	1	1	1202506.00	15	7	NULL
real	QL	133	4	-15	    4.00	1	   -4.00	1	1	  737.94	-15	5	NULL
real	AL	134	4	-15	    4.00	1	   -4.00	1	1	 1485.05	-15	7	NULL
real	HR	135	4	15	   -4.00	0	    4.00	1	1	  826.28	-3	5	NULL
real	LL	136	4	15	    4.00	1	   -4.00	1	1	1227614.00	15	0	NULL
real	PL	137	4	15	    4.00	1	   -4.00	1	1	1237031.00	15	5	NULL
real	MR	138	4	-15	   -4.00	0	    4.00	1	1	1243213.00	-3	0	NULL
real	QR	139	4	-15	   -4.00	0	    4.00	1	1	  888.76	-15	5	NULL
real	NL	140	4	15	    4.00	1	   -4.00	1	1	1253046.00	-3	0	NULL
real	GL	141	4	15	    4.00	1	   -4.00	1	1	  782.01	-3	7	NULL
real	RR	142	4	15	   -4.00	0	    4.00	1	1	  751.06	-15	5	NULL
real	ML	143	4	-15	    4.00	1	   -4.00	1	1	1269363.00	-3	0	NULL
real	RL	144	4	15	    4.00	1	   -4.00	1	1	  797.27	-15	5	NULL
real	HR	145	5	15	    0.00	1	   -2.00	1	2	 2188.90	-3	5	NULL
real	FR	146	5	-15	    0.00	1	   -2.00	1	2	 1930.91	-3	5	NULL
real	AR	147	5	-15	    0.00	1	   -2.00	1	2	 1751.87	-15	7	NULL
real	DL	148	5	15	    0.00	1	   -4.00	0	1	1304471.00	15	7	NULL
real	HL	149	5	15	    0.00	1	   -4.00	0	1	 1214.32	-3	5	NULL
real	LR	150	5	15	    0.00	1	   -2.00	1	2	1316235.00	15	0	NULL
real	OL	151	5	-15	    0.00	1	   -4.00	0	1	1320971.00	15	5	NULL
real	ML	152	5	-15	    0.00	1	   -4.00	0	1	1326342.00	-3	0	NULL
real	PL	153	5	15	    0.00	1	   -4.00	0	1	1332082.00	15	5	NULL
real	EL	154	5	-15	    0.00	1	   -4.00	0	1	  768.56	-3	7	NULL
real	NL	155	5	15	    0.00	1	   -4.00	0	1	1342633.00	-3	0	NULL
real	CL	156	5	-15	    0.00	1	   -4.00	0	1	1352609.00	15	7	NULL
real	JR	157	5	15	    0.00	1	   -2.00	1	2	1359674.00	-15	0	NULL
real	GL	158	5	15	    0.00	1	   -4.00	0	1	  819.65	-3	7	NULL
real	ER	159	5	-15	    0.00	1	   -2.00	1	2	  747.60	-3	7	NULL
real	DR	160	5	15	    0.00	1	   -2.00	1	2	1376176.00	15	7	NULL
real	NR	161	5	15	    0.00	1	   -2.00	1	2	1383072.00	-3	0	NULL
real	AL	162	5	-15	    0.00	1	   -4.00	0	1	 1480.75	-15	7	NULL
real	KR	163	5	-15	    0.00	1	   -2.00	1	2	1392957.00	15	0	NULL
real	OR	164	5	-15	    0.00	1	   -2.00	1	2	1397566.00	15	5	NULL
real	FL	165	5	-15	    0.00	1	   -4.00	0	1	  902.98	-3	5	NULL
real	BL	166	5	15	    0.00	1	   -4.00	0	1	  606.10	-15	7	NULL
real	KL	167	5	-15	    0.00	1	   -4.00	0	1	1418117.00	15	0	NULL
real	JL	168	5	15	    0.00	1	   -4.00	0	1	1423670.00	-15	0	NULL
real	MR	169	5	-15	    0.00	1	   -2.00	1	2	1433534.00	-3	0	NULL
real	LL	170	5	15	    0.00	1	   -4.00	0	1	1439364.00	15	0	NULL
real	QR	171	5	-15	    0.00	1	   -2.00	1	2	  804.05	-15	5	NULL
real	GR	172	5	15	    0.00	0	    4.00	0	1	 2200.50	-3	7	NULL
real	BR	173	5	15	    0.00	1	   -2.00	1	2	 1078.98	-15	7	NULL
real	IR	174	5	-15	    0.00	0	    4.00	0	1	1461547.00	-15	0	NULL
real	RL	175	5	15	    0.00	1	   -4.00	0	1	  762.90	-15	5	NULL
real	QL	176	5	-15	    0.00	1	   -4.00	0	1	  893.39	-15	5	NULL
real	PR	177	5	15	    0.00	1	   -2.00	1	2	1479812.00	15	5	NULL
real	CR	178	5	-15	    0.00	1	   -2.00	1	2	1487561.00	15	7	NULL
real	RR	179	5	15	    0.00	1	   -2.00	1	2	 1000.98	-15	5	NULL
real	IL	180	5	-15	    0.00	1	   -4.00	0	1	1498707.00	-15	0	NULL
real	QL	181	6	-15	   -4.00	0	    2.00	1	2	  889.07	-15	5	NULL
real	CL	182	6	-15	   -4.00	0	    2.00	1	2	1515771.00	15	7	NULL
real	RL	183	6	15	   -4.00	0	    2.00	1	2	  992.31	-15	5	NULL
real	IL	184	6	-15	   -4.00	0	    2.00	1	2	1528253.00	-15	0	NULL
real	AR	185	6	-15	   -2.00	0	    1.00	1	3	  922.63	-15	7	NULL
real	EL	186	6	-15	   -4.00	0	    2.00	1	2	 1279.04	-3	7	NULL
real	GL	187	6	15	   -4.00	0	    2.00	1	2	 1073.01	-3	7	NULL
real	PL	188	6	15	   -4.00	0	    2.00	1	2	1550644.00	15	5	NULL
real	FR	189	6	-15	   -2.00	1	   -2.00	0	2	  790.19	-3	5	NULL
real	JR	190	6	15	   -2.00	0	    1.00	1	3	1562291.00	-15	0	NULL
real	OR	191	6	-15	   -2.00	0	    1.00	1	3	1567777.00	15	5	NULL
real	AL	192	6	-15	   -4.00	0	    2.00	1	2	  820.70	-15	7	NULL
real	KL	193	6	-15	   -4.00	0	    2.00	1	2	1577471.00	15	0	NULL
real	FL	194	6	-15	   -4.00	0	    2.00	1	2	  522.80	-3	5	NULL
real	CR	195	6	-15	   -2.00	0	    1.00	1	3	1587841.00	15	7	NULL
real	MR	196	6	-15	   -2.00	0	    1.00	1	3	1592280.00	-3	0	NULL
real	KR	197	6	-15	   -2.00	0	    1.00	1	3	1597296.00	15	0	NULL
real	BR	198	6	15	   -2.00	0	    1.00	1	3	 1811.50	-15	7	NULL
real	JL	199	6	15	   -4.00	0	    2.00	1	2	1608761.00	-15	0	NULL
real	LL	200	6	15	   -4.00	0	    2.00	1	2	1615319.00	15	0	NULL
real	NL	201	6	15	   -4.00	0	    2.00	1	2	1620961.00	-3	0	NULL
real	QR	202	6	-15	   -2.00	0	    1.00	1	3	 1963.11	-15	5	NULL
real	HL	203	6	15	   -4.00	0	    2.00	1	2	  910.59	-3	5	NULL
real	ER	204	6	-15	   -2.00	1	   -2.00	0	2	 1117.23	-3	7	NULL
real	ML	205	6	-15	   -4.00	0	    2.00	1	2	1642434.00	-3	0	NULL
real	PR	206	6	15	   -2.00	0	    1.00	1	3	1647930.00	15	5	NULL
real	BL	207	6	15	   -4.00	0	    2.00	1	2	  971.72	-15	7	NULL
real	HR	208	6	15	   -2.00	0	    1.00	1	3	  829.06	-3	5	NULL
real	NR	209	6	15	   -2.00	0	    1.00	1	3	1667141.00	-3	0	NULL
real	RR	210	6	15	   -2.00	0	    1.00	1	3	  798.90	-15	5	NULL
real	IR	211	6	-15	    4.00	1	   -2.00	1	2	1679664.00	-15	0	NULL
real	GR	212	6	15	    4.00	1	   -2.00	1	2	  824.78	-3	7	NULL
real	OL	213	6	-15	   -4.00	0	    2.00	1	2	1690442.00	15	5	NULL
real	LR	214	6	15	   -2.00	0	    1.00	1	3	1695560.00	15	0	NULL
real	DR	215	6	15	   -2.00	0	    1.00	1	3	1701441.00	15	7	NULL
real	DL	216	6	15	   -4.00	0	    2.00	1	2	1706903.00	15	7	NULL
real	FR	217	7	-15	   -4.00	0	    1.00	1	3	 3455.54	-3	5	NULL
real	BR	218	7	15	   -1.00	1	   -1.00	1	4	  836.53	-15	7	NULL
real	LL	219	7	15	   -2.00	0	    2.00	0	2	1729786.00	15	0	NULL
real	HL	220	7	15	   -2.00	0	    2.00	0	2	 1186.26	-3	5	NULL
real	FL	221	7	-15	   -2.00	0	    2.00	0	2	 1443.60	-3	5	NULL
real	CL	222	7	-15	   -2.00	1	   -1.00	1	3	1759131.00	15	7	NULL
real	KL	223	7	-15	   -2.00	0	    2.00	0	2	1765647.00	15	0	NULL
real	JL	224	7	15	   -2.00	1	   -1.00	1	3	1770879.00	-15	0	NULL
real	ML	225	7	-15	   -2.00	0	    2.00	0	2	1777464.00	-3	0	NULL
real	CR	226	7	-15	   -1.00	1	   -1.00	1	4	1783050.00	15	7	NULL
real	OR	227	7	-15	   -1.00	1	   -1.00	1	4	1788579.00	15	5	NULL
real	MR	228	7	-15	   -1.00	1	   -1.00	1	4	1793722.00	-3	0	NULL
real	NR	229	7	15	   -1.00	0	    1.00	0	3	1799819.00	-3	0	NULL
real	QL	230	7	-15	   -2.00	0	    2.00	0	2	 1987.99	-15	5	NULL
real	OL	231	7	-15	   -2.00	1	   -1.00	1	3	1813612.00	15	5	NULL
real	EL	232	7	-15	   -2.00	0	    2.00	0	2	 1411.73	-3	7	NULL
real	QR	233	7	-15	   -1.00	1	   -1.00	1	4	 2304.41	-15	5	NULL
real	PL	234	7	15	   -2.00	0	    2.00	0	2	1832636.00	15	5	NULL
real	GL	235	7	15	   -2.00	0	    2.00	0	2	 1097.31	-3	7	NULL
real	AL	236	7	-15	   -2.00	0	    2.00	0	2	 3315.75	-15	7	NULL
real	RL	237	7	15	   -2.00	0	    2.00	0	2	 1128.88	-15	5	NULL
real	DL	238	7	15	   -2.00	0	    2.00	0	2	1858337.00	15	7	NULL
real	DR	239	7	15	   -1.00	0	    1.00	0	3	1864242.00	15	7	NULL
real	IL	240	7	-15	   -2.00	0	    2.00	0	2	1873677.00	-15	0	NULL
real	HR	241	7	15	   -1.00	0	    1.00	0	3	  682.07	-3	5	NULL
real	ER	242	7	-15	   -4.00	0	    1.00	1	3	 1693.05	-3	7	NULL
real	JR	243	7	15	   -1.00	0	    1.00	0	3	1889873.00	-15	0	NULL
real	IR	244	7	-15	    2.00	1	   -2.00	0	2	1894981.00	-15	0	NULL
real	KR	245	7	-15	   -1.00	1	   -1.00	1	4	1900764.00	15	0	NULL
real	PR	246	7	15	   -1.00	1	   -1.00	1	4	1908321.00	15	5	NULL
real	AR	247	7	-15	   -1.00	1	   -1.00	1	4	 1255.68	-15	7	NULL
real	NL	248	7	15	   -2.00	0	    2.00	0	2	1919222.00	-3	0	NULL
real	RR	249	7	15	   -1.00	1	   -1.00	1	4	 1012.85	-15	5	NULL
real	BL	250	7	15	   -2.00	0	    2.00	0	2	 1079.00	-15	7	NULL
real	LR	251	7	15	   -1.00	0	    1.00	0	3	1934757.00	15	0	NULL
real	GR	252	7	15	    2.00	1	   -2.00	0	2	  822.94	-3	7	NULL
real	AL	253	8	-15	    0.00	1	   -1.00	1	3	 1077.14	-15	7	NULL
real	LR	254	8	15	    0.00	0	    1.00	0	3	1951107.00	15	0	NULL
real	DL	255	8	15	    0.00	0	    2.00	0	2	1957254.00	15	7	NULL
real	FL	256	8	-15	    0.00	1	   -1.00	1	3	  862.35	-3	5	NULL
real	RL	257	8	15	    0.00	1	   -1.00	1	3	 1187.41	-15	5	NULL
real	RR	258	8	15	   -2.00	0	    1.00	1	5	 1555.06	-15	5	NULL
real	IR	259	8	-15	    0.00	1	   -2.00	0	2	1983001.00	-15	0	NULL
real	ER	260	8	-15	   -3.00	1	   -1.00	1	4	  869.90	-3	7	NULL
real	ML	261	8	-15	    0.00	1	   -1.00	1	3	1996053.00	-3	0	NULL
real	FR	262	8	-15	   -3.00	1	   -1.00	1	4	  924.46	-3	5	NULL
real	OL	263	8	-15	   -3.00	1	   -1.00	0	3	2007756.00	15	5	NULL
real	MR	264	8	-15	   -2.00	1	   -1.00	0	4	2017731.00	-3	0	NULL
real	CL	265	8	-15	   -3.00	0	    1.00	1	4	2023283.00	15	7	NULL
real	QL	266	8	-15	    0.00	1	   -1.00	1	3	  715.07	-15	5	NULL
real	CR	267	8	-15	   -2.00	1	   -1.00	0	4	2035527.00	15	7	NULL
real	DR	268	8	15	    0.00	0	    1.00	0	3	2042501.00	15	7	NULL
real	JL	269	8	15	   -3.00	0	    1.00	1	4	2047740.00	-15	0	NULL
real	NR	270	8	15	    0.00	0	    1.00	0	3	2054165.00	-3	0	NULL
real	OR	271	8	-15	   -2.00	0	    1.00	1	5	2061161.00	15	5	NULL
real	GR	272	8	15	    0.00	0	    1.00	1	3	  825.85	-3	7	NULL
real	NL	273	8	15	    0.00	0	    2.00	0	2	2073404.00	-3	0	NULL
real	BR	274	8	15	   -2.00	0	    1.00	1	5	  959.18	-15	7	NULL
real	GL	275	8	15	    0.00	0	    2.00	0	2	  719.80	-3	7	NULL
real	HL	276	8	15	    0.00	0	    2.00	0	2	 1089.55	-3	5	NULL
real	PL	277	8	15	    0.00	0	    2.00	0	2	2099841.00	15	5	NULL
real	BL	278	8	15	    0.00	1	   -1.00	1	3	 2988.64	-15	7	NULL
real	KR	279	8	-15	   -2.00	1	   -1.00	0	4	2112077.00	15	0	NULL
real	LL	280	8	15	    0.00	0	    2.00	0	2	2117725.00	15	0	NULL
real	IL	281	8	-15	    0.00	1	   -1.00	1	3	2122668.00	-15	0	NULL
real	KL	282	8	-15	    0.00	1	   -1.00	1	3	2129007.00	15	0	NULL
real	AR	283	8	-15	   -2.00	0	    1.00	1	5	  838.23	-15	7	NULL
real	PR	284	8	15	   -2.00	0	    1.00	1	5	2138746.00	15	5	NULL
real	QR	285	8	-15	   -2.00	0	    1.00	1	5	  843.86	-15	5	NULL
real	JR	286	8	15	    0.00	1	   -1.00	1	4	2149864.00	-15	0	NULL
real	HR	287	8	15	    0.00	0	    1.00	0	3	  694.48	-3	5	NULL
real	EL	288	8	-15	    0.00	1	   -1.00	1	3	  619.31	-3	7	NULL
real	QL	289	9	-15	   -1.00	0	    1.00	1	4	 1529.09	-15	5	NULL
real	CL	290	9	-15	   -2.00	0	    1.00	0	4	2174690.00	15	7	NULL
real	KR	291	9	-15	   -3.00	0	    1.00	1	5	2179698.00	15	0	NULL
real	ER	292	9	-15	   -4.00	0	    1.00	1	5	  545.55	-3	7	NULL
real	DR	293	9	15	    1.00	1	   -1.00	1	4	2190295.00	15	7	NULL
real	JR	294	9	15	   -1.00	0	    1.00	1	5	2195745.00	-15	0	NULL
real	GL	295	9	15	    2.00	1	   -1.00	1	3	  751.32	-3	7	NULL
real	OR	296	9	-15	   -1.00	1	   -1.00	1	6	2209518.00	15	5	NULL
real	RL	297	9	15	   -1.00	0	    1.00	1	4	  788.80	-15	5	NULL
real	FR	298	9	-15	   -4.00	0	    1.00	1	5	  885.71	-3	5	NULL
real	PR	299	9	15	   -1.00	0	    1.00	0	5	2225479.00	15	5	NULL
real	EL	300	9	-15	   -1.00	1	   -1.00	0	3	  830.93	-3	7	NULL
real	CR	301	9	-15	   -3.00	0	    1.00	1	5	2236584.00	15	7	NULL
real	AL	302	9	-15	   -1.00	0	    1.00	1	4	 1045.18	-15	7	NULL
real	NL	303	9	15	    2.00	1	   -1.00	1	3	2246594.00	-3	0	NULL
real	IL	304	9	-15	   -1.00	0	    1.00	1	4	2252700.00	-15	0	NULL
real	RR	305	9	15	   -1.00	1	   -1.00	1	6	 1007.86	-15	5	NULL
real	DL	306	9	15	    2.00	1	   -1.00	1	3	2264996.00	15	7	NULL
real	GR	307	9	15	    1.00	1	   -1.00	1	4	  784.00	-3	7	NULL
real	HL	308	9	15	    2.00	1	   -1.00	1	3	  658.16	-3	5	NULL
real	LL	309	9	15	    2.00	1	   -1.00	1	3	2281077.00	15	0	NULL
real	LR	310	9	15	    1.00	1	   -1.00	1	4	2286441.00	15	0	NULL
real	HR	311	9	15	    1.00	1	   -1.00	1	4	  750.94	-3	5	NULL
real	MR	312	9	-15	   -3.00	0	    1.00	1	5	2298764.00	-3	0	NULL
real	NR	313	9	15	    1.00	1	   -1.00	1	4	2304468.00	-3	0	NULL
real	ML	314	9	-15	   -1.00	1	   -1.00	0	3	2310451.00	-3	0	NULL
real	JL	315	9	15	   -2.00	1	   -1.00	1	5	2315626.00	-15	0	NULL
real	PL	316	9	15	    2.00	1	   -1.00	1	3	2320656.00	15	5	NULL
real	AR	317	9	-15	   -1.00	0	    1.00	0	5	  713.19	-15	7	NULL
real	KL	318	9	-15	   -1.00	1	   -1.00	0	3	2334690.00	15	0	NULL
real	FL	319	9	-15	   -1.00	1	   -1.00	0	3	 1911.73	-3	5	NULL
real	IR	320	9	-15	   -2.00	0	    1.00	1	3	2345173.00	-15	0	NULL
real	QR	321	9	-15	   -1.00	0	    1.00	0	5	 1357.02	-15	5	NULL
real	BL	322	9	15	   -1.00	1	   -1.00	0	3	 1063.50	-15	7	NULL
real	OL	323	9	-15	   -4.00	0	    1.00	1	4	2360102.00	15	5	NULL
real	BR	324	9	15	   -1.00	0	    1.00	0	5	  773.90	-15	7	NULL
real	MR	325	10	-15	   -2.00	1	   -1.00	1	6	2373421.00	-3	0	NULL
real	RL	326	10	15	    0.00	1	   -1.00	1	5	  852.86	-15	5	NULL
real	GR	327	10	15	    0.00	0	    1.00	1	5	 1107.74	-3	7	NULL
real	DR	328	10	15	    0.00	0	    1.00	1	5	2388664.00	15	7	NULL
real	IR	329	10	-15	   -1.00	0	    1.00	0	3	2393790.00	-15	0	NULL
real	ML	330	10	-15	   -2.00	0	    1.00	1	4	2399715.00	-3	0	NULL
real	AL	331	10	-15	    0.00	0	    1.00	0	4	 2473.58	-15	7	NULL
real	HL	332	10	15	    1.00	1	   -1.00	0	3	  897.99	-3	5	NULL
real	JL	333	10	15	   -3.00	0	    1.00	1	6	2416177.00	-15	0	NULL
real	NL	334	10	15	    1.00	1	   -1.00	0	3	2422528.00	-3	0	NULL
real	IL	335	10	-15	    0.00	1	   -1.00	1	5	2428017.00	-15	0	NULL
real	RR	336	10	15	   -2.00	0	    1.00	1	7	  695.97	-15	5	NULL
real	HR	337	10	15	    0.00	0	    1.00	1	5	  659.36	-3	5	NULL
real	OL	338	10	-15	   -3.00	1	   -1.00	1	5	2443857.00	15	5	NULL
real	JR	339	10	15	    0.00	1	   -1.00	1	6	2449513.00	-15	0	NULL
real	FL	340	10	-15	   -2.00	1	   -1.00	0	3	  894.02	-3	5	NULL
real	NR	341	10	15	    0.00	1	   -1.00	0	4	2465130.00	-3	0	NULL
real	LL	342	10	15	    1.00	1	   -1.00	0	3	2469936.00	15	0	NULL
real	GL	343	10	15	    1.00	1	   -1.00	0	3	  778.52	-3	7	NULL
real	EL	344	10	-15	   -2.00	1	   -1.00	0	3	  843.02	-3	7	NULL
real	QL	345	10	-15	    0.00	0	    1.00	0	4	  868.51	-15	5	NULL
real	ER	346	10	-15	   -3.00	0	    1.00	0	5	  767.77	-3	7	NULL
real	BR	347	10	15	    0.00	1	   -1.00	1	6	  793.28	-15	7	NULL
real	FR	348	10	-15	   -3.00	0	    1.00	0	5	 1378.52	-3	5	NULL
real	KR	349	10	-15	   -2.00	0	    1.00	0	5	2509363.00	15	0	NULL
real	LR	350	10	15	    0.00	0	    1.00	1	5	2514818.00	15	0	NULL
real	KL	351	10	-15	   -2.00	0	    1.00	1	4	2522624.00	15	0	NULL
real	CR	352	10	-15	   -2.00	0	    1.00	0	5	2529372.00	15	7	NULL
real	QR	353	10	-15	    0.00	1	   -1.00	1	6	  817.59	-15	5	NULL
real	BL	354	10	15	   -2.00	0	    1.00	1	4	 1015.70	-15	7	NULL
real	DL	355	10	15	    1.00	1	   -1.00	0	3	2546475.00	15	7	NULL
real	CL	356	10	-15	   -1.00	1	   -1.00	1	5	2555293.00	15	7	NULL
real	PL	357	10	15	    1.00	0	    1.00	1	4	2562314.00	15	5	NULL
real	AR	358	10	-15	    0.00	0	    1.00	0	5	 2003.79	-15	7	NULL
real	PR	359	10	15	    0.00	0	    1.00	0	5	2574153.00	15	5	NULL
real	OR	360	10	-15	   -2.00	1	   -1.00	0	6	2583378.00	15	5	NULL
real	RR	361	11	15	   -1.00	0	    1.00	0	7	  942.45	-15	5	NULL
real	DR	362	11	15	    1.00	0	    1.00	0	5	2595647.00	15	7	NULL
real	OL	363	11	-15	   -4.00	0	    1.00	1	6	2601941.00	15	5	NULL
real	RL	364	11	15	   -1.00	0	    1.00	1	6	  836.79	-15	5	NULL
real	NL	365	11	15	    0.00	0	    1.00	1	4	2616885.00	-3	0	NULL
real	BR	366	11	15	   -1.00	1	   -1.00	0	6	  956.40	-15	7	NULL
real	GL	367	11	15	    0.00	0	    1.00	1	4	  797.57	-3	7	NULL
real	IL	368	11	-15	   -1.00	1	   -1.00	0	5	2635823.00	-15	0	NULL
real	QL	369	11	-15	    1.00	1	   -1.00	1	5	  975.54	-15	5	NULL
real	FL	370	11	-15	   -3.00	0	    1.00	1	4	  830.47	-3	5	NULL
real	DL	371	11	15	    0.00	0	    1.00	1	4	2653663.00	15	7	NULL
real	CL	372	11	-15	   -2.00	1	   -1.00	0	5	2662996.00	15	7	NULL
real	KR	373	11	-15	   -1.00	1	   -1.00	1	6	2671041.00	15	0	NULL
real	LL	374	11	15	    0.00	0	    1.00	1	4	2676288.00	15	0	NULL
real	GR	375	11	15	    1.00	1	   -1.00	1	6	  761.28	-3	7	NULL
real	OR	376	11	-15	   -3.00	0	    1.00	1	7	2685840.00	15	5	NULL
real	HL	377	11	15	    0.00	0	    1.00	1	4	  852.63	-3	5	NULL
real	FR	378	11	-15	   -2.00	1	   -1.00	1	6	  732.36	-3	5	NULL
real	ER	379	11	-15	   -2.00	0	    1.00	0	5	 2118.40	-3	7	NULL
real	ML	380	11	-15	   -1.00	0	    1.00	0	4	2710911.00	-3	0	NULL
real	QR	381	11	-15	   -1.00	0	    1.00	1	7	 1396.23	-15	5	NULL
real	AL	382	11	-15	    1.00	1	   -1.00	1	5	  741.18	-15	7	NULL
real	HR	383	11	15	    1.00	0	    1.00	0	5	  832.96	-3	5	NULL
real	JR	384	11	15	   -1.00	0	    1.00	1	7	2731778.00	-15	0	NULL
real	AR	385	11	-15	    1.00	1	   -1.00	1	6	 1026.99	-15	7	NULL
real	EL	386	11	-15	   -3.00	0	    1.00	1	4	  728.94	-3	7	NULL
real	PL	387	11	15	    2.00	1	   -1.00	1	5	2747349.00	15	5	NULL
real	PR	388	11	15	    1.00	0	    1.00	0	5	2752378.00	15	5	NULL
real	KL	389	11	-15	   -1.00	1	   -1.00	1	5	2757245.00	15	0	NULL
real	CR	390	11	-15	   -1.00	1	   -1.00	1	6	2762936.00	15	7	NULL
real	IR	391	11	-15	    0.00	0	    1.00	0	3	2767573.00	-15	0	NULL
real	LR	392	11	15	    1.00	1	   -1.00	1	6	2778112.00	15	0	NULL
real	MR	393	11	-15	   -3.00	0	    1.00	1	7	2782799.00	-3	0	NULL
real	JL	394	11	15	   -2.00	0	    1.00	0	6	2787169.00	-15	0	NULL
real	NR	395	11	15	   -1.00	0	    1.00	1	5	2791192.00	-3	0	NULL
real	BL	396	11	15	   -1.00	0	    1.00	0	4	  750.17	-15	7	NULL
real	CL	397	12	-15	   -3.00	0	    1.00	1	6	2799868.00	15	7	NULL
real	LL	398	12	15	    1.00	0	    1.00	0	4	2805349.00	15	0	NULL
real	IL	399	12	-15	   -2.00	0	    1.00	1	6	2809705.00	-15	0	NULL
real	FR	400	12	-15	   -3.00	0	    1.00	1	7	  794.74	-3	5	NULL
real	PL	401	12	15	    1.00	1	   -1.00	0	5	2884560.00	15	5	NULL
real	JL	402	12	15	   -1.00	0	    1.00	0	6	2888715.00	-15	0	NULL
real	JR	403	12	15	    0.00	0	    1.00	0	7	2892587.00	-15	0	NULL
real	AL	404	12	-15	    0.00	1	   -1.00	0	5	  825.31	-15	7	NULL
real	DR	405	12	15	    2.00	1	   -1.00	1	6	2903877.00	15	7	NULL
real	NR	406	12	15	    0.00	0	    1.00	0	5	2908921.00	-3	0	NULL
real	RL	407	12	15	    0.00	1	   -1.00	1	7	  929.20	-15	5	NULL
real	QL	408	12	-15	    0.00	1	   -1.00	0	5	  889.03	-15	5	NULL
real	RR	409	12	15	    0.00	1	   -1.00	1	8	  736.55	-15	5	NULL
real	PR	410	12	15	    2.00	1	   -1.00	1	6	2929443.00	15	5	NULL
real	ML	411	12	-15	    0.00	1	   -1.00	1	5	2934053.00	-3	0	NULL
real	QR	412	12	-15	    0.00	1	   -1.00	1	8	 1675.18	-15	5	NULL
real	NL	413	12	15	    1.00	1	   -1.00	1	5	2944871.00	-3	0	NULL
real	HL	414	12	15	    1.00	0	    1.00	0	4	 1059.50	-3	5	NULL
real	KL	415	12	-15	   -2.00	0	    1.00	1	6	2958599.00	15	0	NULL
real	KR	416	12	-15	   -2.00	0	    1.00	1	7	2963799.00	15	0	NULL
real	IR	417	12	-15	    1.00	0	    1.00	0	3	2969737.00	-15	0	NULL
real	AR	418	12	-15	    0.00	0	    1.00	1	7	  779.32	-15	7	NULL
real	BL	419	12	15	    0.00	0	    1.00	0	4	  677.04	-15	7	NULL
real	FL	420	12	-15	   -2.00	0	    1.00	0	4	  602.59	-3	5	NULL
real	BR	421	12	15	   -2.00	0	    1.00	1	7	  742.33	-15	7	NULL
real	HR	422	12	15	    2.00	1	   -1.00	1	6	  908.34	-3	5	NULL
real	GR	423	12	15	    0.00	0	    1.00	1	7	  698.59	-3	7	NULL
real	MR	424	12	-15	   -2.00	0	    1.00	0	7	3000690.00	-3	0	NULL
real	ER	425	12	-15	   -1.00	0	    1.00	0	5	  741.18	-3	7	NULL
real	GL	426	12	15	    1.00	0	    1.00	0	4	  600.23	-3	7	NULL
real	CR	427	12	-15	   -2.00	0	    1.00	1	7	3014937.00	15	7	NULL
real	DL	428	12	15	    1.00	0	    1.00	0	4	3020123.00	15	7	NULL
real	LR	429	12	15	    0.00	0	    1.00	1	7	3027394.00	15	0	NULL
real	OL	430	12	-15	   -3.00	0	    1.00	0	6	3032345.00	15	5	NULL
real	EL	431	12	-15	   -2.00	0	    1.00	0	4	  761.71	-3	7	NULL
real	OR	432	12	-15	   -2.00	0	    1.00	0	7	3041392.00	15	5	NULL
real	ML	433	13	-15	   -1.00	0	    1.00	1	6	3046388.00	-3	0	NULL
real	DL	434	13	15	    2.00	1	   -1.00	1	5	3053263.00	15	7	NULL
real	PL	435	13	15	    0.00	0	    1.00	1	6	3057959.00	15	5	NULL
real	QL	436	13	-15	   -1.00	0	    1.00	1	6	  919.69	-15	5	NULL
real	RR	437	13	15	   -1.00	0	    1.00	1	9	  788.09	-15	5	NULL
real	NR	438	13	15	    1.00	0	    1.00	0	5	3070720.00	-3	0	NULL
real	FR	439	13	-15	   -2.00	0	    1.00	0	7	  702.49	-3	5	NULL
real	IL	440	13	-15	   -1.00	0	    1.00	0	6	3079452.00	-15	0	NULL
real	PR	441	13	15	    1.00	0	    1.00	1	7	3084528.00	15	5	NULL
real	HL	442	13	15	    2.00	0	    1.00	0	4	  928.71	-3	5	NULL
real	MR	443	13	-15	   -1.00	1	   -1.00	1	8	3099919.00	-3	0	NULL
real	GL	444	13	15	    2.00	1	   -1.00	1	5	 1173.31	-3	7	NULL
real	LL	445	13	15	    2.00	1	   -1.00	1	5	3111664.00	15	0	NULL
real	QR	446	13	-15	   -1.00	0	    1.00	1	9	  606.13	-15	5	NULL
real	CR	447	13	-15	   -1.00	1	   -1.00	1	8	3123359.00	15	7	NULL
real	BL	448	13	15	    1.00	1	   -1.00	1	5	  850.31	-15	7	NULL
real	OL	449	13	-15	   -2.00	0	    1.00	0	6	3133076.00	15	5	NULL
real	ER	450	13	-15	    0.00	1	   -1.00	1	6	  842.44	-3	7	NULL
real	IR	451	13	-15	    2.00	1	   -1.00	1	4	3142135.00	-15	0	NULL
real	KR	452	13	-15	   -1.00	0	    1.00	0	7	3147458.00	15	0	NULL
real	AR	453	13	-15	    1.00	1	   -1.00	1	8	  875.56	-15	7	NULL
real	LR	454	13	15	    1.00	0	    1.00	0	7	3160428.00	15	0	NULL
real	DR	455	13	15	    1.00	0	    1.00	1	7	3165256.00	15	7	NULL
real	AL	456	13	-15	   -1.00	0	    1.00	1	6	  612.79	-15	7	NULL
real	BR	457	13	15	   -1.00	0	    1.00	0	7	  623.37	-15	7	NULL
real	JL	458	13	15	    0.00	1	   -1.00	1	7	3185855.00	-15	0	NULL
real	CL	459	13	-15	   -2.00	0	    1.00	0	6	3190760.00	15	7	NULL
real	EL	460	13	-15	   -1.00	1	   -1.00	1	5	  610.33	-3	7	NULL
real	KL	461	13	-15	   -1.00	1	   -1.00	1	7	3200484.00	15	0	NULL
real	FL	462	13	-15	   -1.00	1	   -1.00	1	5	 1913.35	-3	5	NULL
real	NL	463	13	15	    0.00	0	    1.00	1	6	3215770.00	-3	0	NULL
real	OR	464	13	-15	   -1.00	1	   -1.00	1	8	3220674.00	15	5	NULL
real	GR	465	13	15	    1.00	0	    1.00	0	7	  784.47	-3	7	NULL
real	JR	466	13	15	    1.00	1	   -1.00	1	8	3229479.00	-15	0	NULL
real	HR	467	13	15	    1.00	1	   -1.00	0	6	  807.86	-3	5	NULL
real	RL	468	13	15	   -1.00	1	   -1.00	0	7	  913.17	-15	5	NULL
real	KL	469	14	-15	   -2.00	0	    1.00	1	8	3245068.00	15	0	NULL
real	FL	470	14	-15	   -2.00	0	    1.00	1	6	  793.13	-3	5	NULL
real	IL	471	14	-15	    0.00	1	   -1.00	1	7	3255998.00	-15	0	NULL
real	DR	472	14	15	    2.00	0	    1.00	0	7	3261124.00	15	7	NULL
real	IR	473	14	-15	    1.00	1	   -1.00	0	4	3265890.00	-15	0	NULL
real	BR	474	14	15	    0.00	0	    1.00	0	7	  831.15	-15	7	NULL
real	DL	475	14	15	    1.00	0	    1.00	1	6	3275842.00	15	7	NULL
real	CL	476	14	-15	   -1.00	1	   -1.00	1	7	3281110.00	15	7	NULL
real	RR	477	14	15	    0.00	0	    1.00	0	9	  649.14	-15	5	NULL
real	QL	478	14	-15	    0.00	1	   -1.00	1	7	  813.62	-15	5	NULL
real	KR	479	14	-15	    0.00	1	   -1.00	1	8	3295521.00	15	0	NULL
real	JL	480	14	15	   -1.00	0	    1.00	1	8	3300422.00	-15	0	NULL
real	EL	481	14	-15	   -2.00	1	   -1.00	0	5	  986.01	-3	7	NULL
real	HL	482	14	15	    3.00	1	   -1.00	1	5	  721.50	-3	5	NULL
real	MR	483	14	-15	   -2.00	0	    1.00	1	9	3318457.00	-3	0	NULL
real	JR	484	14	15	    0.00	1	   -1.00	0	8	3324137.00	-15	0	NULL
real	OR	485	14	-15	   -2.00	0	    1.00	1	9	3329711.00	15	5	NULL
real	PL	486	14	15	    1.00	0	    1.00	0	6	3334413.00	15	5	NULL
real	BL	487	14	15	    0.00	0	    1.00	1	6	  785.27	-15	7	NULL
real	PR	488	14	15	    2.00	0	    1.00	0	7	3347075.00	15	5	NULL
real	LR	489	14	15	    2.00	1	   -1.00	1	8	3353109.00	15	0	NULL
real	AL	490	14	-15	    0.00	0	    1.00	0	6	 1253.85	-15	7	NULL
real	HR	491	14	15	    0.00	0	    1.00	1	7	  705.60	-3	5	NULL
real	ML	492	14	-15	    0.00	1	   -1.00	1	7	3368600.00	-3	0	NULL
real	AR	493	14	-15	    0.00	0	    1.00	1	9	  928.11	-15	7	NULL
real	QR	494	14	-15	    0.00	0	    1.00	0	9	  934.19	-15	5	NULL
real	LL	495	14	15	    1.00	0	    1.00	1	6	3382456.00	15	0	NULL
real	GR	496	14	15	    2.00	1	   -1.00	1	8	  685.62	-3	7	NULL
real	NR	497	14	15	    2.00	1	   -1.00	1	6	3398896.00	-3	0	NULL
real	RL	498	14	15	   -2.00	0	    1.00	1	8	  716.50	-15	5	NULL
real	GL	499	14	15	    1.00	1	   -1.00	0	5	  772.35	-3	7	NULL
real	FR	500	14	-15	   -1.00	1	   -1.00	1	8	  579.35	-3	5	NULL
real	NL	501	14	15	    1.00	1	   -1.00	1	7	3417697.00	-3	0	NULL
real	CR	502	14	-15	   -2.00	1	   -1.00	0	8	3422770.00	15	7	NULL
real	OL	503	14	-15	   -1.00	1	   -1.00	1	7	3427348.00	15	5	NULL
real	ER	504	14	-15	   -1.00	1	   -1.00	0	6	  792.69	-3	7	NULL
real	CL	505	15	-15	   -2.00	1	   -1.00	0	7	3437905.00	15	7	NULL
real	PL	506	15	15	    2.00	1	   -1.00	1	7	3442802.00	15	5	NULL
real	PR	507	15	15	    3.00	1	   -1.00	1	8	3448271.00	15	5	NULL
real	KR	508	15	-15	   -1.00	1	   -1.00	0	8	3454238.00	15	0	NULL
real	AL	509	15	-15	    1.00	1	   -1.00	1	7	 1149.24	-15	7	NULL
real	FR	510	15	-15	   -2.00	0	    1.00	1	9	  903.50	-3	5	NULL
real	GL	511	15	15	    0.00	0	    1.00	1	6	  667.06	-3	7	NULL
real	QL	512	15	-15	   -1.00	0	    1.00	1	8	  884.18	-15	5	NULL
real	JR	513	15	15	   -1.00	0	    1.00	1	9	3485304.00	-15	0	NULL
real	OR	514	15	-15	   -1.00	1	   -1.00	1	10	3490856.00	15	5	NULL
real	LR	515	15	15	    1.00	1	   -1.00	0	8	3496858.00	15	0	NULL
real	RR	516	15	15	    1.00	1	   -1.00	1	10	 1080.85	-15	5	NULL
real	CR	517	15	-15	   -3.00	0	    1.00	1	9	3505685.00	15	7	NULL
real	GR	518	15	15	    1.00	0	    1.00	1	9	 1657.98	-3	7	NULL
real	HR	519	15	15	    1.00	0	    1.00	0	7	  845.91	-3	5	NULL
real	QR	520	15	-15	    1.00	1	   -1.00	1	10	  675.23	-15	5	NULL
real	AR	521	15	-15	    1.00	0	    1.00	0	9	  814.91	-15	7	NULL
real	JL	522	15	15	    0.00	1	   -1.00	1	9	3531146.00	-15	0	NULL
real	MR	523	15	-15	   -1.00	1	   -1.00	1	10	3535730.00	-3	0	NULL
real	DR	524	15	15	    3.00	1	   -1.00	1	8	3539920.00	15	7	NULL
real	OL	525	15	-15	   -2.00	0	    1.00	1	8	3545054.00	15	5	NULL
real	ML	526	15	-15	   -1.00	1	   -1.00	0	7	3549754.00	-3	0	NULL
real	DL	527	15	15	    2.00	0	    1.00	0	6	3555158.00	15	7	NULL
real	BL	528	15	15	    1.00	1	   -1.00	1	7	  878.52	-15	7	NULL
real	NR	529	15	15	    1.00	0	    1.00	1	7	3568288.00	-3	0	NULL
real	HL	530	15	15	    2.00	1	   -1.00	0	5	  759.25	-3	5	NULL
real	NL	531	15	15	    0.00	0	    1.00	1	8	3578275.00	-3	0	NULL
real	RL	532	15	15	   -1.00	0	    1.00	0	8	  671.30	-15	5	NULL
real	BR	533	15	15	    1.00	1	   -1.00	1	8	  731.00	-15	7	NULL
real	FL	534	15	-15	   -1.00	0	    1.00	0	6	  926.21	-3	5	NULL
real	EL	535	15	-15	   -3.00	0	    1.00	1	6	  648.69	-3	7	NULL
real	LL	536	15	15	    2.00	1	   -1.00	1	7	3606451.00	15	0	NULL
real	IR	537	15	-15	    0.00	1	   -1.00	0	4	3611667.00	-15	0	NULL
real	ER	538	15	-15	   -2.00	0	    1.00	1	7	  978.82	-3	7	NULL
real	KL	539	15	-15	   -1.00	0	    1.00	0	8	3622186.00	15	0	NULL
real	IL	540	15	-15	   -1.00	0	    1.00	1	8	3626944.00	-15	0	NULL
real	HL	541	16	15	    1.00	0	    1.00	1	6	  772.41	-3	5	NULL
real	ER	542	16	-15	   -1.00	0	    1.00	0	7	  999.72	-3	7	NULL
real	AL	543	16	-15	    0.00	0	    1.00	1	8	  987.62	-15	7	NULL
real	NR	544	16	15	    2.00	0	    1.00	0	7	3648414.00	-3	0	NULL
real	LL	545	16	15	    1.00	0	    1.00	1	8	3653263.00	15	0	NULL
real	KR	546	16	-15	   -2.00	0	    1.00	1	9	3660333.00	15	0	NULL
real	HR	547	16	15	    2.00	1	   -1.00	1	8	  829.67	-3	5	NULL
real	RR	548	16	15	    0.00	1	   -1.00	0	10	 1114.38	-15	5	NULL
real	LR	549	16	15	    0.00	0	    1.00	1	9	3677268.00	15	0	NULL
real	BL	550	16	15	    0.00	0	    1.00	1	8	  637.87	-15	7	NULL
real	GR	551	16	15	    2.00	0	    1.00	0	9	  616.17	-3	7	NULL
real	RL	552	16	15	    0.00	0	    1.00	0	8	  765.54	-15	5	NULL
real	FL	553	16	-15	    0.00	1	   -1.00	1	7	 1140.11	-3	5	NULL
real	FR	554	16	-15	   -1.00	1	   -1.00	1	10	  783.00	-3	5	NULL
real	OL	555	16	-15	   -1.00	1	   -1.00	1	9	3712727.00	15	5	NULL
real	AR	556	16	-15	    2.00	1	   -1.00	1	10	  729.56	-15	7	NULL
real	EL	557	16	-15	   -2.00	0	    1.00	0	6	  716.60	-3	7	NULL
real	QR	558	16	-15	    0.00	1	   -1.00	0	10	 1364.89	-15	5	NULL
real	MR	559	16	-15	   -2.00	0	    1.00	1	11	3737629.00	-3	0	NULL
real	IL	560	16	-15	    0.00	0	    1.00	0	8	3747817.00	-15	0	NULL
real	IR	561	16	-15	   -1.00	0	    1.00	1	5	3754443.00	-15	0	NULL
real	GL	562	16	15	    1.00	1	   -1.00	1	7	  677.68	-3	7	NULL
real	QL	563	16	-15	    0.00	1	   -1.00	1	9	  743.90	-15	5	NULL
real	OR	564	16	-15	   -2.00	0	    1.00	1	11	3779500.00	15	5	NULL
real	PR	565	16	15	    2.00	1	   -1.00	0	8	3785263.00	15	5	NULL
real	PL	566	16	15	    1.00	0	    1.00	1	8	3790516.00	15	5	NULL
real	DL	567	16	15	    3.00	1	   -1.00	1	7	3795441.00	15	7	NULL
real	CR	568	16	-15	   -2.00	0	    1.00	0	9	3800572.00	15	7	NULL
real	DR	569	16	15	    2.00	0	    1.00	1	9	3805899.00	15	7	NULL
real	BR	570	16	15	    0.00	1	   -1.00	0	8	  753.53	-15	7	NULL
real	ML	571	16	-15	   -2.00	1	   -1.00	0	7	3815939.00	-3	0	NULL
real	JL	572	16	15	   -1.00	0	    1.00	1	10	3820888.00	-15	0	NULL
real	KL	573	16	-15	    0.00	1	   -1.00	1	9	3825539.00	15	0	NULL
real	NL	574	16	15	    1.00	0	    1.00	0	8	3829916.00	-3	0	NULL
real	CL	575	16	-15	   -3.00	0	    1.00	1	8	3836944.00	15	7	NULL
real	JR	576	16	15	    0.00	0	    1.00	0	9	3841390.00	-15	0	NULL
real	MR	577	17	-15	   -1.00	0	    1.00	0	11	3848552.00	-3	0	NULL
real	LL	578	17	15	    2.00	0	    1.00	0	8	3853564.00	15	0	NULL
real	AL	579	17	-15	    1.00	1	   -1.00	1	9	  983.60	-15	7	NULL
real	JL	580	17	15	    0.00	0	    1.00	0	10	3862874.00	-15	0	NULL
real	AR	581	17	-15	    1.00	1	   -1.00	0	10	  681.25	-15	7	NULL
real	QR	582	17	-15	   -1.00	0	    1.00	1	11	  900.79	-15	5	NULL
real	DR	583	17	15	    3.00	1	   -1.00	1	10	3876922.00	15	7	NULL
real	KL	584	17	-15	   -1.00	0	    1.00	1	10	3881876.00	15	0	NULL
real	ML	585	17	-15	   -3.00	1	   -1.00	0	7	3886887.00	-3	0	NULL
real	ER	586	17	-15	    0.00	1	   -1.00	1	8	  542.01	-3	7	NULL
real	BL	587	17	15	    1.00	1	   -1.00	1	9	  590.30	-15	7	NULL
real	PL	588	17	15	    2.00	1	   -1.00	1	9	3901378.00	15	5	NULL
real	OR	589	17	-15	   -1.00	0	    1.00	0	11	3908134.00	15	5	NULL
real	CR	590	17	-15	   -1.00	1	   -1.00	1	10	3915135.00	15	7	NULL
real	CL	591	17	-15	   -2.00	0	    1.00	0	8	3920953.00	15	7	NULL
real	LR	592	17	15	    1.00	0	    1.00	0	9	3929329.00	15	0	NULL
real	NR	593	17	15	    3.00	1	   -1.00	1	8	3934415.00	-3	0	NULL
real	HL	594	17	15	    2.00	1	   -1.00	1	7	  688.78	-3	5	NULL
real	EL	595	17	-15	   -1.00	1	   -1.00	1	7	  654.55	-3	7	NULL
real	KR	596	17	-15	   -1.00	1	   -1.00	1	10	3956776.00	15	0	NULL
real	RL	597	17	15	    1.00	1	   -1.00	1	9	  771.38	-15	5	NULL
real	HR	598	17	15	    1.00	0	    1.00	1	9	 1071.25	-3	5	NULL
real	GL	599	17	15	    0.00	0	    1.00	1	8	  665.93	-3	7	NULL
real	GR	600	17	15	    3.00	1	   -1.00	1	10	  604.71	-3	7	NULL
real	DL	601	17	15	    2.00	1	   -1.00	0	7	3986334.00	15	7	NULL
real	PR	602	17	15	    1.00	0	    1.00	1	9	3992705.00	15	5	NULL
real	IR	603	17	-15	    0.00	0	    1.00	0	5	3999241.00	-15	0	NULL
real	FL	604	17	-15	   -1.00	0	    1.00	1	8	  637.93	-3	5	NULL
real	FR	605	17	-15	   -2.00	0	    1.00	1	11	  666.60	-3	5	NULL
real	NL	606	17	15	    2.00	1	   -1.00	1	9	4021226.00	-3	0	NULL
real	BR	607	17	15	   -1.00	0	    1.00	1	9	  644.67	-15	7	NULL
real	IL	608	17	-15	    1.00	1	   -1.00	1	9	4030013.00	-15	0	NULL
real	OL	609	17	-15	   -2.00	0	    1.00	1	10	4036799.00	15	5	NULL
real	JR	610	17	15	    1.00	1	   -1.00	1	10	4041698.00	-15	0	NULL
real	QL	611	17	-15	   -1.00	0	    1.00	1	10	  852.00	-15	5	NULL
real	RR	612	17	15	   -1.00	0	    1.00	1	11	  673.34	-15	5	NULL
real	OR	613	18	-15	    0.00	1	   -1.00	1	12	4054918.00	15	5	NULL
real	DL	614	18	15	    1.00	0	    1.00	1	8	4062462.00	15	7	NULL
real	KR	615	18	-15	   -2.00	0	    1.00	1	11	4068863.00	15	0	NULL
real	GL	616	18	15	    1.00	1	   -1.00	1	9	 1044.77	-3	7	NULL
real	IL	617	18	-15	    0.00	1	   -1.00	0	9	4082860.00	-15	0	NULL
real	NL	618	18	15	    1.00	0	    1.00	1	10	4088049.00	-3	0	NULL
real	FL	619	18	-15	    0.00	1	   -1.00	1	9	  712.61	-3	5	NULL
real	QR	620	18	-15	    0.00	0	    1.00	0	11	  636.75	-15	5	NULL
real	OL	621	18	-15	   -1.00	0	    1.00	0	10	4104298.00	15	5	NULL
real	JR	622	18	15	    0.00	0	    1.00	1	11	4112156.00	-15	0	NULL
real	BL	623	18	15	    0.00	1	   -1.00	0	9	  676.38	-15	7	NULL
real	LL	624	18	15	    3.00	1	   -1.00	1	9	4124675.00	15	0	NULL
real	KL	625	18	-15	    0.00	1	   -1.00	1	11	4129515.00	15	0	NULL
real	BR	626	18	15	    0.00	0	    1.00	0	9	  549.54	-15	7	NULL
real	NR	627	18	15	    2.00	1	   -1.00	0	8	4142760.00	-3	0	NULL
real	LR	628	18	15	    2.00	0	    1.00	0	9	4147964.00	15	0	NULL
real	AL	629	18	-15	    0.00	1	   -1.00	0	9	  890.34	-15	7	NULL
real	PL	630	18	15	    1.00	0	    1.00	1	10	4157531.00	15	5	NULL
real	GR	631	18	15	    2.00	1	   -1.00	0	10	  668.24	-3	7	NULL
real	QL	632	18	-15	    0.00	1	   -1.00	1	11	 1071.94	-15	5	NULL
real	ML	633	18	-15	   -4.00	0	    1.00	1	8	4171161.00	-3	0	NULL
real	IR	634	18	-15	    1.00	1	   -1.00	1	6	4176086.00	-15	0	NULL
real	EL	635	18	-15	   -2.00	0	    1.00	1	8	  458.13	-3	7	NULL
real	FR	636	18	-15	   -1.00	0	    1.00	0	11	  791.73	-3	5	NULL
real	HL	637	18	15	    1.00	0	    1.00	1	8	  853.09	-3	5	NULL
real	CR	638	18	-15	   -2.00	0	    1.00	1	11	4201051.00	15	7	NULL
real	ER	639	18	-15	   -1.00	0	    1.00	1	9	 1328.45	-3	7	NULL
real	DR	640	18	15	    2.00	0	    1.00	1	11	4211582.00	15	7	NULL
real	RL	641	18	15	    0.00	1	   -1.00	0	9	  885.98	-15	5	NULL
real	MR	642	18	-15	    0.00	1	   -1.00	1	12	4221766.00	-3	0	NULL
real	PR	643	18	15	    2.00	1	   -1.00	1	10	4227208.00	15	5	NULL
real	HR	644	18	15	    2.00	0	    1.00	0	9	  597.59	-3	5	NULL
real	CL	645	18	-15	   -1.00	0	    1.00	0	8	4239651.00	15	7	NULL
real	RR	646	18	15	    0.00	1	   -1.00	1	12	 1425.22	-15	5	NULL
real	JL	647	18	15	    1.00	1	   -1.00	1	11	4249842.00	-15	0	NULL
real	AR	648	18	-15	    0.00	0	    1.00	1	11	  604.65	-15	7	NULL
real	AR	649	19	-15	    1.00	1	   -1.00	1	12	  701.63	-15	7	NULL
real	HL	650	19	15	    2.00	1	   -1.00	1	9	  593.56	-3	5	NULL
real	ER	651	19	-15	    0.00	1	   -1.00	1	10	  606.46	-3	7	NULL
real	GL	652	19	15	    0.00	0	    1.00	1	10	  584.29	-3	7	NULL
real	KR	653	19	-15	   -1.00	1	   -1.00	1	12	4281479.00	15	0	NULL
real	JR	654	19	15	    1.00	1	   -1.00	1	12	4288452.00	-15	0	NULL
real	JL	655	19	15	    0.00	0	    1.00	1	12	4292891.00	-15	0	NULL
real	EL	656	19	-15	   -1.00	1	   -1.00	1	9	  791.28	-3	7	NULL
real	OL	657	19	-15	    0.00	1	   -1.00	1	11	4303275.00	15	5	NULL
real	BR	658	19	15	    1.00	1	   -1.00	1	10	  615.53	-15	7	NULL
real	DR	659	19	15	    3.00	1	   -1.00	1	12	4317879.00	15	7	NULL
real	LR	660	19	15	    3.00	1	   -1.00	1	10	4322575.00	15	0	NULL
real	IL	661	19	-15	   -1.00	0	    1.00	1	10	4332020.00	-15	0	NULL
real	HR	662	19	15	    3.00	1	   -1.00	1	10	  701.73	-3	5	NULL
real	PR	663	19	15	    1.00	0	    1.00	1	11	4345237.00	15	5	NULL
real	FR	664	19	-15	    0.00	1	   -1.00	1	12	  774.13	-3	5	NULL
real	PL	665	19	15	    2.00	1	   -1.00	1	11	4357166.00	15	5	NULL
real	ML	666	19	-15	   -3.00	0	    1.00	0	8	4361619.00	-3	0	NULL
real	AL	667	19	-15	   -1.00	0	    1.00	1	10	 1095.80	-15	7	NULL
real	QL	668	19	-15	   -1.00	0	    1.00	1	12	  776.48	-15	5	NULL
real	CR	669	19	-15	   -1.00	0	    1.00	0	11	4377105.00	15	7	NULL
real	BL	670	19	15	   -1.00	0	    1.00	1	10	  638.03	-15	7	NULL
real	QR	671	19	-15	    1.00	0	    1.00	0	11	 1053.08	-15	5	NULL
real	KL	672	19	-15	   -1.00	0	    1.00	1	12	4394652.00	15	0	NULL
real	LL	673	19	15	    2.00	0	    1.00	1	10	4400026.00	15	0	NULL
real	DL	674	19	15	    2.00	0	    1.00	0	8	4405151.00	15	7	NULL
real	RL	675	19	15	   -1.00	0	    1.00	1	10	 1008.73	-15	5	NULL
real	NR	676	19	15	    1.00	0	    1.00	1	9	4421301.00	-3	0	NULL
real	FL	677	19	-15	   -1.00	1	   -1.00	0	9	  827.55	-3	5	NULL
real	CL	678	19	-15	    0.00	1	   -1.00	1	9	4434200.00	15	7	NULL
real	NL	679	19	15	    2.00	0	    1.00	0	10	4440797.00	-3	0	NULL
real	GR	680	19	15	    1.00	0	    1.00	1	11	  597.68	-3	7	NULL
real	IR	681	19	-15	    0.00	0	    1.00	1	7	4450273.00	-15	0	NULL
real	LL	682	20	15	    3.00	1	   -1.00	1	11	4456001.00	15	0	NULL
real	GL	683	20	15	    1.00	0	    1.00	0	10	  621.46	-3	7	NULL
real	CL	684	20	-15	   -1.00	0	    1.00	1	10	4467803.00	15	7	NULL
real	CR	685	20	-15	    0.00	0	    1.00	0	11	4475100.00	15	7	NULL
real	LR	686	20	15	    2.00	0	    1.00	1	11	4480472.00	15	0	NULL
real	EL	687	20	-15	   -2.00	0	    1.00	1	10	  607.10	-3	7	NULL
real	PL	688	20	15	    1.00	0	    1.00	1	12	4491947.00	15	5	NULL
real	DL	689	20	15	    3.00	1	   -1.00	1	9	4498418.00	15	7	NULL
real	FL	690	20	-15	   -2.00	0	    1.00	1	10	  671.89	-3	5	NULL
real	GR	691	20	15	    2.00	1	   -1.00	1	12	 2210.51	-3	7	NULL
real	ER	692	20	-15	   -1.00	0	    1.00	1	11	 1609.53	-3	7	NULL
real	BL	693	20	15	    0.00	0	    1.00	0	10	 1008.91	-15	7	NULL
real	ML	694	20	-15	   -2.00	0	    1.00	0	8	4525824.00	-3	0	NULL
real	OL	695	20	-15	   -1.00	0	    1.00	1	12	4531504.00	15	5	NULL
real	RL	696	20	15	    0.00	0	    1.00	0	10	  601.90	-15	5	NULL
real	NL	697	20	15	    3.00	1	   -1.00	1	11	4542380.00	-3	0	NULL
real	HL	698	20	15	    1.00	0	    1.00	1	10	  603.90	-3	5	NULL
real	QR	699	20	-15	    2.00	1	   -1.00	1	12	  529.75	-15	5	NULL
real	IR	700	20	-15	    1.00	0	    1.00	0	7	4562315.00	-15	0	NULL
real	BR	701	20	15	    0.00	1	   -1.00	0	10	  679.02	-15	7	NULL
real	IL	702	20	-15	    0.00	0	    1.00	0	10	4571989.00	-15	0	NULL
real	NR	703	20	15	    2.00	0	    1.00	0	9	4577014.00	-3	0	NULL
real	PR	704	20	15	    2.00	1	   -1.00	1	12	4581571.00	15	5	NULL
real	AL	705	20	-15	    0.00	0	    1.00	0	10	 1107.07	-15	7	NULL
real	HR	706	20	15	    2.00	0	    1.00	1	11	  695.46	-3	5	NULL
real	AL	707	21	-15	    1.00	1	   -1.00	1	11	  690.09	-15	7	NULL
real	BL	708	21	15	    1.00	0	    1.00	0	10	  644.53	-15	7	NULL
real	CR	709	21	-15	    1.00	1	   -1.00	1	12	4606873.00	15	7	NULL
real	RL	710	21	15	    1.00	1	   -1.00	1	11	 1017.33	-15	5	NULL
real	HR	711	21	15	    3.00	1	   -1.00	1	12	  550.97	-3	5	NULL
real	LL	712	21	15	    2.00	1	   -1.00	0	11	4626605.00	15	0	NULL
real	ML	713	21	-15	   -1.00	1	   -1.00	1	9	4631459.00	-3	0	NULL
real	ER	714	21	-15	    0.00	1	   -1.00	1	12	  647.62	-3	7	NULL
real	HL	715	21	15	    2.00	1	   -1.00	1	11	  850.14	-3	5	NULL
real	FL	716	21	-15	   -1.00	0	    1.00	0	10	  779.30	-3	5	NULL
real	GL	717	21	15	    2.00	1	   -1.00	1	11	  776.53	-3	7	NULL
real	NR	718	21	15	    3.00	1	   -1.00	1	10	4658291.00	-3	0	NULL
real	DL	719	21	15	    2.00	1	   -1.00	0	9	4663294.00	15	7	NULL
real	IR	720	21	-15	    2.00	1	   -1.00	1	8	4668003.00	-15	0	NULL
real	EL	721	21	-15	   -1.00	0	    1.00	0	10	  750.29	-3	7	NULL
real	IL	722	21	-15	    1.00	0	    1.00	0	10	4680267.00	-15	0	NULL
real	BR	723	21	15	   -1.00	0	    1.00	1	11	  642.30	-15	7	NULL
real	CL	724	21	-15	    0.00	1	   -1.00	1	11	4689213.00	15	7	NULL
real	NL	725	21	15	    2.00	1	   -1.00	0	11	4694529.00	-3	0	NULL
real	LR	726	21	15	    3.00	1	   -1.00	1	12	4700605.00	15	0	NULL
real	IR	727	22	-15	    1.00	1	   -1.00	0	8	4706039.00	-15	0	NULL
real	IL	728	22	-15	    2.00	1	   -1.00	1	11	4713234.00	-15	0	NULL
real	AL	729	22	-15	    0.00	0	    1.00	1	12	  618.02	-15	7	NULL
real	DL	730	22	15	    1.00	0	    1.00	1	10	4726076.00	15	7	NULL
real	FL	731	22	-15	    0.00	1	   -1.00	1	11	  601.18	-3	5	NULL
real	NR	732	22	15	    2.00	0	    1.00	1	11	4735376.00	-3	0	NULL
real	GL	733	22	15	    1.00	0	    1.00	1	12	  929.62	-3	7	NULL
real	RL	734	22	15	    0.00	0	    1.00	1	12	  913.79	-15	5	NULL
real	EL	735	22	-15	    0.00	1	   -1.00	1	11	  504.05	-3	7	NULL
real	LL	736	22	15	    1.00	0	    1.00	1	12	4763984.00	15	0	NULL
real	BR	737	22	15	    0.00	1	   -1.00	1	12	  762.35	-15	7	NULL
real	BL	738	22	15	    2.00	1	   -1.00	1	11	  800.19	-15	7	NULL
real	CL	739	22	-15	   -1.00	1	   -1.00	0	11	4777293.00	15	7	NULL
real	NL	740	22	15	    1.00	0	    1.00	1	12	4781984.00	-3	0	NULL
real	HL	741	22	15	    1.00	1	   -1.00	0	11	  603.09	-3	5	NULL
real	ML	742	22	-15	   -2.00	0	    1.00	1	10	4789566.00	-3	0	NULL
real	ML	743	23	-15	   -1.00	1	   -1.00	1	11	4793692.00	-3	0	NULL
real	IL	744	23	-15	    1.00	1	   -1.00	0	11	4798605.00	-15	0	NULL
real	NR	745	23	15	    3.00	1	   -1.00	1	12	4804764.00	-3	0	NULL
real	FL	746	23	-15	   -1.00	1	   -1.00	0	11	 1108.56	-3	5	NULL
real	BL	747	23	15	    1.00	1	   -1.00	0	11	 1435.94	-15	7	NULL
real	DL	748	23	15	    2.00	0	    1.00	0	10	4819725.00	15	7	NULL
real	HL	749	23	15	    0.00	0	    1.00	1	12	  632.62	-3	5	NULL
real	EL	750	23	-15	   -1.00	0	    1.00	1	12	 1178.95	-3	7	NULL
real	IR	751	23	-15	    0.00	0	    1.00	1	9	4836949.00	-15	0	NULL
real	CL	752	23	-15	   -2.00	0	    1.00	1	12	4844311.00	15	7	NULL
real	IL	753	24	-15	    0.00	0	    1.00	1	12	4852482.00	-15	0	NULL
real	FL	754	24	-15	   -2.00	0	    1.00	1	12	  587.78	-3	5	NULL
real	ML	755	24	-15	   -2.00	0	    1.00	1	12	4864690.00	-3	0	NULL
real	BL	756	24	15	    0.00	0	    1.00	1	12	  697.63	-15	7	NULL
real	DL	757	24	15	    3.00	1	   -1.00	1	11	4881875.00	15	7	NULL
real	IR	758	24	-15	    1.00	0	    1.00	0	9	4888052.00	-15	0	NULL
real	DL	759	25	15	    2.00	0	    1.00	1	12	4894026.00	15	7	NULL
real	IR	760	25	-15	    2.00	1	   -1.00	1	10	4899063.00	-15	0	NULL
real	IR	761	26	-15	    1.00	0	    1.00	1	11	4907668.00	-15	0	NULL
real	IR	762	27	-15	    2.00	1	   -1.00	1	12	4913996.00	-15	0	NULL
